[ 13.09440515 -14.82107924  -2.67951026  22.02976954 -18.90454152
 -10.05949991   4.6275656   -7.08115531  19.42184978   1.12713046
  -6.41321872   1.13251042  -5.89346743][ 13.82404588 -18.09299702  -3.96998034  27.81351383 -22.02125187
  -9.46573087   7.71445325 -10.03368765  25.9678733    0.62602484
  -7.59514447   7.45587335  -0.45476336][ 14.33133762 -20.14274073  -5.59211022  27.22199842 -25.39492178
  -8.04064119  11.19515882 -13.62935243  30.5282878    3.13440048
  -3.78369377  10.84848571  -2.27903308][ 14.72505773 -21.25282675  -5.2441539   32.63288794 -22.41577904
  -7.2444258   12.64095154 -14.75652919  26.17666575  -3.83535009
  -5.5490214    6.53167625  -2.64182045][ 14.95604601 -15.1562317    2.14029679  37.916322   -13.8930053
   1.74991729  16.31103267 -12.49046689  19.61652081  -3.78132793
 -11.24130639  -0.33081344   3.36776849][ 17.26247165  -3.2411368    4.14252452  47.65636836 -10.1875255
 -14.73476618   4.17023103 -24.51665842  -1.50345992   1.23499449
 -19.24873631  -1.79109905   0.44913895][ 19.12315686   1.26756422  -6.34272735  62.25983224 -14.67392516
 -30.24110982  -2.09123181 -36.07245003  -2.79233962  -8.36853474
 -18.03822602   2.69896226   0.67152877][ 19.89663854  -2.37555606  -7.85266596  43.07714727 -15.17177943
 -23.18369877  -3.08574035 -28.76602598  -5.71693601 -11.28343306
 -24.05441094  -9.82622512  -5.04722874][ 20.3201544    3.44694732 -13.0990789   52.23186183 -24.07341916
 -30.66468089  -1.55998772 -32.55929871  -6.64989055 -18.01207694
 -21.34596797   0.25446176  -0.64143993][ 20.495736     3.27205175 -11.39977319  58.23065253 -21.93498287
 -36.06731862  -7.28266875 -31.66447536  -6.38064984 -18.76723378
 -16.03211026   5.79973382   3.35182967][ 20.75245283   4.71382169 -14.4634105   50.54541074 -20.68443371
 -39.84838694 -10.44920316 -21.18614815  -8.06940461 -10.87224992
  -5.87889498   1.11362558   3.86011269][ 20.87937995   6.45303409 -14.8061984   40.98867514 -20.74792264
 -37.73769862 -10.91771005 -14.45125143  -2.86042137 -10.42908488
  -1.39452956   7.16224053   9.11573236][ 20.8845164    9.13994622 -16.41145564  38.62626639 -18.2703302
 -39.41836243 -18.7341669  -13.49547604   3.29653892  -5.69716586
   0.95600772  11.18376799   1.66627438][ 21.10018195  10.59838938 -25.65600737  25.13926289 -22.10394773
 -39.53441758 -28.68885178 -16.3421513    2.61648811 -10.88275819
  -9.8711643    3.8187426   -4.71279173][ 20.99007219  10.46154736 -24.72924459  21.6424675  -16.26220834
 -29.7990204  -29.93367952  -9.79100681   9.0839197   -6.65560436
  -5.96623258   1.61358296  -5.5276074 ][ 21.3208763   10.89193285 -33.2598057   18.87906129 -19.88580606
 -23.98529787 -33.63301723  -9.77137937   7.60083834  -6.69315001
 -11.85868367 -11.27629414 -11.04614336][ 21.53939584   6.92664505 -29.1938675   13.0500765  -13.3448449
 -22.05432559 -28.4546945   -7.27305229  16.54916328  -1.18663691
  -5.88836838 -10.44313854  -8.66214526][ 21.75052945  10.17995576 -31.39000768  15.40337175 -11.05211537
 -18.54234287 -25.39683048  -2.60198843  12.70421897  -1.11061687
  -3.84754995 -11.21464033  -7.96356799][ 21.80774968  11.24622106 -34.04779477  14.03777488 -13.86508414
 -20.42924888 -28.5645384   -1.88323596  17.31211072   0.06043371
   1.61456556 -12.84508102  -8.67509511][ 21.46407832  10.9221279  -29.3813156   14.53164161 -10.98114265
 -19.95583649 -24.90084615  -1.8086356   16.95229328   3.44952003
   2.70107906 -11.00491359  -6.37971759][ 21.25384748  10.89016097 -32.34305465  14.67922891 -17.87350179
 -25.01986935 -31.84731904 -13.31056509   6.30171541  -4.57522467
  -4.6321979  -16.51274608 -11.88053417][ 20.23697701  10.95614893 -23.50489845  19.17614686 -11.40092358
 -17.58394435 -27.30183702 -13.28904273   7.18178182  -6.62336702
  -2.61352278 -11.23569515  -7.41025349][ 18.88276444  11.69249273 -20.361891    20.70998017 -11.76891934
 -15.32280018 -25.64032218 -20.72451778  -2.46153119 -12.27588312
  -4.21097682 -12.02570494  -6.66998435][ 16.01570654  17.24050882  -3.94734737  18.17089088   1.76521042
 -20.5809807  -16.84461975  -4.63466077  11.43466661   4.50789253
  -3.1948498  -10.0637731  -17.68235339][ 15.46370925  14.24853971  -2.59056607  19.43012359   5.46196145
 -20.90932352 -11.8408857   -5.84927497   0.09968858   6.08750406
  -3.09263985 -13.9552217  -22.63860497][ 15.21426262  15.24295247  -0.44677014  17.7825161    5.1026958
 -23.53200633 -11.060467    -4.40089667  -1.87254906   8.61142397
  -3.13822044 -22.89396359 -18.34067161][ 14.92820476  14.46565912   1.61823781  15.26884051   5.55167415
 -13.84312344  -5.49419991  -2.9623846   -2.24117445   8.11531807
  -6.29752049 -23.86999097  -9.48277842][ 18.15410323  -8.32905411 -13.54189324   9.60383126 -18.93328861
  24.50724859 -19.54243694   5.89127115  -9.39859666  -1.32553322
  -3.86632678 -10.43266873  -1.30302747][ 18.8958469   -3.11352375  -5.55375904  12.14777732 -18.33150526
   8.99185098 -29.78533577  -2.4784353   -9.88088964  12.97788238
   8.33699381  -1.96454729   6.86338396][ 20.46936106  -1.6908199  -13.03380673  18.35127412 -15.84361726
 -13.80183768 -30.70990804 -15.2100756  -13.45356022  17.55855978
   0.24390343 -16.28318974  -4.73360918][ 20.77912937   4.50559575 -21.48312908  22.46741739 -18.5432577
 -20.17617558 -23.34943067 -22.48466577  -2.1584763   21.11381872
   2.09685982 -10.96153848 -13.97725089][ 20.94084633   2.915372   -20.39065854  10.15555163 -17.18311046
 -27.25147707 -17.43949402 -24.950446     0.08105255   6.60671463
  -0.34054411 -16.19530716 -16.82034249][ 20.85604235   9.54293427 -22.56761114  11.40200955 -16.32548317
 -22.65147106 -11.84748867 -16.59547391  12.1215174   12.78547851
   3.99641925 -12.56542521 -23.34465921][ 20.45599352   8.45744173 -21.84094039   3.65023892 -18.57141264
 -21.76549923 -14.30147801 -19.00418112  14.43123853   4.21681691
  -3.37757932 -22.48387348 -30.26151423][ 20.32998721   8.81489478 -20.47124072  -1.26841746 -18.8602385
 -16.87224236 -14.7477067  -26.0286587   13.39529226  -0.78714439
 -10.88931155 -19.61715037 -32.3856168 ][ 20.00210018   7.90573608 -14.86162721  -1.39957178 -14.8193207
  -5.64147121  -9.31109062 -23.93076759  17.68656906  10.26813228
 -13.72298269 -16.6729495  -29.24437113][ 19.59466855   8.34866755 -15.52026561  -2.06502507 -18.32779545
 -11.01801785 -16.45693601 -32.06593045   7.40152367   3.78840554
 -20.96059119 -18.16675559 -35.75743762][ 19.15036855  12.31713213  -9.7953219   -0.78198873 -12.14274869
  -3.76397863 -14.09533722 -24.58449123  12.31578106   6.32301382
 -11.09493885  -6.44111323 -28.52285192][ 18.31330796  13.08237279  -7.20927386   1.3809421   -3.38456815
  -4.18484993 -24.32631207 -15.20747171  -4.27682528  -9.60115138
  -3.14027921 -20.6470282  -22.06034083][ 17.90979469  13.11833865  -5.30909676   9.9362714    7.23577537
 -11.74863803 -20.43310648 -17.58361496 -19.09141939 -21.27357658
  -5.61610983 -26.35187934  -7.52824984][ 17.95889903  14.39800793  -0.90391191  17.45236328   7.28421368
 -17.19557571  -9.69073977 -14.02383942 -14.14837471 -23.01584421
   3.8675055  -15.9040899   -5.32245992][ 18.00933418  12.6074429   -2.17511596  19.43073064   9.13018668
 -13.75428479  -9.77615858 -17.82353584 -17.74730037 -17.21371475
   1.09049903 -15.03707403  -0.71532573][ 17.68090164  11.86979124  -2.86304074  16.97394933   8.43240398
  -7.09988354 -16.77764216 -18.6077887  -19.2284006  -15.70765164
   1.34375061 -18.78339008   0.23052844][ 17.84151766  10.61574872  -2.78281963   6.91739212  -1.40912523
   5.908015   -22.67331168 -20.77153883  -0.18626488 -14.37377497
   2.63598845 -25.15284625 -11.14134151][ 18.1318264   12.35239002  -3.94481409  -2.60783891  -7.38385037
  11.16200737 -23.11680577 -23.8126109    9.96703108  -7.96524648
  -3.42411228 -15.91330291 -15.72594773][ 17.86188048  15.26185875  -2.14301111  -5.89119225  -7.33489721
  10.45868787 -15.46908148 -30.31202186  15.31563891   1.61972245
 -13.51013262  -4.96292611 -18.82428902][ 17.41326374  16.10964608  -0.29052734  -5.35523048  -5.844816
   3.96148117  -6.22870521 -32.11023899  11.40887063   2.12859692
 -21.44513874   0.84485242 -20.79392373][ 16.78291846  13.73999156   5.44954763  -0.98061902  -4.41990523
   3.85993823  -3.24613331 -18.42943173   9.74208413  -2.04653455
 -17.90349787   3.63892175 -20.17762938][ 15.63306517   8.68431286  12.75598656   4.96713535  -4.71620264
  11.32627245 -20.48014322 -20.56657559  20.40839665   4.07895873
  -7.99269128  -7.4398668  -19.65554204][ 14.43651963   1.1962437    7.94529213   8.45919017  -2.06479647
  25.73137844 -12.29401393 -10.65069642  12.83958443   4.80465693
   6.1910281  -10.7274819  -18.412919  ][ 13.65609939  -5.53738126   1.09131974   7.40933171  -1.53730727
  23.29765906 -10.30226172   0.67209061  19.64956129  13.8237618
  10.14907534 -13.92792652 -22.70637707]