[ 14.20672427  -3.08042718 -16.70499909  13.18275992   5.28739957
   5.79569995 -13.84555927 -19.02093929   2.82627446  12.55760413
   7.68154635   0.3085287   -0.52577984][ 17.55175257 -16.03382919 -20.10193776  34.68795079   7.79254401
  -5.74527561 -10.94399306   5.85987691  -9.60794501  -4.11234371
  13.40430103  -1.62719806  -4.18650831][ 17.91804561 -11.52611161  -8.68580443  49.83339201   9.55558149
  -8.4729329  -21.57296147  -6.74436682 -20.51148012  -6.15618775
   6.74778658 -12.50964278 -15.88751029][ 18.70347175   0.09163707  -3.30899607  35.67113527  -7.65819401
 -29.69190582 -13.09449795 -15.26482126 -20.00233798 -12.17745634
  -2.35252795  -8.75378476   1.61470222][ 19.39131752   2.82879202  -6.13136205  40.24296351  -3.33495624
 -33.11259838 -11.75451112 -20.1653961  -13.34019531  -9.02192201
  -3.83166322   1.7781719    6.07010624][ 20.67397863   3.05024943 -19.99435588  40.3042545   -9.45727431
 -46.28778101 -10.31004836 -28.56330384 -10.56430961  -6.21605595
 -14.76111962  -0.09141678  -5.87367113][ 21.15948203   0.04522054 -17.17006126  33.71826822  -7.84178056
 -40.18692541  -5.1517498  -13.37743192  -8.33448031   3.88605547
  -6.30771486   4.14229334   5.86098277][ 21.75579128   4.8778361  -26.74334352  40.48289391  -8.16972821
 -52.08907836  -0.74290114 -24.8791146    3.10388737   4.26936284
  -6.38196034  10.96217826  -2.22132951][ 21.81094565   2.07594089 -24.26914059  32.19150865 -13.69950615
 -44.20670162 -10.49778634 -13.33491596   1.80147978   1.37020135
 -10.17379361   4.78428813  -1.61889736][ 21.87545326   2.33831769 -26.03067477  32.54018012 -15.64691097
 -54.22552717 -10.33033087 -22.44489442   6.98210651  -1.32573483
  -3.21802953   4.11150217  -3.75548077][ 21.85445938   1.5212452  -21.73069559  30.35407459 -15.69046077
 -54.49426479  -6.56331628 -20.96218324   6.47432682  -4.84832568
 -10.76778028   0.06841956 -11.99408784][ 21.89044689   1.51785171 -20.85070894  30.71519846 -15.01415895
 -54.63864249   4.61804109 -20.39970813  10.48955036  -2.41837183
  -5.93579093  11.00114774 -11.00037337][ 2.18539646e+01 -1.97380217e+00 -1.39914890e+01  3.64878888e+01
 -1.58906359e+01 -5.00727173e+01 -2.55549403e-02 -1.33978701e+01
  3.98302984e+00  3.10204705e+00 -1.38499447e+01  7.35159851e+00
 -1.00059444e+01][ 21.7797004   -1.0323639  -13.34703894  40.04313065 -15.52192966
 -47.70535749  10.38038849 -16.48069987   7.15321396  -0.81362145
 -14.53006938  13.12211195 -13.37767048][ 21.26120248  -1.83215808 -10.01573343  40.02674224 -20.57441384
 -42.23991605  10.69212356 -19.24029989  -4.0599203   -6.7713395
 -25.23771646  15.04047648 -19.40208687][ 20.7140891   -4.14014098  -3.96429244  38.04961238 -16.42796254
 -31.81503193  13.53991118 -16.80928513  -3.17171425  -7.13790153
 -18.80947345  10.0573745   -9.3540638 ][ 19.03978962   4.47810328  -8.68931723  33.27995679 -10.68745115
 -16.41525226   6.39775315 -25.04059971  -5.08490608 -13.04990813
 -25.44275717  14.26099113 -14.98292491][ 18.03425231   9.18514603  -4.57888494  21.99490707   1.5561472
  -4.35218106  -4.89875106 -22.40556221  -0.73344325 -17.74459394
 -19.01721102   8.49767043  -1.07987822][ 17.71537715  11.53008216  -3.15569     14.72497829   5.563464
  -6.64524773  -9.05906141 -18.0823197   -9.49095551 -17.06127412
 -18.53456881   1.74710855   6.47727328][ 17.72246112  12.70488245  -3.26384956  10.23661814   2.53079485
  -7.64785502 -14.75207231 -14.18538397 -10.61405723 -23.07513245
 -21.60441573   1.68393623   5.1838236 ][ 17.28502887  12.7899445    0.42355754  12.47404652   5.01352777
  -9.04514375 -13.46956718 -12.22711403 -11.55338606 -21.7087753
 -23.13292132   6.15646818   6.32533868][ 17.0707621   14.23584717   1.76436499  12.32767024   4.75068336
 -13.87776186 -11.05201273  -8.73672819 -15.21419031 -19.70991411
 -21.65338351   5.49403176   3.03913689][ 16.73004421  13.21988488   7.92139783  15.2018908    7.186487
 -11.55082357  -6.59577351  -5.44042624 -16.98799443 -13.90705949
  -5.70765654   6.836628     2.15704398][ 16.03452777  12.03584496  11.13249237  20.58993843   5.36271331
  -3.85472387   1.10122795  -0.57316268 -20.51131842 -15.92661541
 -17.88007312   3.91493993   8.90341169][ 15.53986575   8.75138467  13.65828448  18.69022114   3.60690347
  -1.16521649  -0.64082443   0.5710005  -18.66593013 -15.35744422
 -16.31712871  -7.40002836   2.03168305][ 14.97819673   1.32299352  13.85437421  18.59801669   8.80789166
  -2.13271016   2.5089553    7.76420164 -12.52568891 -16.71293484
 -18.84833684 -16.61636168  -4.73501527][ 14.29398676  -2.41160213  10.88818125  13.40663417  10.27023218
  -2.85338494  -1.55985425   4.87600729  -8.58592628 -10.33301635
 -10.59511513 -18.51231832  -5.83577218][ 13.4002196   -7.14492535   0.66681521   4.95726727   8.47735179
  -4.8580212   -0.73810908   1.42352046 -14.91561129 -16.53877805
 -17.42266601 -13.51447025  -0.46148554][ 1.26198056e+01 -3.83987182e+00  2.64402566e-02  3.25439043e+00
  6.36835115e-01 -1.08726152e+01 -1.97602735e+00 -6.62088870e+00
 -9.12287758e+00 -1.79076607e+01 -2.88905370e+01 -1.22021456e+01
 -5.13914490e+00][ 11.57253245  -6.41873823  -0.82334592  13.77770719  -3.23033319
 -14.53796358   4.50390055  -1.40675896  -6.54808384   0.04780694
  -8.38009242   1.04055866   2.38495729][ 11.48401025  -5.64571701   1.87208765  16.29074012  -8.91730766
 -11.21403784   2.92971653  -7.25040511 -10.81142996   1.56746636
  -2.43395996   0.04155297   1.21796427][11.18059429 -6.57533322  4.37316411 16.50451205 -5.83775351 -9.66262569
 -1.55514501 -5.82708432 -4.09872091  1.45147382  1.00288005 -2.09429806
 -1.8441506 ][ 16.56112502 -25.17309842 -20.97875236  11.21013957 -31.78702145
  16.58722872  -3.24449286 -16.11595672   8.78351503  -8.06113066
  -9.07724241   3.21156227  -3.92629306][ 17.7693163  -21.97690956 -17.07838579  13.36614983 -40.40369447
  16.64505889  -4.86876928 -21.29341139   4.00219528  -3.70562928
  -3.93558453   5.48110272  -1.00936571][ 19.11242187 -32.80630481 -14.10747058  16.58602541 -39.01193172
   7.02837795   0.13140065 -14.50291444  -7.00467442   2.82885395
  -5.90299653   4.68889431  -3.49579039][ 20.090731   -38.81034876  -0.52331087  33.66133159 -32.11091199
   1.66143494   6.7318185   -7.88189923 -11.71013406  -3.23264242
   0.62715147  -0.44251214  -2.63007193][ 20.74554971 -44.89039956  -4.43324013  34.46416421 -31.16745874
  -7.40310721   8.35239614  -7.21558669 -11.47210035   1.15647504
  -0.84725055  -0.1214677   -7.47402476][ 20.75001908 -39.73239924  -6.7967832   30.46110535 -26.341957
  -2.12171599  13.42578898   0.54568284  -7.65154303   9.30432015
   2.29668448  -0.27130124  -7.2056691 ][ 20.51827693 -41.28003802  -8.75059056  37.78315363 -24.25008052
  -8.56237536  11.65415519   6.2344579  -13.89392424   5.96278708
   3.44120166   0.72483408  -5.03787159][ 19.50954047 -35.92171967 -11.51394889  32.43488652 -18.74276548
 -14.02932019   8.67213322   9.09686878 -13.35983125   4.56811071
   7.52139186   5.02084125  -5.89022829][ 18.80148769 -30.00014391 -12.18922283  29.22409167 -14.47084469
 -13.54044675  -2.88631556   8.93611129 -10.06329778  -4.07289351
   4.43110495   1.68611521  -3.90335291][ 18.30771565 -30.15199367 -15.29273698  29.78915953 -14.0695103
 -20.25459126 -13.5118181   10.83541086 -13.2736302  -11.73210325
   1.38348179   1.1705652   -1.08391615][ 17.62729959 -27.22891856 -14.25873943  27.66131433 -11.64892112
 -19.25066405 -14.35897285  15.41611663   1.31587834  -2.80630736
   5.41554699  13.36223742  -2.30756341][ 16.78143128 -19.82778912 -15.13111379  20.75259805  -9.81996884
 -11.61280698 -13.90872007  17.73398441   1.81167987  -2.68865184
   2.44915154   3.08917822  -1.44287014][16.23521767 -7.69620853 -2.47868199 34.26815395 13.90482524  3.47961081
 -4.22702006 31.08222166 15.45726983  5.0251113   0.44846181 10.6275449
  0.45237078][16.25367287  1.21437216  0.97368295 27.65454787 15.20322842  5.86052693
 -8.8964051  23.73594091 19.88502646  5.24658889 -5.38337094  1.5451639
  7.97763924][16.40176212  2.10644079  3.99669467 27.23187783 18.51398372 14.67172045
 -7.95864273 17.28971062 15.77837166  9.60585287 -5.16486598 -0.61696326
 11.70226876][16.02321116  1.91573865  5.91080553 22.79736221  9.15187028 12.0989021
  0.63910174 13.34204315  1.81060081  8.80949015 13.1760271   0.95213796
  4.4640112 ][14.4257826  -5.96592037 10.55987578 21.98834633  3.7117733   9.67544477
 10.24918548 18.63598424 -4.40214413  1.41864655 17.40385378  2.94756383
 -1.35262919][ 14.34931647 -12.83649982   9.05764252  23.66772081  10.3086531
  13.79732673  14.24639126  21.1124889   -0.8821373   -0.71745404
  15.43550963   1.80430824  -3.85497563][ 13.80617202 -14.37134155   7.32630666  15.08204225   5.53355863
  14.33829266   6.05014541  14.21430415  -1.13706284  -5.30373543
  10.11158711  -2.79139156   2.64731332][ 13.4696466  -14.77671059   5.76793832  10.91883468   3.1966486
  11.63019821   2.01127904  12.99731795  -2.18883643  -4.27060304
   8.42878597  -6.73813173   1.02257734][11.7186545  -9.2201349  -0.19443212 -2.47969311 -0.12788694 -0.82417987
  0.09532245 -0.83602832 -0.7670732  -1.4063712  -0.86140406 -1.18196425
 -1.11516802]