[ 16.85742655   4.62314955 -26.73847178  -0.22396091 -38.69178245
 -34.23220165  16.10956412   1.42879704 -12.90450761  -3.10283108
   0.12365223   9.64154752  -6.75793302][ 17.70179657   8.58074553 -19.24812589  12.39636992 -44.50567968
 -23.56017715  18.81277897   4.94280535 -14.73990372 -19.78849699
  -6.35905667 -13.04848998 -19.67044992][ 19.10806296  13.64643755  -9.9844424   16.38626081 -53.56894722
 -29.1968111   31.99602842  21.08271177  -2.87055104 -10.06391573
   5.24879859 -12.23168272 -14.46737399][ 19.99529328  10.85429128 -11.95806527   9.04977725 -52.09680139
 -40.32778223  23.4614638    4.84338105  -8.31981347  -7.22932638
  -3.52402527 -14.1359859  -25.75460736][ 20.28028575  11.87721253 -18.91120625  13.05575036 -47.59937407
 -33.94582515  15.72660575  -1.33337378   0.81361336  -2.40093477
  -7.37800487 -17.02167859 -24.29474366][ 20.31775457  11.8873084  -10.94495548  12.23247389 -55.73864354
 -35.24602062  23.843432     9.07532966  -2.35255154  -2.72517021
  -0.41058121  -5.43860881 -16.78902364][ 20.35007007  12.77281308  -6.78438767   2.94526012 -45.72603486
 -27.17470491  23.06769993   9.46759129  -0.61223656   2.69305568
   2.66929098  -9.84652247  -7.42966319][ 20.69872391  16.50717371 -12.26173509   3.00707084 -55.89204774
 -34.48330598  15.81239866   6.96288464  -3.21523249  -7.57427813
  -0.53415143 -10.24961754 -14.06489326][ 20.47026676  18.52157389 -11.95640171  -0.39669466 -41.28649954
 -26.64229002  14.47207464   6.51598526   2.68878497  -6.89500152
   0.67704179  -4.46220588  -9.87489085][ 2.06712521e+01  1.34787576e+01 -1.21600990e+01  1.05274536e+00
 -4.96353842e+01 -3.85793342e+01  1.82299225e+01 -4.28117933e+00
 -3.59982872e-03 -1.81255911e+01 -8.68930939e+00 -8.33990984e-01
 -1.81863363e+01][ 20.7018193   12.40200567 -11.4980155    5.84066016 -43.23625608
 -28.7103549   18.66579707  -3.66667985   3.92564606 -15.92137376
  -8.08076416   6.82779406 -12.2255074 ][ 20.97208057   6.36277018 -16.43251507   4.10873583 -52.82491567
 -30.03420231   4.96655949  -9.08026798  -3.60374798 -30.27457092
 -12.54849806   0.60242933 -15.89290757][ 20.85994021   8.84151612 -21.88366522   6.16660455 -48.70652502
 -14.85911208   4.29261575  -9.46035994  -4.0883157  -27.04604599
  -7.77264928  11.26624469 -15.49211449][ 20.21306238  10.11520309 -20.32980516   7.5043812  -49.10862652
 -10.32808215   5.34627001 -10.55632241 -10.03499107 -32.60478563
  -4.34731343  13.30013887 -20.96415137][ 19.35558422  10.72088584 -13.10457628   7.20732916 -36.86175158
   4.96598918  11.31177534  -0.70257049  -3.86760538 -23.70440499
   7.21220393  21.73275651 -16.24629214][ 17.72264401   3.13762867 -11.04398739   6.4119725  -19.11544589
  18.87089564  -9.89036671  -9.22773245  -7.10720833 -19.26380943
  -2.83029358   4.42280319 -21.5650808 ][ 17.70626744  -5.23157479  -5.34187937  13.8087277   -5.8595845
  14.76191942 -11.76327651  -8.7332149    1.06504082   7.78133429
  -7.73875813   1.72866509 -13.32235876][ 18.52007925 -14.38500858  -5.30273738  17.36478672  -3.42211715
  13.4673339  -10.54109931   3.50277171  11.25566355  15.64291247
 -10.15575778   4.270412   -10.1468473 ][ 19.83570573 -21.66135373  -2.50948295  29.95587542   4.17400043
   9.23431549   2.78516206  16.09142245   1.86425298  18.57392913
   7.12479258   2.78777115  -4.65159208][ 20.86673037 -28.24100027  -1.31559369  43.46158866  14.79048436
  -3.13298259   0.67498656  25.05686013   9.62988365  16.24635515
   7.94966453   7.18019152  -7.40562266][ 21.46061178 -30.86667529  -4.08632809  38.96065351   9.45251701
  -7.87319105   7.61572461  32.63515831   2.33891569   7.50732711
   2.3581981   12.64522375  -0.21613648][ 21.87523889 -32.53648556  -5.97807865  38.87151881   9.37438658
  -3.73299407   8.91161444  29.98413854  -2.44677615   5.37026292
   4.21926153   9.34887962  -6.3064223 ][ 22.05519153 -36.75501109  -5.17247695  39.17112251   2.75642714
 -10.18716736   7.28591988  24.14045429  -6.94009843   8.85882468
  13.34978789   8.26121793  -0.05892677][ 21.87926292 -30.83169099  -4.27577689  33.45766095  -0.99231829
  -7.64642049  15.07395942  19.98633665  -6.85958205   8.19453875
  10.85232362   3.96050143  -1.10741361][ 21.74066883 -32.84151338  -4.81174329  38.51569962   6.76749587
  -4.6102298   15.87493688  17.39603582  -4.66646062   8.41359966
  10.60075158   1.75399396  -1.64785929][ 21.63142596 -29.89316635  -5.91743724  33.62518911  -1.01305789
  -9.80323238  16.66057706  17.3361287   -3.99148028   9.8004702
  11.36807075   2.50073694   4.38877358][ 21.63458917 -30.30810361 -10.06626718  30.21645057  -1.45578924
 -12.27477616  14.79825266  16.09029583 -12.62679932  11.93610973
   7.45177228  -0.40994467  -0.2594341 ][ 21.35124891 -35.6995504   -6.00238687  43.48830098   5.31617058
  -8.93752133  18.26790369  20.58195051  -8.02005592  14.43136275
   8.51378816  -1.63432454   3.9170788 ][ 20.70428362 -32.65754502  -9.26592943  30.94995701  -6.8856335
 -10.1819663   11.5787723   11.82184084  -9.3773881    7.43494018
  -0.13739036  -6.09765013   4.99575473][ 20.21851945 -41.14059155 -13.33667572  35.99681438  -5.91422882
 -10.53363276  13.69818749  13.10814947  -3.54608988   7.93761044
   3.83579157  -3.78715561  -0.38610432][ 19.5767008  -28.92923371 -10.92447078  33.11335133  -8.01531882
  -9.26014309  14.14002379   5.78230816 -10.17725573   8.5371276
   6.88655007  -5.48123235  -3.89430808][ 18.78047814  -7.50127705  -3.43650527  28.44760741 -15.78170399
 -27.30510949 -19.16020721 -18.77290063 -22.86629381  -5.40309058
 -10.29747215  -7.16720718  -9.92138913][ 19.95915372  -0.92515593 -16.74285577  44.05496932  -8.04854848
 -40.07912168 -20.9396026  -27.75868683  -9.48449593  -8.37862964
 -14.02612888   8.09372561  -1.61875574][ 20.77052899   0.37730609 -23.11980939  41.02686766  -7.41236302
 -48.57960044 -15.94928707 -30.16330362  -5.67338432  -8.34616292
 -14.99684856   7.40697046  -4.3622913 ][ 20.89215742  -1.60857386 -22.83020071  30.96341253 -10.72011387
 -45.59775238 -21.77913382 -24.90584778  -9.58602704  -6.16721241
 -11.18514452   7.56779836   0.97442389][ 21.17105995   3.82182251 -27.08521099  33.47682648  -7.65119222
 -47.77599731 -12.11371296 -24.64774      4.57215668   2.3147332
 -12.78292732   7.31203308  -5.69938542][ 21.18705775  -1.20333002 -23.05292156  23.39556633  -8.57734346
 -40.96832413 -16.89692125 -18.23072357   3.16467764   6.0733439
 -10.70765165   1.18432456  -2.18352809][ 20.80942836   2.42656849 -26.40953362  26.45404478  -5.21090245
 -39.74433732  -8.16191804 -14.39546201  13.91461345   9.29883373
 -14.93335313  -2.02159013 -11.56573145][ 20.82648507   3.02376822 -30.99994882  18.31979635  -9.47593893
 -44.50100559  -6.58491329 -25.44635679  15.57609364   6.95064259
 -25.73376299  -4.55473333 -27.2041462 ][ 20.47248905   0.85816208 -24.71849426  12.9592413   -9.64828277
 -33.92775642 -10.12185198 -17.9840664   12.53614411  11.37608194
 -24.16742419 -14.21764608 -24.07847855][ 20.35607221   3.81272144 -25.56568158  14.45248087 -11.74742316
 -28.98015717  -0.13130244 -22.18962075   9.11313039  10.09220773
 -22.85035156  -9.07165473 -23.2249655 ][ 20.13862241   5.28764143 -22.30813619  14.47665851  -7.03962822
 -28.00509419   4.44145186 -21.59469925  13.23589866  20.01273546
 -20.43044763  -7.19779459 -25.52976447][ 19.54882049   7.11570913 -22.80438859   9.82070863  -7.12060444
 -35.90685062   5.16522219 -30.5367721    6.33167618  16.8715471
 -29.35418918  -9.72384754 -37.441607  ][ 19.42697629   7.51730703 -24.33824616   9.32837386  -5.27296057
 -35.31687003   2.97129881 -38.59965015  -0.68110281  14.34840644
 -28.86396095  -7.71319605 -36.60812663][ 18.41488945  12.68776441 -18.20963643   5.09468007   1.71261027
 -21.70709355  -4.64122193 -28.34530821  -4.05730454  15.14821684
 -16.70663403 -11.07732094 -27.86160042][ 17.81155284  15.54619878 -14.84824724   7.23538322   1.75403691
  -9.76409073 -10.47515605 -24.82596812  -5.24699322   3.14762824
 -11.73487275  -0.98730978 -25.63011377][ 17.57862532  11.85487201 -15.03274619  15.50929728   6.03464527
  -9.53206463 -11.35108294 -24.00384803 -12.99459842 -15.95799308
 -14.34985998   8.06435743 -24.68678416][ 17.32234291   8.72299968 -11.87203306  21.82817609  16.7366711
 -10.13232102 -15.76267574 -29.29114533 -20.8897865  -30.74758279
  -8.97435507  13.91159969 -26.97526221][ 17.5166106    8.77811495 -12.31700407  19.3057051   13.63154714
 -13.14664127 -16.51738243 -26.14741901 -20.44510831 -25.92845917
  -8.26545504  11.6119664  -28.24848887][ 17.46470819   7.90043653 -10.88005204  20.98948678   9.79457625
  -6.87084728 -15.98526967 -21.90598402 -21.22357696 -23.99984182
  -4.32432695  11.5427028  -27.67237602][ 17.22742402   6.63404231 -10.9006618   22.72735345   9.60473368
  -3.30467278 -17.1071521  -24.35478657 -25.50100831 -27.20272345
  -7.47781952  13.71218684 -31.76499686][ 17.16365537   8.63638246  -9.84355463  22.71492212  10.41397521
  -1.7033794  -16.70716501 -26.71344589 -24.7580092  -24.98681178
  -5.83805517  13.93675614 -29.45270121][ 16.66516915  11.88500675  -8.82620671  18.42585235  10.18402686
  -2.32328489 -15.01171668 -23.94953624 -22.79963171 -29.48116048
  -1.51926226  12.0752699  -29.01768962][ 16.42808694  11.41016861  -3.45456204  18.08379537  13.78086119
   6.60192792 -16.46966361 -25.06791283 -25.00650035 -34.08703359
   1.56589994  14.26005173 -26.03451544][ 16.24434369  12.66538605  -1.72960961  17.92177624   8.90841286
   7.84841627 -14.43721493 -29.96155699 -20.18137867 -27.42621438
   4.68385975  11.02082372 -29.56412487][ 15.64873748  11.47043229   5.51878442  18.72301346   1.99173032
  18.00563031  -6.91763268 -37.47127648 -17.14477258 -21.7773066
   1.52305454   3.42883007 -30.20285155][ 15.1149294    8.88834068   8.80997487  18.63221818   6.43385185
   9.94810775 -16.93640273 -32.74805124 -16.57162712 -26.85000368
  -3.08015698  -2.22319674 -34.89106609][ 14.35866851   6.54392693  15.96438926  26.01439248   7.76933452
   8.82664336 -15.50789708 -15.64615768  -1.8726641  -15.79585904
  -3.79376189  -1.07706192 -27.33388454][ 12.84510048   3.89507942  11.20660462  20.38536425  -0.9206031
   3.43254284  -6.94818523  -5.8486336   -3.00381136 -10.86964992
   6.37691841  -6.12184955 -14.22609897]