[ 11.18038243 -11.09636768   5.39855057   2.32967994  -5.9666648
  -1.21042424  -0.31093898   2.28259897   5.03446356   5.15701228
   8.56782622  -0.99697378 -11.41507593][ 18.49047666 -23.07262212 -22.00575484   7.32176536 -27.53279056
  14.6314191  -24.39567865  12.01634427  -0.74727539  -2.16165598
 -16.72954628   5.74737538   4.79205246][ 19.27879678 -27.31057447  -9.83094737  -2.56045375 -23.52755386
  -2.70891753 -19.06392769   4.42940179   6.7514281    2.09356396
   0.75441411  16.51109221   7.57447252][ 19.78473639 -31.54897846   1.79848563  -4.74893644 -26.50946194
  -3.13742313 -15.93871266   3.93412736  -4.25477165  12.57032459
   9.39376107  11.91513324   1.81943565][ 20.91368575 -38.34035121   5.22635486   4.51553889 -24.47628464
   2.33585047 -17.43257864  -2.05832466  -4.4568194    7.76445958
  14.64438      5.05166754  -6.9125945 ][ 21.51920212 -37.64406319   6.61374158   6.33706911 -18.40889614
   9.49153252  -1.25101656  -5.57636937  -2.21877277   1.81271559
   1.53315329   5.15349521  -4.45995039][ 21.86254693 -40.90853966   2.73715583   8.6015321  -24.22798816
   3.38976679   4.4366847   -9.60140874   2.36839934   6.08708337
   1.01935511   7.1197604   -8.84809335][ 21.791625   -41.74992981   1.51703028  14.92031151 -22.15462109
  -0.33442191   7.00237909  -9.27153876   3.66656053   7.64230908
  -1.73535973   5.09320828  -9.27421461][ 21.8659504  -38.53191817  -0.30047689  18.57077075 -20.92885094
  -1.65418548   5.59044828  -5.6651552   -3.19145296   9.62121029
  -3.52213317   2.05810782  -7.79183362][ 21.96194912 -41.11839975  -0.21948119  19.93257167 -16.35486756
  -2.51885622   3.85832665  -2.27459089  -9.07751038   9.64963352
  -7.26165309  -5.79452116  -6.53432943][ 21.99687577 -40.11857902   0.48398938  20.04847365 -18.16648387
  -4.01437704   6.60701151  -3.72272254 -13.19834454  11.01268676
  -7.25041654  -3.64127596  -4.56282882][ 21.91338697 -38.8835777   -2.44964302  22.85542789 -16.11792693
  -7.09039069   9.42288259   2.18280191 -17.07209711  10.11839427
  -5.37152255  -0.54326824  -3.90822808][ 21.58784944 -55.85150437 -14.97505009  22.81662428  -9.39444984
  -9.0890882    9.60647631   1.93268209 -18.62369427  13.17717411
   0.45436912   1.27483708  -1.25779066][ 21.43511702 -46.19317838  -6.21920493  28.13759325  -9.334623
 -11.98864648   7.32262833   2.62439664 -12.9127464    6.79005618
   0.51347147  -1.71782602  -7.86257539][ 21.14096719 -37.25747679  -3.92579879  23.13846652 -10.42200034
  -6.7346221    8.48518152   5.2152778   -9.81191524   2.50788636
  -0.11421405   1.91275135 -11.15211702][ 2.08144137e+01 -4.98442202e+01 -1.49117868e+01  2.46155681e+01
 -9.29988737e+00 -6.56735108e+00  9.80109981e+00  6.02294465e+00
 -6.84546849e+00  6.72657862e+00  1.38623938e+00  3.89552647e-02
 -9.57549446e+00][ 20.45240582 -38.55627462 -10.3165809   25.44492193 -10.07288575
 -11.46960354   7.13803441   2.90065775  -9.60319792   5.71324509
  -0.46338368  -1.52428643  -5.74015475][ 20.19649857 -23.44952393   4.07686336  38.79391132  -9.15408453
 -17.8109603   -3.59074602  -9.85074223 -19.34417226   9.59603012
  -6.6200206  -12.54213222 -10.35351247][ 20.35779241  -1.43444836 -12.4250965   19.61521439  -5.51761615
 -24.69502106  -5.90425655 -13.26393769 -14.18340618  12.69665852
  -7.28567333  -1.95663294  -6.95413264][ 20.9177117    7.40836905 -28.16812224  18.97810254 -12.22634623
 -37.58409062 -14.21621939 -31.08153579 -16.01692556  13.32705253
  -0.99444206  -7.50598583 -10.37756984][ 21.54609376  12.70035091 -37.95950782  21.09566076 -21.17543219
 -38.90933048 -17.35065257 -35.50121124 -13.33520712   6.9566888
  -3.90364672 -10.40317235 -16.66966105][ 21.6653441   14.03847887 -33.22833966  23.75328024 -13.88131078
 -35.82810859 -10.96708193 -29.88409359   2.98665824  18.89917167
   6.60211605  -0.36587738  -6.57186182][ 21.53741018  15.00853851 -29.66310777  24.25936108  -9.60534653
 -30.55096592  -8.60760303 -22.8886493    3.84410051  15.11311144
   4.02669435   0.92752584  -5.61438673][ 21.52761855  16.15722315 -32.93785124  24.69405026 -10.84971005
 -34.83390677  -7.12637842 -29.18472793   6.58256739  15.39598413
   2.48193669   2.93754265 -10.91285892][ 21.48561901  12.01221653 -32.8020531   21.6527002  -16.39292912
 -23.46285221 -11.80285692 -19.03815541  -2.953995    12.11245569
   1.75888755   3.79590552  -3.70543237][ 21.58603893  11.30079994 -33.21431955  22.30840144 -13.09026552
 -38.66621274  -9.23602213 -32.43049537   4.08112341  12.39957749
  -2.49367604   5.3266065  -15.55393658][ 21.29961925   7.89034894 -26.12761873  19.41130465 -10.09490092
 -35.88988828  -9.37595579 -26.99931186   4.10488867  13.67629836
  -2.98884625   2.80985219 -14.13182661][ 21.25153334   7.27486475 -30.44121096  19.37788745 -13.2309903
 -40.82199172 -10.63053884 -37.32984238   5.09375703  10.05683854
  -9.17957149   2.02855518 -25.9471711 ][ 20.66996212   9.20606547 -25.94634334  24.93539107  -9.67826574
 -28.89548206  -1.05764426 -26.50460142  16.83569444  15.42204584
  -9.74793695  -3.32338137 -23.81821216][ 20.60004911   6.2519507  -30.87580118  22.07158506 -11.62748681
 -29.37626346  -0.99387069 -30.60339583  13.2695072    5.86729424
 -15.01236256  -9.17270007 -23.25153238][ 19.83549662   2.75612445 -25.61634478  19.75948897  -8.83439594
 -25.1992296   -2.935631   -23.21947936  11.04925587   6.30589715
 -18.30122884 -15.84731988 -23.85606517][ 18.55570101   3.75438114 -19.20443312  17.16828418 -12.29974227
 -19.75168793  -3.44611684 -24.01817246  18.94565199  -0.90828767
 -23.80341683 -19.96130441 -28.07396619][ 17.40540761  -1.09427847  -4.67990118  16.85128086 -10.00091941
  -8.32649793  -5.05639785 -12.27959734  22.72934185  -4.56961313
 -14.26813937 -27.91159656 -25.85351244][ 17.13353331  -4.42689658  -2.62606438  23.2028369   -7.09767219
  -2.1920556   -1.99069272  -9.5662553   23.69673311  -2.54433877
 -11.30739692 -26.46530839 -24.09791464][ 16.72420149  -5.55680734  -4.69886735  26.40537293  -8.97577127
  -3.19167624  -5.61992125 -10.27356289  24.0504748    6.76271335
 -15.60808007 -24.75498743 -11.92000587][ 16.41883263  -7.56363024  -9.37858271  24.04132311  -8.3848615
   0.61091057  -4.22085537  -7.22837742  22.1720744    9.20076399
  -0.79018357 -14.64379243  -5.65154648][ 15.7647294   -8.43835809 -10.34511253  14.70984128 -12.26069955
   1.41985017 -10.86805685  -9.13396656  29.97639069   8.30817136
   1.19705811 -18.33689959  -3.03632982]