[ 10.50936709 -10.16649143   2.68225015   0.61875603  -1.38360807
  -5.58038107   0.2816166    9.40708972   0.07580464   6.10767635
   7.70982684   1.40668353   5.55468069][ 17.25668235 -23.65054355 -27.69152986   4.87521521  -2.09061123
  -7.2945173   -2.16614886  -0.98981628 -11.14565562   8.94524112
   1.04302317   1.30840864   4.76354895][ 19.15518907 -32.16325805 -14.441053     8.3883896  -13.39335377
   3.41082827  -4.95902228  -4.82055419  -3.46124486   8.30912299
  -2.27091184   1.70012678   0.92047031][ 19.74728913 -38.38347496 -15.84729639   3.44759548 -17.59213342
  -3.47909285  -8.58677721  -4.84835403  -5.58087781   6.90588966
  -0.04287647  13.73396094  -3.36103083][ 20.27360622 -39.70926261 -13.57199507   7.54614968 -12.99728694
  -2.20522426  -9.65862817   1.97442173  -3.22027595   5.71767142
  -6.75074889  21.21980844  -3.53363929][ 20.30664093 -39.40358504  -8.26532307  11.60817753  -7.78001633
  -5.15652779 -11.99938149   6.53695151   7.05576618   8.85194239
 -13.28953151  17.88178746  -5.822701  ][ 20.26924843 -37.6916518   -7.83477255   9.65620612  -6.4163404
  -1.40770702 -12.6151793    5.523732     8.67993463  11.8814871
 -14.33846342   5.38963419  -5.64033027][ 20.26131807 -42.69338562 -14.19877877  12.5246298   -5.89926381
  -2.04660366  -9.75166508   4.43052177   4.82838408   8.61103586
 -14.17471984   3.10809477  -8.85031949][ 20.10580955 -40.29810341 -11.61016213  16.12927068  -3.11776625
   2.27761888  -7.20124836   5.85208369   1.98429232   7.75939925
 -10.74572107   6.79274454  -9.05233442][ 19.28977774 -44.50661721 -11.75772161  17.89392414   0.74268936
   5.25384585  -4.76811441   4.48409963   5.77386145  10.39835345
 -12.3691025   10.49665377  -0.90034592][ 1.81437126e+01 -4.37306651e+01 -1.61896047e-02  1.73094899e+01
  1.85689437e+00  1.34303258e+01 -4.92059358e+00  1.36237303e+00
  7.58720873e+00  1.24652976e+01 -1.35155787e+01  1.05639796e+01
  1.74737240e+00][ 14.00036142 -22.77581682  -0.05832558  23.81872011  -3.56489428
   1.73041128   4.88666455  13.17861707  10.34629933  22.07253034
  -4.52447295  15.57400993  -7.2430695 ][ 13.50148001 -18.48737614   3.09974633  22.66856935  -2.12167963
  -1.02375038   2.10182871   9.04809161   5.53792983  22.01680697
  -5.47260282  10.60008201  -9.93780192][ 13.13837416 -17.59974043   1.61019805  23.57165677  -2.28183834
  -0.21585113   5.18479672  16.70200873   5.26602659  18.38485727
  -2.67794404   9.8982262   -5.76315176][ 12.73848034 -14.91949749   5.34429469  24.67042555   6.67934576
   5.66225663   6.32668355  19.28317347   5.7381246   17.15534721
  -0.93053665   9.02400376  -0.69966114][ 18.1673454  -20.54484678 -11.67301501   1.9221255  -28.29825178
   7.2210682  -17.4089131   -0.96367281  -0.38523469   6.76685246
  -3.61717281  12.80489111 -11.9926775 ][ 18.32030781 -14.75746748  -2.99810749  12.81755127 -21.083214
  13.53482836 -17.75624798  -0.8076763   -5.73709775   1.89681891
  -8.21474911   3.56752566 -18.74922121][ 19.60903396   2.60960269 -12.45663941   4.46965821 -22.2088828
  -5.87946297 -31.45794626  -5.79415485  -5.99828279  17.28391318
  -3.66700431  -9.21483288 -18.72963404][ 20.50088125  10.69213731 -30.0856107    8.36310646 -25.44589844
 -20.26703006 -21.34562114 -15.37177896   9.50133216   9.81200084
   0.82730069 -17.54779626 -20.56225455][ 21.2060276   11.09056606 -31.29860982  10.22801845 -16.73394687
 -20.24428713 -15.49402228 -10.65872793  14.2786715   15.00699017
  14.25802622 -10.25079446  -6.46837379][ 21.25156372   6.5994651  -28.90888299   3.35667208 -15.65665463
 -23.1457412  -19.29045085 -11.88766561   7.65130904  13.52976972
   6.12756937 -15.49461086 -13.16624946][ 21.3448196   11.50289946 -36.20898114   6.51798366 -20.17020803
 -21.26491668 -22.53246682 -10.80273002   8.32758223   3.54662928
   8.46805271 -25.40787061 -10.30542917][ 21.34706619   8.43801051 -29.45371333   3.78404745 -12.89943245
 -19.64108274 -18.28427477  -5.04460653  12.5542059   13.95908681
   8.22491753 -19.34061668  -9.72251721][ 21.42291363  12.38485102 -35.04024745  10.60167747 -14.04386475
 -15.74813852 -17.37929195  -5.66415334  12.49925138   8.22286871
   7.94345875 -19.62240806  -8.51512015][ 21.49340795  10.49876848 -35.43099943   9.16750624 -13.96977703
 -21.18634907 -16.57484679  -5.22481635  13.8284995   15.95195569
   4.47981297 -15.79149545  -8.95963544][ 21.20175796  10.15194662 -34.22947797  11.01897939 -13.60303658
 -21.55779804 -12.970014    -7.63600551  15.15996058  14.05406569
   3.23833618 -12.97980192 -12.20213784][ 21.35448519   9.3751918  -36.75232257  10.51298683 -15.76248629
 -29.50815099 -13.15301611 -14.08715692  11.33017144  12.57242826
   0.18777779 -11.445332   -16.03283161][ 21.02440893  10.54740988 -34.3301923   13.82901362 -14.07241686
 -27.71867803  -9.20465215 -13.20851603  12.9466875   13.66202751
  -0.30056355  -8.34684404 -16.7775197 ][ 21.13381575   4.0699223  -32.08131238  10.82884591 -16.79722991
 -30.71612227 -20.35040541 -16.39284926   3.27860723   8.48665558
  -4.23028572 -17.47134998 -17.27051947][ 20.8081457    4.38835082 -26.88993799  14.58569188 -11.04807107
 -27.70041045 -18.11302544 -13.83951524   4.70618476  12.84374649
   1.09221069 -10.58027672 -12.38049724][ 20.23751539   8.03583108 -34.89283479  17.28885917 -13.00560126
 -36.34952289 -20.80452649 -21.19669561  -7.33642583   9.20415819
  -9.52866233 -11.68176797 -20.53068689][ 19.45778436   9.25901156 -29.87246129  23.62340508  -2.18768224
 -29.44726923  -9.94193515 -15.86763755   1.12662977  17.14469602
   7.4990687   -2.41311739  -7.7239857 ][ 17.87190636   1.35051398 -23.18955151  20.24904302  -6.55611187
 -10.46128277 -20.01335186 -11.0528564  -18.7234968    6.70080002
   5.57106401   4.69930622  -7.59742448][ 18.96091166   7.76123509 -23.96161297  23.95069342  -4.03353702
 -17.03561058 -25.16893383 -11.29830218  -7.6179175   14.88419246
   3.50019761   8.03898359   1.6312674 ][ 19.97650873   7.86968361 -31.78164263  21.8801499   -8.47593234
 -36.04535519 -29.46092884 -25.27268943  -5.74198314   4.59284378
 -13.08292388  -5.23105415  -9.55423104][ 20.1918628   11.36351239 -32.44879874  26.08086794  -4.34813447
 -41.11743939 -14.61360274 -27.1528327   12.1828759    7.28823984
 -11.03084049   8.33908213 -12.16784418][ 20.15517113   9.81114707 -29.44299405  27.88736434  -2.24261841
 -38.3911487  -14.61825303 -25.22408323  14.22456248   7.58954479
  -9.74770529  10.02808988 -11.29014983][ 20.27306711   9.02865529 -29.46795528  26.59368552  -2.39205717
 -38.89483195 -13.62580342 -23.96946172  11.84446896   8.2051255
 -12.42708833  13.22047925 -10.65613244][ 19.92852253   3.61314826 -27.6214737   19.22568588  -7.3559405
 -41.5444674  -25.16734805 -23.89262974   1.40419255   1.28704862
 -21.77915389   3.77330252 -14.15203861][ 19.84323207   2.26159804 -25.24814109  18.06688888  -5.67570896
 -35.55034517 -24.28235547 -19.49776523  -0.39605296   2.07094927
 -21.05925507   3.87709459 -13.18619067][ 19.51202334   1.35533085 -24.59482046  15.06148497  -6.07497816
 -25.46718808 -16.56345898 -10.42553918   6.92952686   3.67448797
 -18.44651571   2.78115951 -19.55439251][ 18.70152884   5.02780852 -20.8119304   20.84234666  -5.06892069
 -29.96395311  -9.38605813  -8.7321701   17.50311103  -2.33035819
 -13.00351     -0.86888966 -27.54246246][ 17.92680971   5.86349466 -18.16316091  20.29867834 -12.30179238
 -29.35043099  -9.27295522  -9.98948144  13.50884423  -7.89504578
 -16.45115299  -6.4342068  -32.28621009][ 16.66434886   3.6527293   -6.21364693  25.3268776  -10.70527424
 -19.49032293  -5.96965596   4.26873482  19.33463005  -1.57072006
 -22.67872671  -9.03466353 -19.47952792][ 15.8425038    2.7623917   -8.22203955  27.71393921  -2.11898622
  -9.33616589  -0.91441872   2.90529445  11.27654526  -5.49763799
 -20.75340725  -8.04722114 -15.91487132][ 15.25538031  -1.85163183  -7.44279276  28.45138027  -3.0941451
  -2.7514893   -5.38714089   2.47172002  17.10900507   3.93848831
 -23.31149605  -9.86100054 -14.50201032][ 14.78109518  -6.04066362 -11.20460343  22.21933439  -4.91790067
  -0.83272259  -2.19287941   1.77343866  19.90605252  12.3895805
 -14.08115412  -5.79012996  -8.16493822]