[ 11.98314453   8.16706349  22.39041353  20.64472358  13.379948
  -0.92726794  -8.95033324 -10.58914847  -7.2422537   -3.06862801
 -10.06110008 -10.20994663  -8.3073632 ][ 13.45891701  16.38325054  23.21964263  20.30983135   4.91839256
 -13.3301934  -19.73026272 -13.55387921  -2.12142221   4.35700323
  -6.83991486  -7.10712593 -12.43281783][ 13.89494219  17.91457236  19.40187634  19.08505716   0.34494375
 -22.92893906 -17.46386057  -8.22106455 -11.38436214  -5.45454442
 -11.60268981 -10.58909807 -13.9882299 ][ 13.92032967  19.90388792  18.23054932  17.85220505  -1.52394591
 -18.08691117 -10.27118747  -9.09183226  -9.21318341  -3.60095579
  -6.44185544  -4.10966976  -9.99686481][ 13.9885084   20.61927867  17.0934499   12.0258621   -3.66273569
  -9.21461495  -8.06558745 -13.73879566 -13.20351627  -4.56042317
  -6.37705887  -9.35842892  -4.78981088][ 13.6565369   19.59383104  23.58344288  16.38625548   0.97192024
  -7.89672823 -15.89522504  -8.35238389  -4.53711262  -3.15835132
  -5.62706859  -8.89628488 -12.5751203 ][ 13.42336306  17.57447593  24.7603957   19.9747163    1.47601665
 -11.17291264 -18.8115298  -12.34181535  -8.4437103   -4.51152694
 -11.8538895  -11.56294503 -11.93336283][ 17.81938726 -13.99795613 -13.30463598  23.45916521 -14.44818439
  15.21489664 -14.41430851 -10.29745083  -7.59683129 -12.67827432
  -2.78166852   0.19526278   6.35790034][ 17.92507281 -14.11041913 -10.88033079  18.8161394  -12.38433116
  13.57400508 -12.55207701  -6.91233618  -2.21767735  -3.61578755
   0.17490207   1.83303774   6.79986274][ 17.99903189 -14.52001508 -11.60927719  17.96390979 -13.84345601
   8.88569129 -19.16288493 -17.37249025  -9.94673567  -6.97386422
  -1.05384001   0.36054622   3.12519312][ 16.07274151  -8.12035215   0.9558263   12.36595808  -3.24359351
   4.93252603  -7.6814182  -24.4395438  -12.55981189   9.75923418
   1.15365278   3.42745138  -9.82314896][ 15.46624441  -6.97869976   3.15002512   7.17586356  -2.81307631
  11.65969491  -2.80941662 -21.85215772 -17.56644679  -1.24337606
  10.1834765   -5.4164225  -13.24973275][ 15.34418479  -8.03450924   5.41355507   6.62675314  -1.93723098
  16.53200271  -3.45739683 -18.60087465 -13.7187438   -5.82748668
   6.00895919   1.95118752  -6.63661585][ 15.21899626  -9.4928566    8.44957736   6.67021824  -0.3665898
  16.488266     1.73444211  -9.48531913 -14.50370858  -2.30066769
   6.12497626   3.67112544  -3.1670762 ][ 15.07739447 -11.28750487   9.43515189   6.77823381   2.48352525
  15.89311223   0.42749932  -8.38030305 -20.10568747  -8.23732925
  -5.82629541   5.39028997   0.83751739][ 15.28679383 -12.67486446   9.57574204  10.28790982  -1.31954397
  13.62493054   5.77127571  -1.20880049 -25.57321331  -9.21798732
  -0.09934453   6.58666372  -0.45223568][ 15.53165666 -13.25504206   6.73099478   7.86020202  -6.49150667
  16.5876889    3.82499444  -2.44242592 -30.02720132 -18.11079913
   3.08607412  -0.76996029  -1.79321714][ 15.90096688  -7.4712417    2.78615961   4.37923321  -8.78577149
  12.91558039   0.34392501   2.58233395 -16.13297784 -13.41475757
   2.01936986   5.2898439    0.33752408][ 17.70483479   6.74366717  -7.32199601  -7.41377525 -28.36644209
  -8.64125261   4.67993599  -2.59358491 -12.96814154   2.72655965
  16.35511707   5.66187556  -6.6101621 ][ 18.82481766   9.76809516 -14.40667808  -9.24094835 -43.64628602
 -15.68515531  13.03833938  -0.67719325 -16.32110154  -5.37118288
  16.4861056   -1.31393713 -23.15375994][ 19.51319368  15.39450269 -20.43583228  -3.89070148 -30.02490438
  -9.74321687   9.16929477  -2.79989094   5.20371068  -6.98490185
   8.77992701  -5.3992719  -14.23006837][ 20.39272942  10.44767159 -26.00010758 -16.28838275 -25.20949662
  -8.87070191  15.76649774  -2.26942401   9.90500671  -6.34710404
  13.71803594  -8.26607542 -15.84052419][ 20.61969056  10.46480149 -31.5862247  -18.43980815 -26.63013384
 -12.78117223  18.71980367  -4.72468629   5.47966282 -16.27709717
  12.35914466 -12.99591328 -20.69247017][ 20.95337131   6.0175038  -28.40989066 -19.98046131 -19.28411727
 -11.70476843  20.59920436   6.82396706  -6.31488729  -1.35383283
  12.69244962  -4.48717188  -9.63310363][ 20.90255245  11.14453595 -32.75558244 -17.31736902 -12.10858029
 -16.0712112   32.67892982   4.60032005  -6.54901865  -9.49777229
  14.72607585  -5.05238213 -15.09867668][ 20.63535935  10.08198766 -36.07890333 -19.63914343  -9.95184508
 -18.62277806  41.21215096   5.43716283  -9.49253489  -8.42832535
  16.50607727  -2.23447896 -15.54972718][ 20.72887874   7.27586909 -36.42863531 -24.99995785  -6.45367953
 -19.00064945  35.47525833   8.45790905 -16.55803727  -3.44116783
   8.68443643 -10.63937044 -18.04051574][ 20.48089548   7.13560345 -31.1790769  -22.39482896  -5.95960366
 -11.12546133  28.93459681   7.10006452 -16.10431531  -2.24451059
  10.54926747  -4.41470297 -15.2382827 ][ 20.22467061   7.1573453  -36.51453815 -26.98624873  -5.30438141
 -14.98681265  29.70025437   5.55253269 -18.31035311  -8.12220547
   4.6294477   -8.59998365 -19.28410575][ 20.40205432   9.2327952  -41.62054463 -25.5304815   -7.9243349
 -13.00130787  25.77154288   4.48614781 -19.9854998   -7.02039199
   4.86455218 -10.40677515 -15.44398516][ 20.09026874   8.00474552 -40.20513502 -24.28636553 -10.64844472
  -4.29557593  17.2279702   10.07979842 -27.23207994  -6.2626735
   2.32750517 -14.57064891 -13.28654099][ 20.05824187  16.062625   -36.26992071 -11.25788804  -8.53711305
   2.99412716  17.18929783   8.98186048 -23.75214686   1.73527709
   3.95535774  -7.81609907  -0.37947138][ 19.94413295  14.65294721 -42.79124304 -14.92785398  -8.22336094
   3.17530303  19.55049346  14.53300015 -29.85637211  11.35462158
  -1.89964686 -11.04426884   2.74836754][ 19.00630259  16.92513178 -39.7624138  -12.17148728  -8.50633814
   7.94173564  13.1137024    9.80844963 -30.15039148   8.74621038
   0.87664199 -17.68448995   1.11409719][ 18.056043    14.58390036 -34.57888792 -20.60092682  -6.71576572
   9.15287671  12.14259688   4.49001557 -24.50562227  11.48883717
  -3.60818082 -10.41459396  -4.97789789][ 16.14524713   4.61001317 -19.68926977 -10.70976224  -2.51037137
  14.36497347   5.88906636  -3.84682597 -22.27891193  10.16144479
   2.98472924  -3.95575763  -1.47580015][ 15.27130947  -2.76204035 -21.99892105 -12.1331773  -10.11344023
  21.15553271  14.16091139   8.86025294 -23.13401011  18.65623651
  -3.45174726 -13.56011787  -7.26380251][ 15.06895443  -6.4648972  -20.73425792 -15.24129433 -14.08602108
  20.01212406   3.33757918  -2.75164372 -26.77584027  15.25630402
   4.06439568  -2.55629923   4.22218859][ 14.61046412 -10.29135067 -20.59793202 -20.08375485 -22.08477587
  14.25057399  -8.14481824  -7.77246496 -27.95330746   5.56704346
  -5.54825826  -5.59842799   5.29927863][ 14.19813449 -12.59167403 -22.33081492 -24.89738808 -27.24217876
  12.07378803  -9.07867834  -4.81736371 -16.80943541  -1.52092378
  -4.9881649   -4.01883319   3.13926035][ 13.52576905 -10.49702047 -20.17734131 -16.8658343  -19.32740921
  16.71692745   0.63513991   0.21629171 -10.41936085   1.84737771
  -0.06199366  -2.18421273  -1.48952753]