[ 14.29814327 -22.02917471 -19.3770817   13.61505129 -12.99934179
  -2.68193762 -12.43260926  10.34802555   6.81382333  -4.37546612
   7.85510423   7.75282141   0.99412649][ 16.20721041 -32.06915286 -16.61962773  28.94515699 -14.56827489
 -13.97485415  -9.01666935  20.23782925  -6.01479498  -2.65131287
   2.02893406   4.92289348   4.77801414][ 17.13720629 -31.40724642 -10.44087702  29.69832274 -12.15506391
  -5.39211002  -3.51693075  15.91507959 -12.47270296  -0.15157131
  10.37055628   0.47794893   2.02738755][ 18.30453474 -29.70562941  -9.09955411  29.16309775 -17.37989384
  -5.93953822   6.45898575  13.74253386 -12.82128042  -1.50512319
  12.74799748   0.59629398  -9.72327849][ 19.03485568 -28.67071906  -8.54010321  29.05473116 -19.47926565
  -7.20198994   8.772882     7.88391918 -14.18913029   1.15964592
   8.69665777  -0.41656892  -8.24341407][ 19.45553714 -39.34347803  -9.59578922  32.34470592 -18.0463146
  -8.90790486  11.03470336   7.74914684 -13.83697818   0.04562248
   2.5985091    1.62151139  -3.72368821][ 19.80963839 -30.22686829  -8.47589579  26.05280958 -16.62665972
  -5.43441338   5.96169572   6.51871874 -14.92774339   4.03731576
  -0.94425665  -3.98979639  -4.29149418][ 20.4004369  -38.56684542  -9.19164304  30.94664301 -16.17105738
  -7.66738177   6.35974845   7.48065926 -10.86902635   4.1142032
  -2.4318437   -3.02540328  -1.52594047][ 20.91210729 -36.61415818  -5.99913456  28.77666074 -20.82558373
  -3.80320859   5.31768567   3.25627086  -9.30642929   1.23455999
   1.16821953  -3.50123871  -5.00252569][ 21.62831783 -43.96102832  -6.46200526  34.46897001 -22.02699127
  -9.90897224   8.35227396   2.89817066 -12.18657996   2.41073537
  -2.35713992  -3.52173541  -1.4436962 ][ 22.03525856 -37.35231585  -5.001805    31.21339782 -24.57348173
  -1.93020588  10.17705585   0.40455898 -14.09491517   6.29495133
  -0.84005333  -5.21538121  -4.53280712][ 22.1949223  -40.91275019  -5.51063697  29.34686068 -23.49167305
  -3.79834452   7.16280244   2.11900873 -13.63234918   3.83862441
   0.45679957  -5.2055202   -5.8109845 ][ 22.22494922 -38.02226512  -2.05275148  29.39056117 -24.30199459
  -3.88176682  10.78299173   2.05966689 -17.4464216    7.13026448
   2.0891278   -2.02750698  -9.98948589][ 21.92197068 -44.87448484  -1.64019325  32.77968815 -20.7269766
  -8.26889989  10.63772809   9.48216224 -14.40353343   2.96155876
   5.52266275  -1.57929042 -11.61257181][ 21.71559689 -40.83920124  -4.96961013  29.0535405  -20.60046107
  -6.86575093   6.90542806   5.7354487  -10.22894064   0.83884494
   0.29456164   3.8355686  -10.41240985][ 2.13799564e+01 -4.55461394e+01 -9.39137240e+00  3.22932581e+01
 -1.85571708e+01 -1.05625607e+01  6.59216719e+00  4.76656234e+00
 -1.21643899e+01  1.26793792e+00 -7.69741829e+00 -2.99574802e-02
 -7.21441193e+00][ 21.01682243 -43.56038137 -11.68528949  30.95907663 -16.36985239
 -12.9401399   10.30339211   2.35521433 -13.36671213   8.85461146
  -2.55835324  -0.10157017  -1.26121539][ 19.5254958  -30.39900331  -8.63792673  29.42161521 -14.15455458
  -8.96809322   3.80939886   5.45198522  -8.83375236   0.089383
   2.67285071   0.87244896  -2.94006004][ 18.46530099  -6.83986678   1.48453199  30.60249956 -17.89540494
 -31.37527039 -22.15145864  -4.30535169  -9.94293536  10.44257113
  -4.17321531  -9.01425395 -10.39755561][ 20.44841845  10.70050274 -28.64121455  25.67043881  -9.66571908
 -37.84804936 -13.31165132  -5.59536598   5.08106022   3.77442038
   1.74161749   3.15837935  -7.02033589][ 21.05524123  13.94429348 -32.68154244  27.86535741  -9.56625163
 -38.13587739  -9.44633098  -4.19101813  14.73035078   7.74108336
   7.00830935   5.47939085  -6.43060888][ 21.53745055  10.85967892 -39.99273627  17.83394517 -15.48585499
 -47.73338587 -19.78035313 -15.20432196   6.76016565   1.10131137
  -1.23408486  -0.66635857 -13.36081819][ 21.30031361  10.81311576 -30.80227526  14.48156913  -5.96304225
 -38.26174827 -14.96931484   0.8365772   15.16172546  10.79950411
   2.99261494   1.78682699  -8.33260366][ 21.44980924  12.91929811 -40.77516339  13.35329315 -11.27265075
 -39.52775907 -21.20054254  -6.85651944   7.20480074   3.45895133
   4.9152714   -7.90052608  -9.634753  ][ 21.27027899  14.35596235 -34.98034588  17.63571245  -7.48168185
 -29.45915168 -14.1837937    1.18089479  15.99251714   8.84561573
  12.32027965  -4.92708398  -8.78504326][ 21.36261864  11.0298259  -35.79412914  12.70065959 -11.48209751
 -32.8287524  -13.25664982  -9.04394449  11.99807338   7.36649031
  13.9952237   -8.81755463 -10.02809086][ 20.88733926  13.92043949 -33.76629852  14.73926063 -13.47938692
 -28.88517975 -10.37597815 -11.91743778  11.78304274   8.58065031
  12.49858889 -10.49972793 -15.06292186][ 20.33491394  11.02607913 -30.52704258  13.61902501 -16.87197857
 -27.4226601  -15.54221895 -13.77445475   4.67537954   6.50240571
   9.90215486 -14.50562675 -17.27435271][ 1.89947168e+01  4.85635296e+00 -1.84762509e+01  1.26007373e+01
 -1.86840662e+01 -2.39392506e+01 -1.64212114e+01 -1.87356964e+01
 -3.77701135e+00  2.09531048e-02  5.49924324e+00 -1.98170808e+01
 -1.85966704e+01][ 17.01220672   4.67456927 -12.17735306  13.63784232 -17.90352244
   0.02994323 -24.83813021 -14.62045988   3.16088452  -5.41826501
   1.12220521 -18.14852216 -18.92844065][ 16.01985415  18.82649795  -7.46877208  15.94026545   2.68146869
 -21.61053952 -21.89146349 -16.7529956    5.70511392  13.46675349
  -6.08127244 -10.38129242 -13.94326074][ 17.26093665  -3.36382442  -5.36906362  20.51065075 -17.79521902
   0.87690503 -14.37344632 -22.96306815  10.91623019  -4.84734522
  -2.10069694 -12.45816006 -22.2614864 ][ 18.70566339   2.23602795 -12.42953394  14.58302044 -18.26401589
 -15.6266104  -26.90616454 -23.68071533 -10.15090467   0.07602641
   4.839927   -14.65594408 -19.43748434][ 19.87976522   5.1362991  -20.69858505  16.58837456 -20.09377679
 -21.61017051 -27.22029331 -23.5744364   -3.69580946  11.35555724
  10.28927404 -11.01945578 -11.63080513][ 20.44170017   6.55018822 -22.25989507  10.69942825 -14.06703861
 -23.54776718 -17.03044321 -20.57554793  -2.48880321   8.53767023
   6.69399795 -12.09738573 -10.56565295][ 20.68996865  10.27064587 -25.64206657  14.87734469 -11.0807434
 -25.74302594 -12.98268951 -22.75296852   9.22101199  13.18199089
  14.66160181 -10.3250085  -18.64099759][ 20.47879885   9.69962153 -27.41288923   7.99855048  -9.39771295
 -29.42980169 -14.17051136 -19.94153661   9.52056523  11.55306651
  10.65694119 -11.12357064 -24.49176898][ 20.63613114   8.87629696 -28.94000006   1.84938835 -15.29845796
 -26.48174134 -14.3389177  -18.68115436   6.56157561   8.72350203
   8.37015364 -20.83206262 -25.01525956][ 20.44295101   9.72782446 -27.74352099  -1.34356291 -15.60725569
 -21.4074174  -10.82315869 -16.7044353    6.71474833  10.30525083
   2.74400882 -28.19987204 -25.53692792][ 20.42993407  12.24911666 -26.63653045   2.09016541 -13.04012413
 -15.47947481  -4.63159441  -8.7720099    8.91116709  11.3617685
   1.64104424 -20.9724736  -22.58668142][ 20.31846056  12.67038937 -26.85615432   0.75862598 -10.94258645
 -18.20444104   0.53681474 -12.36288696  10.83837341  13.30798797
  -0.2168465  -18.55730292 -26.80909301][ 19.93270051  12.84148697 -26.97933941  -0.95467176 -10.08502264
 -20.40069253  -1.31306152 -19.47025792  10.0621651    9.23644172
  -5.96366388 -21.75255086 -31.4530439 ][ 19.71316319  12.43163179 -27.74639912  -6.58719433 -11.54161183
 -24.70529062  -3.59042372 -29.43285966   3.49580131   6.72699298
 -14.3348779  -18.58992221 -34.01196419][ 18.94101521  14.17074258 -21.67747958  -5.73409162  -9.86238484
 -12.36115436  -5.94609892 -23.51342245   0.31634676  16.80573619
 -17.73588577 -12.71845455 -30.90184839][ 17.89295108  16.37115047 -13.64020834  -1.65193598  -3.53384811
  -6.00903011  -9.59233024 -25.21916403   5.69050278   5.10539074
  -3.66881892  -6.18244672 -22.54068448][ 17.38650345  14.92307619 -10.41665464   3.81299833  -2.1266877
  -9.61550787 -23.08485058 -20.14284159  -8.56308404 -15.70286168
   1.91580395  -6.92318903 -26.71172216][ 16.97037187  12.49284064  -6.22659961  12.10274002   6.68711013
  -4.87704615 -33.48861101 -19.57822555 -14.82681564 -29.43217865
   5.94147505  -3.60855706 -27.78697888][ 16.90334866  13.46565549  -7.69751306  11.81678142   5.49387603
  -2.58631069 -33.00679052 -21.58064909 -15.76347666 -35.41603159
  12.5388093   -9.13138874 -25.77360099][ 16.91764352  13.39163075  -6.3537365    6.71400959   0.60659842
  -1.38080095 -31.3621138  -24.57790535 -14.01874465 -30.91519487
  12.04883793  -9.66930982 -29.41642336][ 16.5182919   13.00942707  -0.74196136   8.32008314   0.21775164
   3.6391132  -25.3823978  -23.21991862  -8.9425766  -22.65547404
  14.10918609  -5.27794971 -25.4135929 ][ 16.20682835  13.63619646  -1.67326319   9.8396821   -0.36952289
   2.04696986 -29.80087513 -27.47593672  -6.89811759 -32.11065246
  11.94278216  -3.47211198 -30.75712899][ 15.93477777  12.64496447   2.24432341  17.388319     3.54578532
  10.40183797 -23.32214606 -26.68584057  -7.84141735 -31.61269595
  15.33534606  -2.08629475 -20.85251248][ 15.35252104  10.01574534   5.60253923  12.29778314  -0.72019631
  12.72788284 -19.67061542 -13.75890468  -4.77605441 -27.41523242
   6.2295256  -11.8289335  -14.34648746][ 14.36938972   5.13858831   9.34234933  19.29686894   4.62794703
  24.17568233 -20.34909691 -17.17567423  -4.384209   -17.97983884
  11.79901368 -17.83221767 -18.87459404][ 13.27246582   4.02666188   6.42449596  17.09809714   0.31365084
  15.03008947 -18.71084286  -8.9440353   -0.799101   -19.47306325
  12.38419199 -18.73785431 -10.40995974]