[ 12.9961225  -14.9005716  -20.82309463 -11.76980062 -13.63592455
  -2.56615278  16.27299695  23.16012165  -6.77661255  -0.55469645
  -2.41205503  24.02827682  -8.45486274][ 13.88464327  -3.90891545 -19.48334537 -12.47871339 -19.3966828
   4.82698132  16.29926909  25.39659217 -13.80448237  -3.25127915
  -9.64777193  20.15556465 -12.80027209][ 16.2114701   10.35201947 -17.18381181 -14.1368501  -20.2457096
   8.83179428  13.95707449   1.51836617 -28.24196036  -1.70508026
 -18.77925583  19.31710221 -13.50141215][ 18.5512707   17.70991751 -18.60436198 -16.85210705 -31.72884963
  -9.98046608  29.40210703  18.5376009  -12.82983059  -6.64923788
 -24.66141556  24.42569624 -32.49180375][ 19.99094312  10.7936497  -23.21880835 -20.44164497 -31.50143246
  -5.67386113   3.15149118  -4.9008893    4.85027253 -19.34136278
 -11.20084226   5.05778309 -17.65255187][ 20.43601018   9.85411605 -19.57454446 -17.51746214 -36.39696504
 -13.44175583  20.907387    -0.16364553   3.50930478 -15.6321803
  -9.3299584    1.22521322 -17.52464549][ 20.61416948   9.91421757 -21.2015147  -20.8493122  -36.40955661
 -16.16857396  17.88907736   1.40831501   1.5222409  -17.12222407
  -8.85029532  -2.14621202 -16.20363481][ 20.66336965  12.96782525 -20.3560099  -20.80991978 -36.50401528
 -18.87794579  17.54159212   2.15873714   4.39733259 -21.4717416
  -7.46673016   2.57189044 -18.06421894][ 20.90643901  14.4247483  -17.79063955 -18.25367181 -27.91254749
 -15.4625977   13.51163889   7.05176586   6.36601665 -21.65721298
   4.79552248   9.30800764 -16.44750289][ 20.74761926  13.94886986 -15.18363673 -16.38978227 -33.10327021
 -25.95761299  17.74763123  10.35793425   4.81326647 -26.98347075
   6.33293917  12.67812622 -21.26780452][ 20.54763507  15.56269018 -13.04005666 -14.57093275 -31.66080616
 -22.50760427  17.65292505  15.02027317   4.33260862 -17.32812274
   9.12587901  17.84132763 -18.5812007 ][ 20.32470505  13.36197974 -16.00055684 -19.15877501 -30.29626794
 -24.19964679   6.97601475   5.27328542  -3.16438493 -18.84133013
  -1.40549477   4.89867918 -20.92453649][ 19.8223655   17.8600482   -6.90887207 -13.79733234 -26.49937889
 -18.58274206  17.50882001   6.34676419  -5.58877919 -13.07452362
   9.27114103  18.41032405 -12.51741874][ 19.00971108  15.14243617 -15.74947482 -21.10665107 -31.01973813
 -21.54071917   3.35055858  -8.55893961 -15.26904813 -18.88723143
  -3.68682178  13.02771166 -28.34998803][ 18.15211755  18.71601305 -12.65951276 -15.11970863 -30.89475283
  -9.42247788   6.41855664  -8.61658669 -14.16121424  -6.85158135
  -3.55376864  29.25553093 -28.78057546][ 16.57989017  12.21001913  -6.05213472  -5.92395314 -15.01337324
   1.17187566  -1.23699275  -6.07325243 -12.1777834    0.83533153
   6.22433245  18.95446816 -18.97420176][ 15.49345455   4.03711617  -4.31173007   6.91698412  -9.6566805
  -3.36307797  -7.79408619  20.20061669  -3.16329583   9.76482709
  -1.36026235  17.48859709 -25.15722685][ 17.47861688 -19.16939     -6.03971392  18.5744766   -1.5536793
 -15.64208639   5.96226751  46.13639558   8.0871207   15.13359988
  -7.35471088  20.94748656 -15.95026194][ 18.84679304 -30.17027547 -12.08182764  19.35157468  -7.3603442
 -15.85006915   2.26506396  39.35451488  -9.79131544  19.11162409
  -3.39631297  15.45881092 -16.14129193][ 19.40596559 -41.06660763 -16.40092776  21.27452046 -11.09101915
 -19.9552813    7.29438733  47.76099018  -2.95364753  19.69476416
  -3.62314765  29.30548494  -5.22059506][ 19.5083718  -41.99156131 -13.33250495  23.44378528 -11.77489321
 -14.67753773   7.35043994  36.29369413  -7.57156417  19.40733048
  -2.97584719  13.13207242 -16.99114419][ 19.715209   -42.62832129  -9.79980256  27.99206351 -17.21326716
 -17.11586393   3.28376313  36.15522351 -14.79180051  15.48089804
  -5.42884814  14.70581095 -13.24012154][ 19.75006583 -30.63348146  -7.63970676  25.44745817 -12.46245086
  -4.88753362   1.41305525  19.6127637  -23.46327875  17.36519051
  -8.03459047   4.33795539 -10.49338416][ 19.78017941 -46.81792776 -11.70859071  26.78653234 -16.76796838
 -17.38489889   3.50093167  26.88329863 -20.83794396  21.20548734
  -7.01299544   4.74349219 -14.28813799][ 19.9598859  -34.33424967  -6.78436095  22.21747584 -11.83916558
 -14.01150061   2.3664932   16.98108753 -32.56770717  18.61397445
  -9.62814837   5.62973812 -15.07923119][ 20.12028403 -44.4242223   -5.60246756  29.99965759 -12.96376095
 -14.93007882   2.67226374  26.78111378 -31.67618103  19.08629312
  -6.86397137   8.2804851  -16.17250374][ 20.16155205 -34.09292213  -6.51921528  22.93830025 -13.93727474
 -11.61728387   1.91479254  17.83111007 -32.22042471  19.10044401
  -8.46344554   5.38021048 -15.81910956][ 20.2730805  -44.77404968  -6.4235356   34.03968307 -15.80064132
 -22.7380181    3.12424695  25.88545106 -34.28464446  16.9694382
  -5.59614912   8.6708623  -10.37062381][ 20.17032467 -43.41816439 -12.25167596  31.37627225 -11.01397963
 -22.54582115   4.85091915  23.30640822 -31.63959156  17.77299122
 -12.26221658  -2.08805726  -9.79915288][ 19.6579635  -36.08798268 -11.95006136  30.27941421  -5.17310044
 -19.90188045   5.99991938  16.90540176 -28.41895469  11.77129203
  -7.60261368   2.34865193  -8.28676188][ 18.52857148 -36.73355217 -14.47905586  34.74620581   0.53130253
 -20.48468575   6.4577807    8.86892596 -18.53470552   7.60711552
  -2.91721916   6.25415433  -9.50018009][ 17.57700655  -1.49196326 -10.79766426  31.19862388  -4.81884477
 -29.56705385 -16.31445008   1.62824503 -11.79154265  -0.24573437
 -14.71404787   3.83346932 -18.05050539][ 18.4081637    1.88795029 -18.48573014  31.56921198 -18.79729969
 -44.51490226 -31.1649342  -15.86826674 -13.28566539 -11.16796046
 -24.7394765   19.90612968 -15.96648632][ 19.05577256   2.78064038 -17.60574572  32.52272108 -14.7605926
 -39.708193   -27.18084684  -7.40404568  -4.01711032  -2.20556244
 -14.61311614  23.07508939  -9.97319523][ 19.40470255   4.08215014 -22.00155099  23.97968525 -16.0016865
 -35.30633116 -25.05793546  -1.77014742   0.62702502   3.6410832
 -12.83344918  15.78692264  -6.79383362][ 19.27595796   7.45612072 -24.33007562  18.67351074 -14.4601784
 -34.55141677 -28.83602064   5.19236855   5.40953274   8.38487529
 -10.65517537   2.18371906  -4.99242087][ 19.45147079   7.93167174 -27.99460841  10.00912457 -15.16725638
 -40.87635181 -26.61294533   4.45368475   5.06453908  11.34689365
 -21.77035341  -2.80152477 -10.75703541][ 19.8915024   10.59577066 -29.99277977   7.53838441 -12.03630877
 -35.77584088 -19.18112774   9.69384227   5.44360269  22.01733767
 -21.80439876  -2.80460205  -5.0086922 ][ 19.94218402   8.63224709 -25.60987152   5.25039741  -8.51114593
 -33.79752287 -13.86539387  10.49547362   9.98000448  22.48290336
 -22.4656076   -8.54412857  -5.92467071][ 19.77790773   8.77773578 -27.62437944  -0.29270344  -8.28068974
 -32.7491929  -12.89446299  13.07542556   5.99295884  20.57112747
 -26.53952305 -11.79090682  -4.35108204][ 19.62710102  10.31714835 -31.77876696  -7.35860903  -9.62243583
 -33.32214009 -17.14279939   6.6846887  -13.10695214  11.39737009
 -41.26434111 -20.70903974 -12.76831189][ 19.3690962   13.81690745 -28.56395603  -7.43695454  -1.80249972
 -28.30162728  -9.5017224   12.32556509  -3.38440104  13.78643186
 -40.33068699 -24.55563667  -9.48887693][ 1.91309711e+01  1.22831812e+01 -2.50930942e+01 -6.07564227e+00
 -4.73479540e+00 -1.88377500e+01 -1.20802064e+01  8.28179090e+00
 -2.15125412e-02  6.28882654e+00 -3.69273071e+01 -2.69754221e+01
 -1.26848832e+01][ 18.76412179  14.91882711 -26.51458621  -4.46577931  -5.43569242
 -14.89969091 -12.61046144   1.88747488  -6.4652011   14.19490395
 -38.94431886 -25.59246651 -19.43234482][ 18.14601855  14.08274467 -16.75836924  -2.0324281    1.69395394
  -9.77137958  -7.67108633  -3.00074428  -0.55511675  17.68135475
 -24.22574293 -23.72362708 -16.02371635][ 16.61749345  19.59415264  -8.97652401  -0.79580074   9.94752851
 -13.62295214 -14.66569285 -15.34718299 -27.41418557   6.98616781
  -4.84684683 -16.18976129 -31.97907917][ 16.43677931  19.65646291  -8.66033481   2.59900929  21.99003643
 -15.49605382 -14.64946652 -22.77337789 -50.46381651  -2.6880468
   0.32587003 -17.93386429 -36.87568652][ 16.47550803  20.13950693  -6.70614081   0.97663273  17.78348464
 -18.20238196 -14.39679921 -23.29707512 -48.84331328  -4.59538471
   3.51147747 -14.79836652 -34.41975412][ 16.15388867  19.93303467  -3.72025308   4.55924897  22.73714309
 -11.37184825 -12.87622423 -22.87794079 -47.85474902   2.9664276
  -0.33644934  -8.91565436 -30.00012635][ 16.01869634  21.36075598  -3.54885295   0.15796143  25.94909954
 -14.93294161 -17.75217242 -20.89023438 -53.00868238  -2.19060688
  -3.14913509 -14.66569983 -31.82248844][ 16.0561027   20.11197522  -2.56865754   0.05646237  16.90905364
 -15.22886999 -15.28459572 -15.90880055 -52.30836477  -5.03373183
  -2.70911933 -15.02852611 -30.48215141][ 15.85132824  18.39471047  -0.52120727   3.77650305  13.99110969
 -11.62574331  -8.90306079 -16.65257794 -54.34204837  -4.0526033
  -0.74914267 -16.25474086 -30.38439342][ 15.6992223   17.23121014   1.13691652   8.73128003  28.80876588
 -12.36337886 -13.57623005 -23.2160011  -65.40200497   0.09770485
   2.49699222 -10.17096877 -25.67539409][ 15.69991036  19.90836349   2.02611762   6.94211712  27.17749294
 -11.68755721  -7.44913235 -18.2983057  -56.34954333   3.52254633
  -1.65286587 -10.3744981  -22.80500805][ 15.62816965  20.85633363   2.59241456   4.5336557   22.0899436
 -13.97069577  -9.13436867 -17.58688533 -54.25933292   9.20496266
   1.47299433  -9.65149811 -28.11788384][ 15.31771301  17.64719444   4.24706217   8.91395397  25.0452905
  -9.26571695  -7.1601202  -29.26411474 -58.81685934   3.7243897
   1.72868491  -7.33729564 -21.9220225 ][ 15.20307891  17.13541691   2.59906768   5.56286425  25.00783335
 -15.15957654  -4.47960091 -23.28187978 -65.5166828    6.88847449
  -5.57654107 -12.06689622 -18.20761263][ 14.98479234  17.24323784   4.3211045    7.36233966  21.17861378
 -13.46739757  -2.84071824 -15.28636627 -49.24766159  13.58139095
   0.67644303  -8.00219722 -17.65196458][ 14.41923912  17.12859283   8.64109005  11.33879236  28.38546494
  -3.46777434   0.26040603 -28.42849681 -54.82447404  12.56434415
  -1.10638893  -8.00355635 -10.47891448][ 14.00651864  16.13891178  11.99216057   9.97307572  21.88768685
   4.47425135  -5.93898789 -39.37717868 -41.40445663   3.44132457
  -7.44878729 -11.72934065 -13.46480027][ 13.53947815  15.34621397  12.07434026  10.98821007  19.25590985
   7.94923056  -1.53674392 -30.38808339 -31.88206893  -5.72780896
  -9.27762994 -13.61632102 -10.50884317][ 12.76798196  15.47590825  16.29858735   8.75533839   4.58391137
   5.03976582   3.69909565 -11.39736781 -22.45797798  -5.32185797
   4.66895098  -6.69988706 -12.09736578][ 11.7396825    7.44630715  18.2892519   13.90383292  14.68550861
  16.07793464   3.42727939  -6.67692363 -13.05026318  10.38477367
   6.66199348 -10.26706063  -7.91619428][ 11.09135613   4.47562562  14.2023372   13.93974676  10.28176353
   5.71422671  -4.73119292  -6.93342914 -10.57818406  -0.05524869
  -8.50584037 -17.44818288 -12.99351533]