[ 14.977944   -14.18815159  -1.25260815  24.08272063   1.42241071
  -4.9627863   -5.39659518 -12.85672615   0.57991457  27.63103785
   7.26885368  -0.53214766 -16.77683319][ 17.2300133  -22.61862572  -8.54846361  36.85499657   0.86953554
  -8.05363658   1.81964673   8.19920327  -3.31939095  24.24843859
  15.72425444   1.44546669  -2.15544472][ 17.69413667 -24.77781527  -7.9340578   40.40646374  -3.86886173
  -4.73270107   1.61811066  10.10816044  -5.8333513   26.80806356
  16.76287868   0.26476603  -0.13308459][ 1.73638718e+01 -1.31424796e+01  6.95732617e+00  4.13487966e+01
 -1.49580754e+01  5.16987517e+00  1.02064595e+01  9.29923535e+00
 -1.78116929e+01  9.68433251e+00 -4.51352063e+00 -9.95925622e+00
 -5.37744392e-03][ 18.82740938  -5.4426332   -2.47339161  26.26959483 -16.92863392
 -37.87481384 -23.51946846  -3.28077705 -31.82425697 -14.50508605
 -13.98150809   2.18251374 -12.90042519][ 20.0197005   -1.00966289  -5.41243569  30.83935936  -8.80434335
 -36.97638694 -17.20512867   6.02849841 -25.2194706    2.68167541
  -3.88573241  16.53732777  -2.99974625][ 21.1832771   -2.73166488 -10.93348021  26.86177606  -8.8124122
 -47.46018472 -20.80549081   3.66342974 -23.38385107   5.11690374
  -7.6906405   19.35008368  -2.27524031][ 21.59051096  -1.67421388 -12.64927649  26.44647817  -3.21041298
 -53.78624489 -19.32060173  -0.31486409 -15.99202652   4.28368305
  -4.97862355  21.85028062  -2.17519552][ 22.04917939  -1.16790533 -19.83486775  22.00372494  -7.96196946
 -53.23106182 -20.37049969   0.39893221  -6.45124194   6.86240754
  -3.06604702  22.1661724   -3.80211307][ 21.96208332   0.87050387 -24.94485341  21.47301725 -13.34394761
 -48.07475101 -22.28204251   3.70471422  -6.38514392   2.75110877
  -9.10312813  15.66597907 -11.72695923][ 22.0776183    2.85930206 -31.15608819  15.61707569 -14.23530907
 -42.23794895 -17.80121997   4.236134    -3.12403349   1.77832139
 -16.14236724   5.93699873 -12.4120356 ][ 22.00882034   3.26445265 -33.64976094   8.47971244 -15.603404
 -45.28141352 -15.65442814   6.09473766   3.57981133   0.28125963
 -21.50951761  -2.42664749 -19.83939999][ 22.0932427    6.94662859 -30.2248888   11.2995434   -6.90512481
 -41.23947832  -7.93928291  10.13466626   6.76173134   9.90696492
 -22.55653413   0.46072598 -13.32890492][ 22.11102163   7.08199091 -28.7678776   13.53998466  -7.36455721
 -38.68864178  -8.0532171   16.63561899   9.6526688   12.07445014
 -25.46838993  -0.68077448 -13.69694889][ 21.71870153   7.13021572 -31.49340957  12.27731379  -9.79691528
 -34.37671411  -9.15225568  17.6304574   -1.40109707   8.0602734
 -34.71169313  -8.43491345 -16.96606974][ 21.66708503   6.26222118 -30.07081072  14.77113807  -9.22086405
 -33.0336808   -7.75805542  14.65444459  -4.70462532   7.08775122
 -34.77824127  -8.2901899  -15.25949008][ 21.24020323   3.48287913 -26.03102339  11.42234217 -11.74598618
 -35.41272765 -10.59339394   8.1365651   -6.11711057  -3.49203913
 -34.76412921 -12.86347588 -15.70842551][ 20.88559881   4.67803614 -23.87966551  14.26530503 -13.71684794
 -35.6547524   -9.95132797   5.36926366 -15.26701467  -4.20739665
 -41.44670718  -5.25194039 -11.45378513][ 20.59391586   3.93521795 -15.30456185  20.2691551   -9.03698075
 -28.90917216  -0.36599397   9.9811283   -6.10515004  -1.14577956
 -36.73271508   3.18685381  -8.03294419][ 19.73280886   5.13480103 -12.73241945  22.79828601 -15.39926979
 -20.00937256  -5.75335504   7.96821705 -20.45769923  -3.99498674
 -38.90670031   9.36752538 -11.52678746][ 18.99679597   8.16561869 -11.88770951  22.62857772 -14.49424724
 -14.03397189  -7.87842696  -6.76854756 -28.00469469   0.41730835
 -34.11791442  15.29825259 -18.51324859][ 17.7734694   12.77324047  -3.74099506   5.78345556   1.82637579
  -4.85925146  -6.8237797  -20.82800759 -38.24439356   3.16122
 -27.57471936   3.74494465 -10.75257184][ 17.8427164   14.46722749  -2.94302517   2.57741831  16.73974377
 -12.91506695  -6.72865266 -24.86802087 -45.25718705  11.764665
 -34.81018915  18.29158918  -6.64502871][ 17.64500259  12.62442363  -0.3766593    4.3717618   10.35305972
  -3.85447238 -12.75916622 -16.05653011 -31.53671419   1.49596888
 -30.23441008  15.55522749 -11.7708872 ][ 17.48371156  16.29198745   2.64593834  -2.78526672  19.68736113
 -12.05275573  -9.04199416 -15.53800631 -33.6960498    2.59990863
 -33.29597368  20.61802792 -15.17917232][ 17.39618114  14.14566679   3.8419952    0.1968611   16.68274281
  -8.51543861 -15.53365027 -18.52063997 -29.92931566  -3.80574625
 -25.52060472  14.3802757  -18.69387975][ 17.08033491  10.79760738   7.67900285   8.99835297   0.07459066
  -1.53683769 -14.79892003 -23.13199576 -23.88765118 -25.24953644
 -17.62674283  13.03066429 -25.09578698][ 16.98786591  11.19931077  11.19502963  13.36734248   1.89422887
   1.54751675 -13.98316065 -22.46618093 -21.76188891 -24.89380922
 -16.17376742  17.12635362 -21.88630179][ 16.42303983   8.84645105  11.48596529  11.91841362  -7.06580603
  -1.9087388  -17.04563508 -21.64609882 -16.36961821 -26.95777766
 -24.70446718   7.38415976 -21.69016905][ 15.70343159  12.73046163  14.34900235   3.50451302  18.03366635
 -10.93503376 -16.26355557 -17.6640279  -36.75294347 -23.20728655
 -32.9160788    1.41104679 -19.1100999 ][ 14.5555206   14.0169166   13.22731452   8.03125364  12.71535755
  -3.0473816  -10.27051429  -8.18028402 -21.37191306 -14.00198462
  -0.5870028    1.29356667   2.39737246][12.24203591 -2.94398282  1.99029937 13.37294451  1.97545137  6.80136156
 -2.46868384  3.50266484 -6.18892053 -5.26766114  4.87087479 12.92659777
 -3.55789969][ 16.51523545 -27.88693675 -18.42464631  21.51802564 -21.81521976
  10.05110553   3.67628672 -11.51607896   5.02408048   3.62868025
 -14.93695413  12.96290061  -4.47359586][ 17.78729657 -33.6434152   -4.38991587  18.11951421 -22.5833859
   8.31519044   8.21256793  -8.21469167   3.83833415  12.42179529
 -12.62472721   6.87968264   0.81975726][ 18.53132104 -43.93255964   8.73280568  25.0818707  -29.3773873
  -1.06202133  12.02640861  -7.11749702  -9.27320688  13.68743893
  -9.53790613  -2.65578587   2.31886489][ 19.4344867  -30.38124162   0.39296123  18.62261479 -21.59730919
   4.63676176   5.600211    -7.06620093  -4.58257061   8.73835187
  -9.62137332   0.34382578  -1.58302401][ 20.04531354 -37.43772421   0.66494052  24.77142495 -25.4195709
  -2.17169789  14.91121253  -7.88484503 -13.52073431  16.0954353
  -8.42797006  -1.46270323  -2.31732082][ 20.18179354 -43.22647213  -1.40318464  28.13505005 -23.53357776
  -5.47622608  15.40274576  -1.94904629 -13.51564958  17.48700443
  -6.66843994   1.4154188   -3.04317718][ 19.89255706 -51.01276811  -5.46285516  31.09134253 -21.406402
 -10.34832013  14.91724225  -1.99767591 -18.40047212  15.29282703
  -3.90739599  -1.51966079 -10.33891824][ 19.57586217 -33.10567052  -1.8178805   22.68303376 -19.85246486
  -2.58169521   9.81593431   2.01565115 -14.87336103  13.1007657
  -8.0543587    3.2202966   -8.42822921][ 19.30215097 -47.88790414  -3.30805822  29.9382838  -18.52662007
  -7.33009425   8.23883768   6.59262442  -7.42922219   7.77026051
 -14.90486282  16.14134781 -11.36695937][ 18.97869065 -42.2699453   -2.75526234  26.85774182 -16.91780078
  -8.02384533   7.37709572   7.7122607   -9.6567488    7.35264119
 -12.17278302  10.00706805 -11.27733903][ 18.78627778 -46.88296672  -5.49099318  31.31908338 -15.73332215
 -11.37690539   4.68493605   4.79438421 -12.30294497  12.37946934
  -2.69910169   7.51195636  -1.92887544][ 18.78156557 -37.00099656  -6.76740328  26.90333859 -17.41554551
  -7.95421504   7.90761756   7.03506947 -13.9852096    6.73295535
  -6.21997618  -1.3510265   -7.86356972][ 18.60028914 -35.24458216  -4.08564627  29.97372247 -14.69155616
 -13.77558035   8.4480921    5.86686827 -24.4035658    5.07965681
  -4.2895169    0.77760811  -9.2502306 ][ 18.18790255 -32.07273963  -4.23124479  28.0854838  -11.55179756
 -17.48875522   7.87919867   8.68030339 -28.22897192   0.76916553
  -8.46700499  -1.45379062 -10.44520526][ 17.26503968 -22.7014006  -10.14957541  15.83313421  -6.533408
 -11.20402082   4.12833085   9.4812189  -17.12313979   6.61479346
  -4.88895441   4.76973373 -12.85132378][ 15.85569446 -30.83532165 -11.46616977  26.13803744   2.00812019
  -9.96255237   4.40459775  11.94812691 -25.1621298   -5.86353358
  -8.57054131  -0.37476771  -4.70513112][ 14.8999899  -28.77760215 -18.33187935  22.99051665   0.24281016
  -9.29681468  -0.39162715  15.69677453 -18.75823673   1.85090971
  -2.32851464   6.35454723  -4.63832388][ 14.27122848 -18.98107588 -16.43791243  24.25511747   3.30406302
 -13.05650033  -3.61581224  14.33604451  -8.22139994  -3.60489959
  -1.72090554   8.06033397  -5.63599166][ 13.30333003 -16.44775621 -16.57413258  24.04951636   8.25146919
 -15.78740359  -8.28198765   6.70808904   5.72059656   2.41861059
  -7.80028217  21.84786375   4.08902115]