[15.1223821   3.05203734 -7.64464237  3.71233257 -4.03007261  2.09723955
 -1.8788535   0.70865044 -1.58811552 -0.44781092 -1.7559067  -0.61832138
 -1.94087117][ 18.41317192 -24.44789348 -31.58342348   5.90009863 -19.42109069
  23.95565682 -30.24835389  11.03093864  -5.39714926   1.21271816
   3.55510917   1.44785103  -0.20247904][ 19.69776995 -24.43183823 -20.32245815  15.83331512 -15.24990574
  23.80355881 -29.07136056  19.91420524 -12.93415737  -0.92809076
   7.46236674  -4.59779063  -1.88021545][ 20.30886483 -40.32691884 -19.15971929  18.50520458 -24.34416707
  11.57069314 -22.09899546  21.20621517  -6.91863596  -4.62335719
  12.90978865  -1.56217293  -2.33973821][ 20.70622524 -32.1556026   -7.83616309  21.50666268 -20.75408178
  14.16965264 -19.74490717  20.33966328 -10.25700848  -7.45872606
   8.26912925  -1.25870271  -2.04163514][ 21.05379855 -33.89638155  -5.89938047  21.96725429 -21.08317909
  16.09149969 -17.81333882  16.3654635  -12.52361912  -0.84054867
   8.45147564  -4.09391568  -2.48154616][ 21.91677534 -34.90239916  -3.23721609  19.11070121 -25.39547541
  22.58948015 -24.06245017  19.53971806 -27.57392528   5.60840367
   5.41559335  -3.88177655  -9.86342328][ 22.00114632 -41.88661579  -4.167605    18.96374277 -19.7834386
  21.84256423 -28.07745738  16.72197064 -23.38359226  16.80440429
  -0.97740901  -6.86092215  -7.64452121][ 21.57773848 -41.58088321   7.29969384  14.60246883 -19.69324255
  14.41808181 -14.88832916  12.13886819 -17.15122582  22.88173848
 -15.70617742   2.65648354   2.2326659 ][ 21.3074063  -42.87741007   9.47889339  10.17668518 -18.49245828
  10.77648764 -14.54189      9.39250498 -18.31790562  24.2751644
 -22.88764991   3.88351407  -0.63026956][ 20.40628377 -36.63836052  12.12582403   3.01956606 -14.36757172
  11.39966825  -1.51147475   5.14864032 -14.12974705  23.52286525
 -27.17364293  10.65952171  -7.88378325][ 18.03530441 -41.88933476  16.89970106   5.75080895  -6.89225856
   2.75985218   2.61620913   4.43333184  10.22034352  17.42455071
 -14.98745865  19.26219536  -4.24451037][ 14.65651035 -30.26106723  10.70330323   7.99332866 -13.49740372
  11.62589426 -14.17543912  18.03149248  -9.88103048  15.3813191
 -14.27299545   6.16574277  -6.97680033][ 14.22644227 -29.78306453   8.0203838    7.67286769 -17.4042249
   6.68168871 -12.64359701  21.72166013  -6.43963008  24.42408368
  -7.55420261   8.3382912   -7.01066564][ 13.93766573 -28.83602843   7.28079061   5.78819874 -13.93700532
   7.88326648 -12.02713905  22.24593249  -3.81249394  30.79540792
  -0.33986357   9.76024293  -3.20552402][ 13.46346344 -26.43396644   9.47752482   5.09332231 -13.46328475
   6.29056597 -17.49042349  12.42762808 -12.46332295  23.96344511
  -0.77478638   1.98886072 -11.50975268][ 12.92362872 -25.48165481   9.02119933   6.37065581 -10.95282143
   7.76961448 -10.55359202  14.61536424  -9.28344952  25.72863677
   6.24871698   3.80542496  -3.26478773][ 12.51028174 -20.97774007   7.93332091   6.3292396   -9.91976208
   5.58426292 -10.17882391  17.23365966  -4.18457554  18.610017
  -2.49999383   5.94556316   5.35840493][ 16.91960794 -26.03819593 -28.31044702  26.01040945 -35.37041509
  12.2684692  -12.02626094  -1.70912515   4.9004611   -5.33218038
   6.96992329   8.53287042   0.45280073][ 19.73703628 -22.69200832 -25.2750841   21.00577837 -10.92064731
   1.68074169 -28.43751265  -7.31213603   6.36954395  -3.72695679
   8.0260158   17.80796689   2.0898242 ][ 19.83480555 -10.73103292  -8.73783099  20.50486864  -1.34225631
   5.45755958  -9.61094656   1.93387467  12.47900726 -12.16729852
  -0.76718092  -1.17428203  -2.34607852][ 21.01678455   4.34174539 -22.52952071  -0.23482525 -21.86310558
 -11.93781576 -16.15626583  -6.59122769  -2.99243901  30.64586688
  -4.37613491 -23.81822064 -14.90880504][ 21.61424506   7.79463643 -26.52131363  -3.27192549 -18.2788552
 -20.89128755  -7.14220445  -4.33759322  -7.58818789  42.17442055
 -19.02771091 -19.84479047 -14.63680225][ 22.00112537   6.99748293 -27.15532204  -5.04412319 -15.91630362
 -24.33958097  -6.31252926  -0.79396842  -2.39095641  40.83942414
 -20.19910142 -14.68963169 -11.20994266][ 21.92063416   6.88254373 -27.51523674  -6.21786504 -14.31772617
 -24.24581545  -7.60664363   1.48737762  -1.37624367  40.88750502
 -22.69934402 -17.66227131 -15.36220216][ 21.91162637   6.3080304  -28.75315736  -5.59938511 -12.60431431
 -24.13447938  -7.14952623  -0.73166737  -6.93515169  35.08626546
 -23.12723623 -13.91208332 -16.06422483][ 21.88785976   3.47032928 -26.87488666  -3.99731008 -16.02671883
 -19.67271194 -13.6440773    2.34759123   3.78701015  32.49367283
 -14.97441784 -24.63234653 -14.89817437][ 21.7207194    7.84465809 -25.84383015  -2.9757331   -7.33212144
 -24.23366792  -5.01627964   3.40867665  -0.22229846  42.19516453
 -25.41742243 -16.32384868 -19.2225092 ][ 21.76542878   3.89313028 -29.00981796 -11.87022213 -12.96500765
 -32.83782965 -13.71298211  -6.70071918  -6.43658645  30.61685102
 -27.44588806 -21.20745897 -19.08072586][ 21.58911071   7.59286221 -27.827797    -8.84553082  -7.98335878
 -29.38393261  -8.78516123   2.83203058  -3.06785223  36.71840722
 -22.44241654 -19.78199302 -18.32451639][ 21.54610963   7.62934037 -25.28498118  -7.2669276   -5.55505269
 -27.15051949  -7.20612408   3.75205022   0.61103533  39.06476257
 -18.78219601 -18.59946742 -15.31695968][ 21.59953523   7.51251554 -27.05834605 -11.02979767  -7.57159023
 -28.42567638 -11.81596956   1.84674532  -5.83767883  39.84343827
 -20.41489715 -18.97941109 -16.02170532][ 21.32153132   8.43711626 -22.44455032  -6.8126659   -8.96924586
 -22.34303068 -13.69181298   2.31557519  -0.62348707  37.8306464
 -14.40986567 -20.5432224  -14.88189174][ 2.12142002e+01  9.03073497e+00 -2.48456632e+01 -1.16918288e+00
 -1.09934994e+01 -2.29788847e+01 -9.37471876e+00 -3.97628716e+00
 -4.10733563e-02  4.14101067e+01 -1.50712348e+01 -1.47922303e+01
 -1.69650894e+01][ 20.74709087   8.5694058  -21.22234193   1.91937534  -6.69087866
 -25.38595303  -2.85586411 -13.70820341   4.85298682  39.22666891
  -9.36802963 -12.06346262 -14.56374169][ 19.00712603  13.53941965 -27.77105416   6.94470041 -18.63424135
 -17.98496228  -6.8285976  -21.28654572  -8.51912222  20.69083683
   2.24606967 -17.05487385  -4.71795373][ 17.98172571  -2.2703589  -17.11153806  26.98512888 -25.69788886
 -12.59579476  -4.69940742  -9.97016517  -8.10238726   8.73181799
 -15.41305358  -6.41012877  -5.25118243][ 19.50781561   7.7380465  -23.40051002  15.76499032 -21.14429805
 -19.94902662 -16.87420775 -18.18555169   1.80969617  17.22620869
 -20.21285963 -10.5062125   -7.74025871][ 20.00675725   7.77728151 -26.49870802  11.9696579  -18.58730734
 -31.88925473 -24.55707741 -24.88687167   4.59891299  12.46863284
 -21.09493799  -6.21419219  -5.69201444][ 20.12262365   9.65028506 -26.57535624  15.64571251 -14.01036966
 -30.79981354 -23.01681365 -19.21720178   8.22084395  13.47077872
 -21.90435252  -1.94672092  -1.95258307][ 20.23657812   7.79907803 -24.60329249  13.9029621  -11.1312504
 -31.53721813 -22.79198216 -13.7283454    6.99201398  12.54688588
 -17.14379097  -0.0669912   -0.72666667][ 19.94670589   6.32901809 -22.03815031  12.53251136 -10.84309571
 -35.32091769 -25.32718018  -9.92606163   0.37743611   8.68303831
 -17.32102881  -1.54153421  -2.77061738][ 19.92322588   5.80066526 -23.30950509  14.1970121  -12.98958887
 -37.24568614 -27.43782374 -11.0482913   -3.61135284   6.56234275
 -19.49520142  -2.45683918  -3.10924726][ 19.97567794   5.93243417 -20.78677792  15.47464676 -12.14573449
 -35.80018428 -21.55433903  -7.89490248   0.28133269   8.40255319
 -15.20372953   0.96374227   1.07322314][ 19.50186914   6.3734793  -20.13186965  13.46391522 -14.3578475
 -41.22962239 -21.70621905 -15.74386788  -4.23973188   4.86161208
 -21.96455875   0.78757609  -3.86001971][ 19.31724464   6.60166325 -18.62215862  17.19690894 -14.16591515
 -40.81515943 -22.92634078 -14.00452281  -3.74844704   5.49368847
 -22.76582615   3.15802631  -2.58625231][ 19.23726635   5.65392894 -18.16231884  17.95118402 -14.61580798
 -39.44664311 -24.09522359 -10.36971659  -3.56658579   6.91321123
 -22.64107306  -1.59432401  -4.65254724][ 18.85225164   6.56699057 -14.82388472  21.45431693 -12.92257245
 -33.99201885 -23.85718438  -1.23330125  -3.80052951   8.33341849
 -18.35868054   1.37111494  -0.26376693][ 18.40456075   4.68836977 -13.47646434  20.80195732 -14.88559602
 -33.79359287 -25.80986868  -0.10754651  -7.43179182   0.67998762
 -24.13514945  -3.42783309  -6.34312469][ 17.98208733   4.03652251 -10.9455348   20.1635835  -17.46037704
 -29.50475399 -23.00752795   3.56875226 -10.54320354  -5.14911785
 -26.71479638  -6.9815297  -11.36269129][ 17.17714339   3.81047888  -5.43741095  24.26024699 -13.11246717
 -18.34226811 -15.76124167  15.31521016  -5.0741541   -6.30985641
 -31.19166856 -14.78385343 -14.65144359][ 16.27745989   6.99759094  -6.9830746   20.40754871 -15.47744507
 -14.04092158 -16.93549975   8.35348834 -16.9636094  -13.54502248
 -33.31558524 -21.76637441 -14.44299793][ 15.50126769   7.38024571  -3.93700077  23.96359205  -8.09719501
  -4.34400453 -15.19197339   4.46545668 -10.84236957  -6.07496053
 -18.37170491 -16.85983328  -5.43520087][14.15916239 12.05308428  0.84700263 11.8766351   5.446845    3.11444338
 -7.40363261  3.27471096 -1.07935236  3.52024881 -9.2345254  -2.30205298
 -0.95124018][ 12.7994838    8.35752269   4.25824189   3.95731339   7.26892003
   0.13615623 -12.8653294   -1.80338514  -3.54664065   9.31282898
  -3.92948153  -9.66666852  -4.35151566]