[12.12975198  3.82414788 14.02894267  5.76659174  2.59097833  0.85392214
 -5.81679386 -1.77628467  0.71233975  2.52855502 -4.84108929 -3.44792307
 -5.90795599][ 14.63249633  13.0247265   26.63710637  13.56444659   7.66493656
  -2.10055003 -13.32473023  -7.76502218 -11.6767413  -10.00294218
  -8.26409448   0.24644224  -8.62998356][ 15.52325555   9.5995903   23.88263238  15.86405174   0.96156777
   7.79798542 -20.75477381  -9.17032902 -30.21735822  -9.90556286
  -7.86468112  -2.35615444 -13.38535276][ 16.26240169  -1.32597648  26.91176454  17.84775798  -1.5569034
  11.45979669 -27.00852665  -2.80131878 -33.6347341  -10.19342591
   1.22010342  -8.87552817  -2.51916356][ 17.58178812 -10.93249574  30.01561372  13.2744829   -1.22079811
   6.02487363 -18.16876161  -3.60511469 -35.1087779    8.13461113
  -4.37869722  -6.01696872  -0.95552732][ 18.52017599 -16.66287148  28.22005383  14.16057927  -2.94610913
  10.24914865 -18.51707471  -4.34220445 -29.18944181  18.17844503
  -9.25096268  -6.38307917   7.07531611][ 18.66418596 -21.37060421  25.71869408  14.77931288  -1.82072216
   8.59249519 -17.98288142  -2.15173115 -24.3676542   17.95446898
  -3.21961642  -9.18672954   1.91846119][ 19.09094738 -24.75267698  25.83989875  18.07042992   2.16030614
   9.54647087 -21.61001839  -1.06632618 -25.49254845   7.25581025
  -0.50500224  -7.1621575    5.63081364][ 19.13124711 -27.42278046  25.11522078  16.5144092    7.93795987
  13.18709549 -21.30855727  -1.47903194 -24.46674997  -3.03828692
   0.09906249  -6.45276369   0.40330817][ 19.6284232  -30.27167432  23.82234956  11.65439851   5.2928309
   9.67646822 -15.3610655    1.8618476  -21.629346    -0.11729588
  -9.18688723 -10.80039777  -0.61060719][ 20.07483314 -31.21867872  22.87271556   9.4090452    3.32539646
   8.49042187 -17.13579353   7.35339975 -17.20262837   3.8174272
  -8.87989327 -17.33253129   5.79589382][ 20.23519691 -32.11534339  22.75400122  10.00566274   6.29490168
  12.60968306 -12.44040607   8.53352542 -22.50720564   3.22935166
  -4.98547627 -14.32976937  13.30614434][ 20.19196797 -29.31843093  21.79356945   8.01706739  -3.26222458
   3.21931585 -19.7938382    4.76145779 -24.15687916   1.97016813
  -3.40807533 -15.45466911   4.74175398][ 19.98949454 -24.17620357  23.18845156  10.02745451  -2.08860072
   2.8384387  -27.06791298  -4.19598713 -25.49096767   1.70421628
  -7.22123653 -11.14672069  14.66424048][ 19.45178513 -15.36113713  17.55040491   7.74929701  -2.91044262
   4.54458829 -36.2122697  -13.53190443 -25.47279242   7.74598854
  -3.94459575 -15.36913547  13.83306463][ 19.4284449   -2.37219907  -2.31675308   0.98548594 -10.17034168
  -8.42203117 -34.40404039  -5.89233192 -20.8345922    0.21602006
 -13.59578976 -20.05297977   0.21341299][ 20.10490081   7.79918037 -16.08962442   3.97765     -9.10898502
 -21.28147934 -28.83845358 -14.97165344 -14.26786116  23.15466233
 -10.36200816 -20.89658423   3.52955463][ 20.56653492   9.05785081 -21.14784077  -2.64914951 -10.70040502
 -30.22911398 -30.77192508 -16.33177684 -17.80367215  29.4766208
 -23.522827   -22.64750385  -3.42351474][ 21.18093674  11.43661681 -22.12553169  -5.89813265  -5.89096121
 -24.25160025 -26.00508814  -4.2414734   -7.18396394  32.6894232
 -23.96885014 -13.32831707  -2.56922394][ 21.49027504   9.66911196 -23.86085623 -10.51109498 -10.17728175
 -23.11958724 -22.28554754  -4.25045359   4.61782705  30.07631171
 -25.11872495 -18.14616116  -5.63980296][ 21.57084538   7.08900893 -23.75199125  -9.77781582 -14.05313205
 -21.86558578 -19.0075897   -6.52509015   8.7161251   17.6772368
 -23.13605301 -20.94921377  -9.13665098][ 21.64066664  11.70968937 -24.8329945   -7.223062    -8.61635865
 -19.64796497 -10.81036861  -0.19396251  11.88962162  36.41464039
 -27.83639985 -11.99100096  -8.40716436][ 21.43795885   8.83960794 -24.70367778 -10.18649029 -12.07961926
 -20.91067359 -13.0118878   -2.21039394   8.60033699  31.52372252
 -32.67396026 -16.52320101 -13.01407859][ 21.51338638   9.71002034 -25.15459725 -10.85107409 -10.73666501
 -21.88636973 -13.39625957  -2.4143738    3.09666708  30.77792074
 -33.51973141 -11.29993656 -10.55030037][ 21.46498222   7.60980518 -24.07074381 -12.56896278 -11.99446272
 -19.78968743 -13.20723338   1.14623999   3.47139352  32.12876724
 -31.59822028 -14.37435247 -14.0590985 ][ 21.26383747   8.15833865 -22.60968345 -13.14532496 -11.93266113
 -15.87302953 -11.49033323   1.43779196   3.09673214  30.96940056
 -31.60611276 -11.65094601 -12.25905396][ 21.34025173   8.63018019 -25.06700836 -14.23819331 -12.4308513
 -17.00464262 -10.82080055   1.36843122   3.53930189  28.82874694
 -34.09900506 -10.75696564 -13.87869217][ 21.1515614    7.85815917 -22.48978325 -15.5763697  -13.5672704
 -12.44667925 -12.08292847   2.04478393   3.99472042  27.33602547
 -33.08427762 -15.01754104 -11.26913318][ 21.02186021   5.92375923 -22.0520863  -16.26214136 -15.9512562
 -15.90875095 -16.10267716  -4.76384166  -3.00829572  18.13372438
 -33.42417631 -19.39199897 -17.90139604][ 20.99345605   9.33551797 -18.27009724 -11.48337686  -8.63045238
 -11.86355942  -6.49978237   5.89943038   3.75551491  35.98959721
 -30.85419383 -10.05052049 -12.15718876][ 20.67150486   6.6171099  -20.06362065 -17.24313194 -14.76008869
 -16.87150705 -13.05786336   0.73939093 -10.60358846  31.08558224
 -35.83410257 -23.74546629 -16.06896161][ 20.54528859   9.68430033 -18.2559323  -11.09621131 -10.7747317
 -12.65658116  -9.08388664   0.7876013   -9.74870201  32.01925077
 -26.87865634 -22.0202129   -9.3790876 ][ 20.28928715   9.50919753 -19.91012474  -9.76071183 -15.21036211
 -18.04264026 -11.52051091  -5.95499459  -5.44729546  30.12609494
 -23.11373597 -27.52327252 -11.70341907][ 19.92337006  11.85585874 -21.0772104   -4.7752452  -18.10288039
 -18.66361231  -9.21287957 -15.15370615  -3.9262666   26.17211003
 -19.92603582 -28.25230685 -10.00961777][ 19.28716778  13.81955276 -20.0682549   -1.07194662 -17.73356061
 -15.89364506  -9.67680224 -18.57529017  -5.70777065  30.72323981
 -15.96531984 -26.52136636  -5.33666495][ 17.64519039  13.58803927 -18.14575308   2.88112589 -10.77325759
  -5.59697147 -11.12665976 -13.91721539  -7.62813612  30.20032653
  -4.2541017  -25.60403444  -8.02228018][ 18.062459    11.48955854 -17.28553532   5.56286213 -22.88687447
  -9.26174635 -20.16896075 -22.27806117   3.66048079  19.29544408
  -8.16996372 -19.41287279  -3.78230367][ 19.38877406  15.49410282 -24.65823864   2.4913122  -25.03414924
  -8.90917665 -11.07564746 -24.10556625   1.58635761  25.28873548
  -8.41532702 -19.11850384  -9.54412363][ 20.20109585  17.00641133 -27.35956973  -5.56701721 -24.38410568
 -16.04034     -1.30613952 -33.08635691  -5.25693869  16.75152704
 -19.65318714 -12.22634161 -17.38449581][ 20.48266722  17.36288847 -28.38649732  -4.4978102  -24.86102396
 -15.45090072   4.3441687  -29.93742028  -2.554476    23.3842415
 -15.44653386  -2.12929784 -25.39140205][ 20.51145996  16.27778327 -26.75597137  -7.38509828 -29.83199951
 -10.72402601   6.99786623 -26.39261808  -8.73980563  21.96060874
 -14.87732438   0.12994028 -29.68324575][ 20.60942601  14.34042301 -17.98330205  -8.5151713  -25.93529402
  -2.74038858  14.59761968 -16.70181168  -4.42886416  19.24706634
  -2.17438348   5.7370639  -25.56455914][ 20.838481    17.46094283 -18.4065639   -8.24847072 -29.21233508
   1.6377267   15.11214225  -9.32121227  -9.41676938  13.54120789
   1.90680944  15.53809434 -27.11686019][ 20.92155035  13.48166653 -23.02718738 -19.13744735 -35.13266723
 -10.25444074  13.31899029 -15.56000297 -21.7240319   -0.98310057
  -9.14541008   7.71343714 -36.77207993][ 20.9731864   15.4807231  -21.37226728 -16.13987353 -34.25076727
  -8.15367217  21.37988264  -8.80666154 -22.27561207   2.41142111
  -6.47510239  18.11154035 -36.95098738][ 21.06958464  14.19554606 -19.70997887 -15.64119781 -31.21457385
  -7.6150966   21.64066678 -10.80758886 -20.8653282    0.50288717
  -2.2355811    4.41501471 -29.47301166][ 20.85455935  14.51516147 -18.162705   -16.68400755 -33.67141514
  -9.91418097  27.16150214  -6.27433555 -16.54415573  -4.62112405
  -0.52507755  12.16993572 -33.43221289][ 20.63308854  15.4108568  -17.32021706 -15.70853055 -32.30320185
 -12.70031613  30.51659248  -4.17232294 -17.52415546  -2.94878583
  -7.50873685  18.71804495 -34.46282716][ 20.46929217  16.69066024 -16.93729859 -15.98813636 -31.56323716
 -17.73171823  33.44187642  -4.17206569 -21.22469468  -2.1234442
 -18.4771946   20.93082848 -37.3628176 ][ 20.47467981  15.88122867 -10.89999849 -12.48279289 -32.85738568
  -5.93353178  32.73611158   0.09319981 -13.54064921  -0.85313526
  -5.67063857  18.06435253 -26.41519358][ 20.03315325  14.94776245 -15.36374908 -14.656902   -38.42505162
 -11.59865489  29.63850081  -5.40844889 -23.44635495  -7.58324417
 -28.26445778  12.27700956 -36.16016706][ 19.61495691  16.70553532 -11.02084231  -9.83401563 -37.06256803
  -8.25930116  35.49368016  -0.66442069 -23.92931431  -2.6048123
 -35.05637192  16.14479043 -31.49360913][ 19.26189792  16.17304142  -7.37169761  -7.61909698 -35.4204908
  -4.04895355  35.37885141  -0.56124088 -21.06829455  -3.4510733
 -39.35107252  12.55566562 -28.39029596][ 18.50476438  13.50190931  -3.15168548  -9.12588643 -32.81912573
   7.40258274  24.63790917  -9.04822132  -8.33739524 -11.43392636
 -27.91266584  -3.72280317 -18.59039867][ 17.42373111  14.35171723   1.32744851  -6.97845532 -27.10632671
   7.16767289  26.97668985  -2.30680099 -16.58226969 -23.25592853
 -50.71693354 -10.84851716 -25.36622956][ 16.47679568  17.88159664   4.32183829  -4.34129426 -14.85033707
  11.97368894  24.87725805  -3.64422914  -7.47995389 -12.33642203
 -43.92322221  -9.12731509 -23.01858331][ 15.32146371  17.4165106    7.08779473  -6.85667256  -9.16995112
  11.86008498   9.2863477   -0.77519228   0.72567156  -8.47760063
 -21.1072645   -3.0941165  -16.60508781][ 14.02531365  13.73918937   5.01013371  -4.6150037   -4.47901657
   8.36586687  13.30268601   4.78375629  -4.30193275   2.28439528
  -4.67468009  -7.08213993 -11.62343628][13.02997111  7.85830638  5.1191535  -2.78878607 -2.31352392 13.36771005
 12.23082557  1.40566625 -8.83004596  6.63219911  4.2462606  -5.71084289
 -7.31800481]