[ 15.84947448 -17.11795954 -23.87101578  22.83541829 -26.26684532
  -8.30996726   2.57949037 -11.50708863   7.92387424  10.77171386
  -3.39773195   5.45755213   5.54526021][ 16.41873105 -11.92674299 -25.60276698   7.11740551 -31.94736521
  -0.46045878  -1.29243409 -14.84522846   5.73810675  12.81309649
  -8.75540886   5.88908212   2.41151291][ 17.60762873 -18.35462738 -20.03680559  12.84958446 -27.72041141
  -2.86359373   3.29638802 -13.50294533   9.49919222   7.09668083
   1.08033209  10.55718628  11.7483038 ][ 18.22787927 -23.81183292 -23.85522337  11.47963223 -26.8348382
  -2.78218789  -0.75737084 -15.6495604   13.89782857  11.97051956
  -1.25357486  10.89565224  11.41700423][ 18.6357397  -24.9555621  -20.45855111  17.03905253 -18.51717351
   5.61483244   3.43674704  -7.789243    17.07613327   5.53749228
 -18.96726084   2.73501524  -2.73049743][ 19.56479925 -26.07326924  -6.06831484  14.2401765  -12.47800032
   9.58966443 -14.70635672   6.01797026  -5.33011959  10.31064914
  -8.15598711   9.56896701  -3.02222431][ 21.64352454 -31.88955912  -1.02253904  17.67445681 -27.03541962
  16.28753284 -13.71438009  11.11083151 -11.60026191  10.58760642
 -14.36154054  -0.44165828   4.57766255][ 23.00911421 -43.43164923   0.75280268  23.86966611 -32.55123421
  18.65633062  -7.55620218  10.46650019 -15.94918186  19.88577332
 -17.31606381  -1.61064849   9.43047698][ 24.01142326 -36.61629612   6.151313    15.94361744 -27.35989779
  16.40551323 -10.7596374   11.31239497 -19.89697738  13.55433158
  -8.51233175  -4.85194261   9.07878366][ 24.15060699 -35.70896214   3.20527193  21.07796531 -31.49057656
  18.38194748 -16.29515552  17.74817191 -27.2095591   17.29691057
  -7.55589689  -7.59323998   2.89933915][ 24.39144559 -37.71272516   1.83969121  22.77731728 -30.0530728
  18.62640977 -16.42783303  22.65959064 -28.95511773  15.90283943
  -5.08377739  -6.2455685    4.20425469][ 23.91906881 -44.25004271   3.69810504  28.85443629 -32.58961852
  14.76622567  -6.87789016  18.97566083 -27.30192013  18.1293706
  -0.48892279  -7.92453825   2.72540653][ 23.86310598 -36.73402967   3.43550399  24.79300633 -32.04802329
  16.00341789  -6.97681379  14.63009031 -22.94881139  17.25449996
  -4.5130845   -7.51776064   9.10632258][ 23.60977841 -54.40825532  -2.42630554  30.73008584 -25.93847034
   7.71769181 -10.33631828  11.40295713 -25.68899039  12.46711388
  -0.9398468  -13.18495047   6.98799924][ 23.60195549 -39.4380488    1.46303984  23.42995885 -27.4090325
  11.72389452  -9.35372362  16.09269705 -26.49765021  11.40847311
  -0.66425803  -8.96691336   6.66682694][ 23.52418977 -44.25487903   3.61190558  27.9023479  -27.92947027
  10.04955198  -7.55910562  20.05655538 -20.46287754  10.60988382
   1.66941244  -9.18719023   5.54243426][ 23.44258999 -39.71164716   1.76558485  25.45596911 -29.59869179
  11.82586275 -11.44704158  17.64812894 -23.67411675  10.03025507
   0.68920111  -9.43817906   1.06433514][ 23.3796268  -42.05189943   1.80109651  27.36598006 -31.93795769
  12.15539223  -5.69146069  12.70214593 -25.93291572  12.5497438
   2.77153854 -11.43858475   1.3924087 ][ 23.31901366 -39.82030363  -1.13293132  30.52520332 -33.44291655
  11.85888227  -3.83520357  14.33101439 -25.98779688  13.83447926
   0.74196967 -11.26238095   5.86361272][ 23.22763098 -47.84089426  -2.00002092  33.9898288  -31.94251975
   8.8893506   -3.04898209  11.13382491 -28.95932302  18.3884777
  -0.45140032 -11.17953083   3.55870631][ 22.90328138 -47.53787733  -6.17512635  32.17124842 -28.70887188
   7.74684207  -4.66826264  12.3180947  -27.69618983  16.48216574
  -1.96315962 -11.99135323   3.5292251 ][ 22.48337201 -36.69730413  -0.24707057  28.37861215 -31.21621258
   8.70339774   0.51761291  12.5337767  -30.86620702  22.92446418
  -1.79140928 -11.44568203   3.30653124][ 21.38257062 -24.21841802   1.08200467  30.5122584  -21.12716352
  11.41304099  -0.08642507  15.03827673 -32.27916114  26.11796078
  -2.52417375 -18.08351198   1.44504939][ 20.42896017  -2.98407197 -13.99811119  26.67929728 -20.57285992
  -4.54717436 -29.46812947  -9.46529303 -32.17075605  32.47712763
   1.67231293  -9.06096988   1.49754911][ 20.93443327   5.63674793 -21.8482816   29.19913988 -13.62939636
 -14.86776374 -19.29622087 -13.50618006 -28.9101145   38.02464442
  -3.13303893  -4.96344795   2.79434204][ 21.73313469   2.77094776 -26.18245712  22.69889267 -15.40186722
 -30.70660182 -16.8309048  -26.66232698 -23.83598331  32.44369639
 -12.51939315  -3.32273071  -4.81109452][ 21.82348284   3.02677921 -28.82798368  23.83386318 -17.41717033
 -32.90225585 -18.45905892 -28.95710674 -23.39915951  33.93281803
 -21.94098038   2.05522653 -11.94987107][ 22.14853376   2.0443663  -30.061214    24.38084524 -19.13323312
 -33.31254851 -17.37795705 -32.79643391 -18.08105535  29.21858861
 -24.18885587   6.63380136 -15.28817169][ 22.02347657   1.62946846 -25.67066192  28.22176999 -14.71064951
 -27.22525974 -15.38196104 -26.98562494  -7.75926354  32.72875334
 -14.36605626   9.25838434  -8.60051667][ 21.91872416   3.99962535 -28.88510343  28.20740305 -14.55356087
 -27.4712177  -15.67455863 -24.24245613  -8.2129946   26.98137007
 -19.69201976  10.97376058 -12.29363802][ 21.81224565  -1.18146328 -21.39521659  21.39046311  -7.7473986
 -33.29831088 -12.93655319 -29.96792843   2.16837664  20.12423169
  -7.26594801   2.30552827  -4.24391498][ 21.4232551    6.63573682 -31.90562991  27.44334908 -12.89265583
 -32.01086246 -15.09531332 -25.62661605  -3.97410305  21.46614427
 -17.59623302   9.79142198  -8.30658125][ 21.48361654   6.25542359 -32.09890466  27.75556743 -14.6070099
 -31.40693074 -18.18919399 -23.84571191  -1.61830322  18.923018
 -18.07617906   7.85740538  -8.36803399][ 21.13837935   4.90165941 -31.6987077   24.88538782 -15.89382636
 -32.60385554 -21.80727237 -24.82894243  -4.30815491  14.59112659
 -22.46889249   8.02902788 -14.33212185][ 21.04887552   4.3343699  -27.77994447  23.57525804 -11.8429342
 -31.70835305 -17.63792717 -19.69967421  -5.05102005  14.02400887
 -25.03090301  13.24573911 -15.54204916][ 20.70748636  -1.54527186 -22.47611116  14.57229657 -13.76776376
 -28.57694055 -24.04433165 -21.26751027  -3.47879644   6.16660054
 -15.35156113   2.85867708 -13.75086371][ 19.90846233   0.79183507 -19.85915902  17.1988014  -10.28591171
 -29.25362238 -23.5758612  -17.91854896  -5.97725645   7.27147942
 -22.00634739   8.57040131 -16.50081044][ 19.07824271   0.99896578 -16.23907107  17.25166235  -9.57455458
 -25.82668473 -27.93317641 -15.5673311   -8.50963116   1.51986792
 -27.88552404   6.98284487 -20.68443151][ 17.70049817   1.41738476 -10.93552348  25.08032385  -5.46073241
 -16.00506811 -24.25015688  -3.93165196  -1.08291688  -0.14288728
 -20.2339029    0.99064414 -20.9309735 ][ 16.42596766   1.84993305  -8.24898882  25.35421361   2.5819203
  -5.42938863 -18.67350765  -9.04516105   2.94006346  -0.80910142
 -21.73581172  -5.9025293  -18.52160517][ 15.70178905   3.36242264  -7.36669256  21.30406744   0.82912741
   2.77360498 -16.48646091 -11.29142188  -1.50528068  -4.78764647
 -12.19894712   3.10778212 -16.19200603][ 15.25755924   4.27040514  -5.77678989  21.434601    -3.99124382
   9.50375436 -11.85887625  -3.36193369   1.92154078  -1.37242635
 -10.89817998   1.25638301  -9.52615688][ 14.70903885   2.77235262  -3.77182887  24.48959555  -1.38841818
  10.25492028 -12.52964905  -4.63991192   6.49502686   0.20945713
  -6.980647     1.78664357  -6.55970276][ 13.95982284   3.84510478  -6.30099617  19.1499132   -5.30407996
   5.87436026  -7.84236723 -10.54220035   1.98392888   1.30297223
  -8.98181675  -5.26161774  -2.83634442]