[ 13.77997928   3.86160268  20.71963657  15.54305952  -4.87369269
  -0.14552928  -8.7836435   -8.6377647   -9.28330992 -12.58794829
  -8.47870563   2.76086661 -18.58401078][ 15.46611435  -1.19838505  20.40449794  40.10357117  -9.62423921
 -15.99278821  -5.9768164  -20.25034802 -17.15061395 -24.11288992
 -16.52939695   8.36683829 -27.8429783 ][ 15.71058779   0.21685558  21.18994745  39.6380299   -9.73434194
  -9.68468447  -1.50478777 -16.54053914 -16.98934097 -28.48633305
 -10.94003981   9.00617208 -23.10721561][ 17.49227114  -5.02316491  15.1240571   45.33046814 -15.03666644
 -19.36921652  -8.46099848 -18.73508937  -7.94021224 -25.10788938
 -13.98088512  12.46096798 -24.18604654][ 17.85253226  -4.85949188  17.45782817  45.60314866 -22.98433397
 -25.16069504 -11.13366947 -21.8174785  -18.19377367 -33.83048093
 -15.66341501  12.68785752 -30.86308262][ 18.00126504  -1.56360222  14.82388105  42.11545094 -18.41966064
 -18.85580296 -14.47786563 -17.72719817 -16.98529183 -28.86346307
  -7.560788    10.58857972 -23.32739798][ 18.15604259   2.20795197  11.83784265  39.63418618 -16.83852254
  -9.24129423 -18.65041011 -14.63751319 -16.26882891 -22.65321671
  -5.42093923   8.53701312 -17.98966096][ 18.67352335   1.59674833   5.20032469  32.94219283 -25.96944632
 -26.84986388 -20.93089797 -10.09572152 -27.78170727 -27.02201555
  -7.78107953   8.20795483 -23.88144032][ 19.27398576   0.06887212   3.68229247  39.74639465 -24.08381907
 -30.64871366 -21.99865219  -9.40535633 -30.18992002 -22.36268479
  -7.90700214  18.09921816 -18.68595586][ 19.83586095   0.2554839   -0.32982712  38.2859751  -26.81477066
 -35.1956685  -23.33864535  -9.27096952 -27.79316898 -14.04620025
  -4.72993594  20.77825217 -20.46366596][ 20.42058275   0.93876798  -7.45994933  28.84465671 -27.11704715
 -34.13042202 -22.38566887  -7.74942187 -19.42056372  -9.53171022
 -12.48943059  15.65627446 -21.861038  ][ 20.57123185   2.64615748 -10.2493726   25.87572396 -27.01388772
 -37.46527229 -24.76503898  -5.77205236  -6.42398756  -7.24661092
  -3.91046387  22.88973506 -18.48458833][ 20.65686511   3.371639   -14.31261845  22.30802575 -28.44534913
 -40.04629463 -30.15651484  -3.26789109   0.23483526  -8.60390777
  -4.23870344  18.08880674 -21.18833044][ 21.07950596   5.81830481 -15.06383915  18.43943567 -21.44064275
 -32.70514761 -22.22979984   2.69267199   9.74633465  -0.94784931
 -11.25829772  13.02048774 -17.19642858][ 21.43634417   5.76834435 -21.04751514  11.96225262 -25.76471405
 -36.0834586  -22.86615118   4.39692879  14.3161906    1.86232221
 -13.97413944  10.79745381 -22.47858383][ 21.54144898   4.23264791 -23.306512     8.71873686 -27.06022857
 -36.23533663 -22.92396858   5.00110268  15.233713     1.93421366
 -20.5199383    1.56205108 -23.18112774][ 21.7317738    5.84566358 -26.67733695   6.06075224 -22.84555755
 -26.84672859 -19.72100181   1.94493831   9.27633144   7.29307654
 -18.2723797    0.47603197 -18.98657624][ 21.77194337   3.84943834 -23.70857877   4.69509109 -19.04988584
 -30.62953833 -17.16007864   1.5971881   18.34503724  17.70947886
 -22.93268184  -2.75212049 -11.97064626][ 21.61557758   2.37680028 -25.41708117  -2.1566869  -22.35400261
 -33.17499023 -23.17558373  -7.89732462   9.5384435   16.36635099
 -35.02120974 -12.4600018  -17.52453525][ 21.37449702   5.51212997 -18.84507049   1.76310484 -13.29954585
 -25.51245035 -16.46519746  -4.66640901  15.22298548  32.30054908
 -27.2254995   -4.44212056  -9.95285227][ 20.85387254   3.08757153 -15.72652843  -1.16537507 -19.01761221
 -19.50408769 -28.72330054 -10.3000651   11.86693969  29.03728146
 -24.62680629 -14.01029991  -5.88229685][ 19.4346621    8.90253653 -13.24327541   3.80617798  -7.6814163
 -20.22041284 -20.8498716  -17.88515533   5.19259173  29.98234056
 -17.58010645 -10.43225183  -0.13377415][ 16.2676182    8.30803452  -3.04802606   8.26781296   4.14138276
 -13.38883733 -13.79022619  -4.36002226  -5.30678238  10.79485791
 -34.01351778 -26.7365595  -15.27800736][ 16.18778204  12.96321628   2.66161038  -0.57488451  -4.9730502
 -18.82349946 -25.92304739  -7.60118836 -10.69006517   1.67716762
 -25.30414664 -22.41314259 -17.92828426][ 16.09365022  13.76979834   8.24182635  -0.76712617  -5.41053971
 -12.71461807 -23.41717109  -7.37240462  -1.99382254   8.78769989
 -20.12968091 -18.82778272 -19.77403884][ 15.83343691  18.47636923   4.10867727   2.34617477  -6.98156721
 -21.13740914 -24.49531728 -12.34916526   3.71833199   2.37155071
 -22.8127848  -17.78170477 -18.8089749 ][ 17.63794241  -7.1879817    5.75334046  16.07626695 -19.38033875
  -0.70105943 -25.11147333   0.89046145 -19.28023031   6.24506089
  -2.13981682  -5.40169661 -16.39272234][ 18.88438792  -0.25656783  -4.17211495   7.96229638 -15.12658034
  -9.15149583 -37.52493117  -8.09419577  -9.39273516  24.05166469
  -7.28249372  -5.49966034   3.75649711][ 19.71307917   1.38710575  -7.10999902   2.0138463  -14.73055734
 -15.12426796 -37.10102565  -9.3756861   -0.5848318   27.42456545
 -12.81536845  -8.06814636   3.40413693][ 20.55742096   6.20377932 -19.79333369  -7.56808345 -11.33534042
 -31.63132707 -22.03042343 -18.88338711  -8.25940744  17.35890118
 -29.03533963  -7.19899819  -8.3983542 ][ 21.06279698   6.97315094 -18.19372681  -2.71298443 -10.56662355
 -33.20496168 -17.98130986  -8.65613431   9.90026065  29.44333602
 -26.02257779  -8.92263568   0.16218553][ 21.27617706   6.85281721 -21.35698807  -1.65409717 -14.1760981
 -33.29835393 -17.42103078  -5.62552825   9.9944657   28.87671067
 -29.55613141 -14.29348046  -1.88541465][ 21.3135807    4.84494751 -26.1124703   -5.51320248 -20.75283308
 -33.26720027 -24.18430054 -11.98019095   2.47869179  16.28979295
 -30.30182502 -21.7673866   -9.88453477][ 21.23408557   3.80832193 -22.64711155  -6.20974164 -18.1873049
 -23.42988997 -19.49401706  -4.75386475   8.08798438  20.14243838
 -35.10468358 -24.66188418  -5.28908204][ 20.99800253   8.09846784 -22.13521319  -2.74973165 -10.36310971
 -16.36428538  -6.64385173   1.87621285   7.38042485  26.73693602
 -45.71731974 -16.40761139  -2.12966126][ 20.88662295   8.11620571 -22.32404379  -5.2225021   -8.48278772
 -15.26278748  -1.94535563  -5.17104422  -1.93147418  16.7603702
 -47.27472826 -17.63002042 -10.11255993][ 20.74241706   5.77770445 -20.82371547  -5.54058239 -13.567611
  -5.65216454  -7.43877873  -1.77372805   1.05477233  14.77979319
 -46.06042078 -26.46445838 -10.74728921][ 20.44748424   9.20919264 -19.51689862  -7.90342962 -12.50693405
  -7.2537213   -3.68000394 -12.21495146  -3.87880542  22.03980781
 -53.94175098 -23.87186891 -11.473446  ][ 20.05934155  10.32806929 -16.37820055  -5.49299961 -10.67302204
  -4.92101965  -3.03688782 -11.77251844  -6.6835942   27.89271403
 -50.14755051 -22.12217526 -15.43116922][ 19.15634087  11.0502672  -13.18439431  -3.32218615  -4.19150391
 -11.40877103  -9.08406284 -15.35676115 -11.66066448  26.71360104
 -44.45971875 -18.75663677 -22.47735816][ 17.91033164  12.03660674   0.34421172  -3.17023217   2.90921227
 -14.05735376 -10.50374019 -24.60719825 -36.8046009   10.06180767
 -42.65244395 -21.80724473 -15.07444551][ 17.99590516  15.59504175   3.86841128   2.05140381  16.65769421
 -16.77454766  -0.65914515 -23.65070896 -36.44590229  25.82246222
 -40.54939027 -12.88384965  -9.93485606][ 17.96370665  14.69731779   4.868555     2.64470313  19.11468938
 -19.94153772   2.95638593 -26.61939951 -36.37176764  30.07908394
 -44.11984113 -13.90224334  -7.26570012][ 17.79205125  13.92865722   3.47659452   2.87214584  20.3735664
 -20.58342642   1.72941022 -29.58088712 -37.72751949  28.76895858
 -40.34536073 -14.43337411  -9.72694506][ 17.76817117  12.97568971   5.1399515    3.36615557  16.70865559
 -15.46974564  -0.80637359 -28.79132022 -36.91331331  19.92051593
 -38.03372223 -15.11351166 -11.71544331][ 17.62782969  12.92809682   8.04796533   7.45794025  17.2239331
 -10.56272369  -0.16128423 -31.62808885 -39.56886134  25.87745418
 -34.40790848 -13.12308147 -11.62285558][ 17.3418189   13.23735197   5.74339024  11.59292771  20.44000567
 -11.48391231  -4.30671714 -39.08585409 -42.24983902  22.91992876
 -30.34662901 -10.44471304 -12.55959253][ 17.66486109   7.72812927   5.42685017   0.3134063   -1.07972239
   8.09763897 -28.1569295  -19.35698807 -21.18247438  10.8988018
 -29.49541778 -30.04107723 -19.35841515][ 17.72272692   8.11371139   2.46729288  -6.77183587  -7.86489737
  13.55508103 -26.09304334 -20.58592333 -13.06125468   2.31829796
 -35.53890948 -23.32429205 -20.22666417][ 17.24024681  14.76880103   2.21170354  -6.88349511  -7.68589214
  15.5721825  -11.10540476 -28.06104328   8.68777825  -1.59227437
 -41.4805048   -8.22292846 -23.59051173][ 16.53435762  12.52879641   0.83109616  -3.36317139 -10.50265161
  19.82823689 -10.22019409 -27.28613806   5.98560415 -12.71266361
 -42.10268403 -17.87851903 -25.05213858][ 15.71298517  12.79849197   4.90029815  -0.13936212  -9.87018771
  19.33211942  -7.552848   -21.70510816   9.40716522  -6.17936751
 -28.0853547   -5.82742189 -22.02021779][ 14.3386934   13.0499414    9.09507716  -4.49999459  -2.61459335
  20.45738674   3.06278941 -17.45664748  -0.12383233  -3.77376512
 -13.29096793  -2.95946136 -20.35874283][ 13.3408473    7.18734971  11.97072802   5.13526161  18.83999287
  23.94888027   3.79526825 -11.65973891  -6.11953152  -0.40402426
 -14.28334264 -13.04481932 -14.52843607][ 12.24018681   3.54211888  10.51583972   8.44603182  14.16226689
  14.53469442  -0.53806282 -13.52062137  -9.06268531   5.74653644
 -12.25075728 -16.40288865 -13.95449446]