[ 13.37216955 -14.55104499 -20.62418385   8.51322655 -10.01456088
   3.47254433   6.37430707   1.08309013 -16.52187086  14.58982816
   1.14524577 -10.47741906  -4.05856451][ 16.18346336 -26.50922915 -27.15232208  12.05318831 -15.53463458
   4.29230405   2.68796618   4.92890287 -27.13629525  36.58737145
   4.74769396   0.86251418  -0.24187239][ 17.70425227 -35.81416014 -25.6424843   12.70877427 -11.62483813
   0.17996197   0.69591143   8.54768374 -18.53926827  21.71802034
   7.83112412   3.47289881  -4.27581095][ 19.44063838 -32.47147174 -17.96106837  25.5996099  -17.49684266
   8.67011612  -1.9912875   15.30895597 -37.98764427  28.79378001
  -7.4612266   -2.40297185 -14.12115232][ 20.2355313  -34.06236891 -12.95704176  26.15994133 -15.56924596
   4.65150975  -5.9840142   22.35244611 -36.62334572  17.33959383
   2.57267771   0.67842093 -13.83879319][ 20.62393657 -39.46653062  -9.8610145   27.11805006 -14.20243556
   3.82266913  -9.65684957  26.99852221 -32.81703762  12.73783528
  15.8662309   -6.18468808 -22.29118669][ 20.77992441 -46.51367564 -15.76249643  25.8305799  -14.01756205
   4.13673158 -15.19625496  28.15297581 -31.51812817   4.46683918
  13.75871164  -4.41052211 -16.37067837][ 20.98511942 -37.45597468  -4.83422939  24.47528973 -18.61013654
   3.52108075 -10.0873658   24.22938271 -24.92366884   0.87304827
   9.80853361  -5.14288033  -6.53238238][ 21.2836887  -37.0697543   -2.14223082  23.5033938  -22.30609265
   1.76986176  -7.82791652  18.57765767 -23.50673379   1.48557275
   4.37925653  -8.16611949   2.59016013][ 22.04934731 -53.8089473   -5.30868331  31.95677905 -22.49273872
   7.56967472  -9.98674145  25.89053615 -24.938531    -1.89158455
   9.88217483  -4.86294262   2.73859548][ 22.31372714 -38.05747122  -0.57835253  26.01051541 -27.32593102
  10.11972676 -13.30940389  23.64499601 -22.04149242   1.62441476
   8.5141949  -11.50448973   5.33379789][ 22.26095217 -31.89545783  -0.84465042  22.59986472 -26.01893475
  14.9935717  -11.45738746  21.47124998 -24.05106145   9.52369632
   8.84922358 -13.90706399   7.32392095][ 21.99405894 -40.63337018  -3.35344537  26.05373129 -24.73882472
  10.87551413  -8.49998183  19.61931248 -27.46126274  12.44994223
  11.62035701 -21.51692103   3.83907746][ 21.14510406 -29.82621542  -4.20240025  23.41514334 -25.80761523
  10.80272778 -10.9522677   20.55028364 -32.17270068  16.96579093
   2.46288709 -11.47399461  -0.36119662][ 2.00861479e+01 -2.97648910e+01 -3.52284648e+00  3.90596665e+01
 -9.86035243e+00  1.83786620e+01 -7.19485452e+00  1.92631631e+01
 -2.66864760e+01  1.87925670e+01  2.84159558e-02 -1.42770670e+01
 -1.45954100e+01][ 19.74185434   4.57475109 -10.39488799   0.13335982 -13.48045279
  -4.59546101  -2.16301202  -2.75607394 -10.36820541  28.49538422
   5.76147038 -12.5246399  -11.66442715][ 20.95654093  11.26116388 -32.63597447  -5.17446433 -34.90599829
 -15.31548422 -12.29837652 -20.17481203 -18.67467273  18.22771612
 -10.99451766 -14.86530697 -33.09550332][ 21.34797367  14.78444024 -25.11110704  -2.52399162 -21.37871289
  -5.79328481   3.48021592  -5.22907126  -1.87840891  30.63308872
  -6.00130247  -4.64305075 -26.99806561][ 21.77483784   8.89778783 -31.14877399 -14.50622905 -27.85812103
 -18.4773264   -5.37985444 -14.11288005  -7.36662423  17.67556331
 -13.89300075 -19.23873214 -33.08259521][ 21.72738026  10.33867427 -27.38693248 -12.10021639 -22.74671897
 -13.54000766   0.64427023  -5.0329178    2.53604247  22.92428337
 -10.03230345 -17.35482204 -27.5275293 ][ 21.90451957  10.06055426 -28.00384131 -13.89783721 -18.14872417
 -16.94095789  -4.52271339  -4.44015541   1.1072234   24.29405353
 -10.60239317 -16.904966   -28.61284549][ 21.83032504  12.87826029 -27.40262476 -11.34703122 -12.91461316
 -16.30356999  -3.66517137   2.35256124   3.48816664  32.49773644
 -10.4789481  -14.97827962 -26.71443216][ 21.95756715  11.29155681 -33.05978166  -9.75423831 -15.65439585
 -23.15940448  -8.32157828  -4.69060521  -0.20436111  25.88989094
 -13.33204556 -16.91777902 -23.41993931][ 21.91298475  11.31707608 -31.98805048  -4.38978775 -13.70833265
 -22.14315725  -7.83919335   0.24332458   3.89479015  29.28832215
 -12.49621997 -16.56633512 -26.45166497][ 21.86836839   7.73638609 -28.93614112  -3.97812147  -8.16407725
 -24.80643138  -2.81578732  -2.33261433   4.4999957   23.95150093
 -12.32880542  -9.85037364 -21.69323908][ 21.86246967   4.98118572 -29.05431628  -1.59245829 -11.63165046
 -24.61438457 -12.36636307   1.71887368   3.84555095  24.55395652
 -13.95339094  -9.17080342 -21.1740434 ][ 21.37633653   1.64672391 -26.59449651   0.64239942 -14.2197173
 -25.06506067 -21.28988434   0.47592514   0.46717822  12.46971728
 -18.37538706 -11.35073685 -19.98988987][ 20.99501233  -0.66347564 -23.57635727   4.01835406 -12.70833962
 -25.92210176 -27.11693425  -1.62693877   0.91412763   5.73119018
 -18.37257478  -9.92116906 -21.55077589][ 19.70223865  -1.28759778 -18.06802184   7.26005744 -10.93758264
 -21.01182692 -24.82214644  -0.61508712   0.78623511  -4.4349027
 -16.92381186  -7.49582607 -24.10079522][ 18.61154223  -3.43082696  -9.69360141  15.32938626  -4.38430265
 -22.84280982 -22.97822737   6.8881895   -3.05319892  -2.97861377
 -15.90010334  -7.71993195 -18.7995361 ][ 18.12886035 -12.51743712  -1.28707488  25.15386502  -7.37846174
  -7.0658536   -4.47324344  11.72336048  -1.82960931  10.75761442
  -2.54242289  -5.79404835   3.26018174][ 19.46765748 -28.64641132   2.39309398  21.40523404 -17.02587454
 -13.14676482   5.25993625  17.80930919  -4.60941705   8.14635028
 -10.28229375 -18.37168387  -7.44452119][ 20.50463593 -37.73024371  -1.25033053  20.97270277 -24.70382812
 -11.17068628   8.11451524  17.48635252  -0.37223506  14.67517494
  -2.43915699  -6.49335576  -5.47295364][ 20.99997657 -44.28982967   0.81933055  21.28232082 -28.62523296
 -15.88376761   4.87266008   9.54282105  -0.47915257  14.95791331
  -6.48842704  -1.71123005 -10.15234891][ 21.03509602 -40.85273598   3.93381965  15.5700526  -24.82919179
  -3.12568028   3.36917478   1.87648251  -3.79264466  14.15251495
 -12.40970598   9.24084198  -3.68399268][ 20.92252286 -47.51245489   5.33233241  18.23456865 -29.38750339
 -14.84348452   6.06602197   4.49993819  -3.54810391  23.17173676
  -7.96684324   2.50169452  -5.50259273][ 20.87780728 -45.88129712   5.70841217  17.25671985 -25.23993763
 -10.4242072    7.71540707   0.26051686  -8.78203986  18.35963938
  -6.44197659  -2.40802017 -11.98047377][ 21.03477367 -47.33744359   4.4711479   17.87902009 -27.04499005
  -5.2021051   13.57129212  -4.91410781  -8.02064126  17.41104688
 -14.89376791  -1.92105689  -9.38042574][ 21.34969966 -41.8629313   10.42622008  14.82982689 -20.56463709
  -2.9843441   15.66417636  -9.71862494 -11.10148111  23.32835176
 -16.46751241   3.69007371  -7.03931493][ 21.42767113 -48.3762567   10.90287882  17.70816389 -22.44244385
  -2.28269889  13.80905859  -7.83215134 -13.156948    17.12482601
 -19.3320072    4.11509399 -10.35992534][ 21.0299558  -44.67605185  12.59998503  14.12915925 -21.38034475
  -0.43131113  11.93526927  -5.6043462  -14.33694714  18.005174
 -14.10760922   8.45897111  -8.5663738 ][ 19.43833186 -42.08037028   9.58431434  16.84036881 -28.58515517
   7.6194033    6.99792473  -8.22220038  -3.18627572  17.88014072
 -10.26162522   0.18095515  -4.41195709][ 16.77463025 -27.22122348   2.29730431  11.46021539 -12.81364334
  -3.91345009   6.71712284  -5.44306638  -8.49632383  16.13463452
 -11.64388085   0.7231595   -8.94837345][ 14.11037942 -25.07933429   7.01484709   3.37279572 -13.95683551
  -8.41632141  -7.64851065  -3.97865149   7.00297766  32.89903369
  -6.10103775  -0.92266667 -16.52366717][ 13.63035956 -23.48329972   4.84294188  -0.09554277  -9.74668397
  -6.51054621  -2.19080688  -5.18150877  14.08810451  36.81322611
  -2.99786523   7.88839072 -14.16115661][ 13.0690809  -22.01138073   7.42859215   2.15651386 -12.80290752
  -2.06315269   5.61331597  -7.31578687  10.90286431  32.53980031
   2.92004173   1.56868972 -12.21922674][ 16.89474898 -28.01725712 -13.70631276  11.15593138 -28.86491246
 -11.42181881   6.91951265  -8.48838504 -17.194721    16.86114311
 -16.73832696  13.69478246  -5.76072787][ 18.21177581 -35.64400237  -4.96813081  13.44355852 -27.70488719
  -8.75266358   6.92985371  -4.13664876 -21.4967843   20.59998784
 -20.23634043  13.06480861 -10.22910538][ 19.65483887 -35.42493537   2.30705115  20.79971773 -21.62643433
   2.86059057   9.17838823   4.34206407 -16.78110249  22.19619911
 -13.8409283    7.33261053  -8.46472952][ 20.348399   -54.64336947   0.67257149  30.82879035 -23.10634202
   0.90089808  12.13865006   6.34404266 -20.31827348  22.33704421
  -9.67409793  12.64315033  -7.30924326][ 20.5471008  -36.84880772   2.74792068  20.86480176 -25.17351517
   1.33179639   9.17448334  -2.08317241 -21.34070743  21.96710866
 -16.52457699   3.09114862  -7.92297199][ 20.35196664 -44.43221966   1.87048217  29.50920146 -18.98759191
  -9.60920728  13.4686732    5.1318609  -22.02979205  20.38619365
 -13.57881287   7.28590518  -4.62156549][ 19.89758867 -36.34911864  -1.63412858  25.49701694 -18.61878744
  -6.14305365   9.79021999   6.08041928 -23.76988521  18.75112968
 -12.1219932    5.23360637 -11.04300226][ 18.96807525 -34.28666024  -1.77818414  20.54895875 -14.95461786
  -1.687345     4.61109657   6.95747915 -20.20225747  14.99724028
  -9.36875236   4.15900073 -12.54554195][ 18.16146934 -38.99069793  -3.81882972  23.06054099 -12.70508864
 -10.2705449    3.22820764  20.25960521 -17.97725559   1.68803908
 -15.42595982   8.26560222 -13.69654811][ 17.45808371 -37.46865413 -10.45717304  19.73947723  -5.96572199
 -14.86369741  -5.49675339   1.52836205 -27.80807366  -7.79355502
 -16.93286733  13.57610381  -7.88666807][ 16.20181835 -29.72105479 -11.20624196  15.00437138   9.38984825
  -7.23517433  -6.27917656   6.36115539 -18.03449979 -10.03404962
 -21.31441726  11.55438326 -11.75861649][ 14.20706874 -15.39156509 -14.99126752  11.93799217  12.05957732
  -7.86435191 -15.86724731   4.90930845  -0.72429085  -1.84455395
 -27.73056059  10.30965341   2.34987607]