[ 15.66150709 -12.39850728  28.45463229  -1.79169304  15.3804795
   7.68645956 -14.88698131   0.35077269 -19.14102405  -8.1684422
 -13.95603914  -9.67771817  -8.81018856][ 16.76734114 -17.62480619  30.39609131   4.88897645  22.55490405
   4.61407827 -10.82862586   0.56480228 -15.33905871  -5.22721367
 -11.61171098 -14.16083782 -15.21718837][ 18.05077242 -23.01961081  33.05971924   0.2515473   15.54160891
   4.69386971 -17.04103462  -9.18650675 -18.77103792  -6.95408871
 -23.39617168  -9.77746287 -21.01919443][ 18.52961502 -27.96364592  34.85738652   1.07866072  18.86504368
  17.16723609 -10.53054544  11.24457858 -11.56632029   4.54725642
 -12.90650179   1.44263637  -3.86854308][ 18.83643365 -29.1104936   31.94300283  -4.20866875  16.61381705
  16.29487925  -5.62877185   5.66529937 -15.97264369   3.27875826
  -8.7336407   -1.15208708  -6.03322123][ 18.70942505 -30.72675826  30.72525308  -0.38196888  18.6440504
  10.78269357   3.16133286   7.57862096  -9.20850245   3.30329274
  -0.29289314  -1.51250987  -3.24114583][ 18.73513505 -31.77932054  26.6587375    0.25362622  17.35744582
   4.62831544   3.86286264   6.57745638  -3.4817133    0.23731148
  -0.27058467  -4.21779256  -7.89425436][ 1.91164636e+01 -3.41498857e+01  2.53236562e+01 -1.44171205e+00
  1.81438486e+01  5.25113141e+00  9.33959700e-01  1.22999863e+01
 -6.16543361e+00 -7.36701771e-01  1.89938981e+00  1.39052980e+00
  1.22458485e-02][ 19.20482802 -34.44622429  23.36744009  -4.47017557  17.12838379
   7.12016907   1.19864942  14.95532703  -2.68742082   0.55715297
   1.00911989   1.18253454   0.39561877][ 19.29520835 -32.50351378  20.95805104  -5.85921007  12.90936047
   4.58441161 -11.39462596   2.34940646  -6.49016586   1.25496328
  -6.51020372  -2.08108454  -3.24683563][ 19.40941139 -30.21616126  19.69887709  -5.70636908  10.41730709
   5.6945861  -14.37583214   1.15629668  -4.52254812   5.33802749
  -3.55128711   2.26270487  -1.42633245][ 19.25574234 -25.7274964   21.03521644  -0.12335943  11.40055163
   4.1272131   -8.14960986   4.67314445  -4.43123691  12.48372552
  -3.94056073  -2.54794586  -4.31943037][ 18.81489193 -11.88914388  14.7080316   -5.42469679  12.93151208
   1.87948702 -12.25901076  -0.25674764  -4.5440272    6.64216952
 -13.4966982  -13.18977747  -3.48566555][ 18.64305862  -2.35033772  10.97524552   4.28335454   7.16468626
  -3.60716192 -12.53681952  -7.90413292  -1.38077465   8.94417261
  -3.75763187  -8.04292656   3.29236354][ 19.03066246   3.1370244    2.5527078   10.88025146   0.97452632
  -6.77588237  -9.15654676 -13.53871213  -3.41974283  10.93903055
  -3.42919622  -8.86051631  -2.28855852][ 19.55845768   6.3756575   -3.18586993  16.73512874  -6.0481637
  -7.64510122 -10.00476156 -19.60485459   3.70947943   8.26499145
   1.44757637  -5.34804869 -12.18904163][ 20.23934333   5.34896097 -14.29408276  11.09841434 -12.60238007
 -18.44651878 -17.97373797 -26.99159843   6.59104554  -5.37665642
  -2.55601861 -17.59402155 -20.97259419][ 20.47159345   7.41103107 -18.79945547  13.02970394 -15.88498876
 -16.22735491 -18.00667244 -25.81245009   8.36605713  -2.91834733
  -2.57040514 -13.26383088 -19.58110228][ 20.60655975   8.52829626 -17.77134419  15.21650167 -13.13119909
 -12.70170512 -12.81726909 -20.23868851  16.61892478   1.86721216
   1.06780997  -8.59427273 -15.75216046][ 20.70264913   8.53049432 -20.3898143   15.60393869 -15.69548534
 -11.71888752 -15.1647394  -20.99134187  14.7740158    1.22484066
  -2.8841146  -10.5713582  -14.63974377][ 20.735816     7.19366742 -22.51541574  14.09732007 -17.34802075
 -10.97201078 -19.06526687 -14.63850139   5.67519524  -1.89455425
  -7.93077808 -11.46679805 -16.58611624][ 20.67479539   8.35730976 -22.60825588  14.88243365 -16.86297637
 -15.29684911 -14.67206132 -19.33038854  11.76752361  -1.44624916
  -5.01120187 -15.01266328 -14.42338997][ 20.58971638   9.1693901  -22.597911    14.20225849 -13.57700806
 -17.23351042 -10.90106685 -18.70221076  12.47954068  -1.85910024
  -5.98610405 -12.2356225  -16.0229158 ][ 20.5576254   10.15355076 -23.14180939  18.04552327 -14.07276884
 -15.59396664 -10.30735357 -17.01602625  16.16273462  -2.44343492
  -3.51911024 -11.55829347 -14.21716122][ 20.44462648   9.52921462 -21.54425149  17.01672843 -11.50504196
 -14.26956945  -7.42032983 -11.15908884  18.34311506   0.04637048
  -1.7420242  -11.01560888 -12.06166281][ 20.34592102   9.91274259 -24.61191728  13.25162817 -13.84005216
 -11.38943347 -11.54370843 -14.14306579   6.41282318  -4.75443577
  -6.71994745 -11.69056464 -13.16899072][ 20.30554732  11.07496765 -23.2265818   13.37465791 -13.60584617
 -13.07147045 -12.60916031 -13.92050229   9.01050946  -0.72668053
  -8.64190637 -12.2802238  -13.41200929][ 20.19545853  12.72564383 -23.85746037  12.97625722 -13.68286607
 -13.82876163 -10.3413388  -14.8776926   10.34510917  -1.6691228
  -7.47405604 -12.34259901 -14.74480017][ 20.17708833  12.20300889 -22.02964338  15.87192563 -12.5906194
 -11.02358239  -7.42583693 -14.57875245  15.64644659  -2.48954015
  -2.77165295  -8.00057924 -13.74534298][ 20.08632317  13.59533839 -24.72600495  17.98637895 -16.75924891
 -10.33987801  -8.80468148 -15.84543766  14.31570425  -0.97193489
  -5.28751651  -6.60383536 -13.86445759][ 19.81343321  11.50967371 -22.57038948  18.54521906 -16.87385567
  -4.45739971 -12.00202315 -10.36554473   8.29624503   8.85294221
  -5.78324535  -6.55954452 -10.40339633][ 18.5731157    5.8497713  -14.52377059  16.32486964 -14.97699198
 -10.29056507 -16.2692938  -15.17861617  -4.24548583  17.49145214
 -12.0697946   -9.89532135 -11.10050819][17.52420555 -9.28997304 -6.25726734 23.48596711 -8.90833348  2.77141943
 -1.75659693 -5.10875551  3.01766204 15.22898355 -5.87360633 -3.93610765
 -0.21592126][ 18.30414641   6.02288762 -13.75954099  11.25776326 -11.73024445
   2.2090278    1.58995249  -5.84606744  -2.13824464   2.51626007
 -15.32709758  -4.51636446  -1.64993455][ 19.05390635  13.48963625 -18.6989653   13.27065129 -11.90720507
 -15.28236164  -2.91194927 -13.26712073  -4.41412182  12.57182474
 -11.8064854  -10.22988535 -12.78620272][ 19.43688521  21.81566153 -24.60426872  10.22824234  -5.51268692
 -22.54917638   9.52289408 -21.52168396   2.87072203  11.39076086
  -7.20870904  -5.35058472 -18.06996651][ 19.49946745  23.32450438 -25.66616228   7.41077411  -9.19882763
 -16.47589969   8.85941384 -18.38519545  -2.77217429  11.18223494
  -6.60503951  -2.44305144 -23.55334974][ 19.49605859  22.56469145 -22.66489088   3.65719369 -13.61296601
  -8.29522776   7.95435462 -19.79076671   1.07997688   5.0251209
  -0.4908694   -4.32073579 -22.08683415][ 19.44396555  20.57077196 -19.66602421   0.49945061 -18.46828076
  -4.48316628   8.36346744 -16.58272749  -1.24203693   2.0521385
   4.87477994  -5.21123747 -17.68709502][ 19.37770084  21.91676249 -20.32403071   2.46608424 -23.66574776
   1.08456246  11.37277574 -12.66408568  -0.24749401   0.52044568
   4.7732736   -4.01342998 -15.95627067][ 19.26644778  17.30542792 -12.53759649  -3.44804976 -18.62187907
  -2.30000818  13.88248663 -10.38386061  -2.73133444   1.48249983
   3.06487413  -1.90365819 -14.8491158 ][ 18.83960685  24.35853765 -13.73679756  -3.61279163 -23.6565156
   3.87145064   9.50011917  -7.71909501  -4.16264618  -8.02194049
   8.14736877  -1.80148359 -14.63197854][ 18.52266645  25.24120247 -12.98329458  -1.17574196 -26.9644926
   5.43861749  13.23509236  -6.08928901  -6.21029631 -15.63989913
  13.36754943   1.34822421 -15.56175438][ 18.21114964  24.6574176  -10.14240158  -2.56788515 -24.12922813
   0.78985686  18.56190235  -0.70574809 -13.88860926 -12.38890359
  13.19057438  -1.48815662 -12.32933385][ 17.9313383   23.76914029  -8.40599713  -1.22642649 -22.43042098
  -1.5667267   23.49963996   1.09777387 -13.92989204  -7.92213133
   6.66699144  -5.27803368  -8.55933831][ 17.71899851  23.12803277  -6.07290938   1.50638384 -22.32501217
  -3.16545136  27.26430128   6.35371256 -16.51355365  -8.06714869
   2.47897452  -8.1702842   -2.26210766][ 17.57652739  23.88637758  -4.28558605   3.14154079 -24.43600965
  -1.9440874   29.55982601   4.21852464 -11.09242256  -8.87226725
  -2.03668571  -8.70559115   6.65231297][ 17.2104284   21.93077485  -1.016183     1.42206364 -20.39788295
  -1.74445598  27.10481194  -1.2501841   -8.81050888  -4.7433859
  -8.10869567  -7.86920055   1.06342129][ 16.76931134  24.77003573   1.57248378  -1.12328798 -16.29183558
   3.50418159  20.92380792  -1.77006004  -2.25007205 -13.49321382
  -9.58143681  -4.3528446   -7.07244615][ 16.42105939  22.94880609   3.71912968   0.39810536 -12.79795655
   2.74012691  25.70953848  -0.44181087   2.65726082 -12.95110541
 -16.73224803  -5.90281268  -7.16624578][ 15.97470798  19.62701584   3.7373739    4.64484606 -11.65137965
   7.64045883  33.66026845  -3.01761735   3.93592957  -5.04626386
 -18.94852487 -13.55229109  -7.63574654][ 15.48038372  17.18865355   3.94363171   6.8208585   -7.22093601
  12.07524358  28.70798749  -2.59813898   2.99561582  -3.62474744
 -15.25377569  -9.19742636  -5.32151076][ 14.91646436  14.73939372   2.20410154   5.46083191  -9.02117979
  14.20017461  26.17949047  -2.36112527   5.4849983   -3.86813767
 -13.19716736  -3.78863547  -7.01615033][ 13.9117836    8.5848491    8.33065449   3.72927267  -2.16703811
  28.02797516  31.29171699  11.51597835   6.85270164  -6.53292195
 -12.67848786 -10.81671353 -10.01199384]