[ 11.43699774   6.82796951   6.31238789 -18.00369191 -17.6802981
  -3.67425495   1.98130983  -0.03007422  -4.58497553 -14.87016193
   3.40344303   1.56333304  -4.64822207][ 14.53317359   0.20474261  -8.89473054 -10.12588902 -55.8703616
   3.19719477  30.11760348   7.84109311   8.96664587 -12.08747483
  13.94696409  -9.6529148  -24.79862012][ 14.62307237  -0.55369608  -7.18521398  -8.22315527 -56.04415377
   6.14742744  27.03398363  10.80280303   6.85419286 -11.53526771
  12.24957472  -9.48991889 -24.33227455][ 18.57540477  14.28719518  -7.21127814   0.82263837 -52.98043236
  -2.14034795  13.07610863   7.25604083  -8.54250865  -9.75196949
   2.60582025  -1.70166109  -5.38317456][ 19.53211223  14.15170161  -5.57650127   7.95737716 -49.61512092
   0.70576292  17.29310916   5.71187487  -9.55847268 -17.79975902
   8.26349181  -5.25460274 -14.13506288][ 20.26685015  15.79021177  -4.3739067    3.31122758 -54.48553213
   0.48799097  17.18767659   2.2272033  -11.27571339 -18.27372086
   6.08810307  -6.04577099 -13.23783549][ 20.22140419  17.61948465  -5.48310617   1.70369276 -38.90823821
  -1.12850539  13.91047476   4.81984196  -4.35288328 -16.59400271
   2.8886732   -1.60939822 -10.97899784][ 20.54507497  20.86936283  -3.38939315  -2.79017031 -43.60254291
  -0.41387776  12.97113891   4.13696569 -12.31697526 -13.37307051
   3.29089232   4.20260671  -9.02795659][ 20.4651723   20.09561669  -2.87467275  -4.36622026 -44.11836592
  -3.0111606   20.09537897  -4.89477346 -16.39303241 -17.79615168
   7.24688088   2.24793894 -11.58804467][ 20.63819805  19.42208051  -7.42564761  -1.3102849  -44.10973612
  -8.27032252  18.14624452 -11.27753065 -13.83294282 -24.1436279
   4.66219561   3.51883281 -15.89990871][ 20.44256473  17.94236449  -8.15721362  -0.51876987 -41.93483108
  -1.98547722  12.03290834 -15.08507634 -12.79985405 -22.85718756
  13.06487146   0.36665242 -12.32228776][ 20.39413572  18.79298995  -8.9248891    6.59023372 -42.95016668
   3.8887095    8.04294753 -18.88040212 -14.02632804 -20.42466626
  15.81725925   4.43349219 -16.11519739][ 20.21097418  17.16192048  -8.44761398   9.40202199 -36.84825257
   6.27302993   6.22795319 -23.85842345  -7.18727917 -16.40776338
  22.65769463   8.65451563 -14.25638994][ 19.64237086  12.32056009  -7.81126121  10.7783795  -30.54317127
   1.23012491   0.39537385 -31.76680543  -8.4448882  -12.98577717
  12.81520639   3.5555558  -22.4464651 ][ 19.10379678   7.73144223  -4.16465206  15.16450588 -19.81726567
  -0.50907001 -10.31100191 -30.07229603 -10.82060407  -0.235927
   7.8841082    4.82180116 -25.24461254][ 18.30823747  -1.04337036   3.57056674  17.44006376   0.16936857
   3.21635262 -20.74647735  -6.56754691 -16.96596332  15.35610622
  -8.93377312  -0.31867788 -16.74295181][ 19.75916016 -19.77748334   4.33478386  29.22431668   5.83937583
   1.66075188 -11.66583342   2.99761365 -26.91890748  -1.97118981
 -12.69354152  -7.26247075  -7.47849879][ 20.77378245 -30.31762902  -4.62072874  23.52431261   5.00565345
   4.57580579  -2.8571826    6.30434168 -11.04558185  12.62891139
  -3.92836241  -7.94565101 -11.61353367][ 21.52820691 -34.6244213   -4.29720422  25.2810361    2.43648086
   2.36978593  -4.18013321   9.79941901  -9.73801566  15.67652319
  -0.95536364   0.90148872 -11.06869356][ 22.03610817 -43.79337663  -7.43408705  25.74221342  -4.684254
  -4.65517129  -3.50716682  10.97354159 -19.69546565   7.99323799
  -0.85299792   0.66269502 -10.41726711][ 22.23540034 -43.47887873  -3.81222198  30.21041842  -6.68897327
  -3.65735381   3.0414216   22.16768222 -15.15853929  11.77185435
   5.00721047   3.64560651  -4.38720423][ 22.24461581 -33.93985145  -4.00067294  20.19929979 -10.8114503
   0.05814156   0.31178676  16.91429242 -14.95186357   9.68140856
   0.07161121   0.93141988  -4.58804231][ 22.32953132 -43.81637823  -4.00751944  31.48826059 -10.9141765
   0.49926795   3.90925908  16.49463924 -17.29627678   1.56057174
   2.90946965   4.90248662  -1.57039403][ 22.57627396 -49.38255073  -7.99527998  35.80105099  -6.16549899
   2.02650007   5.14751228  23.93448178 -14.92444127  -0.21777413
  -3.15266835   1.14132653  -8.69961581][ 22.59776388 -46.70438952 -10.44604951  27.20298979 -11.68151002
  -0.73084761  -1.20723588  24.30367352 -17.99261727   2.73949826
  -3.28681383   1.03492062  -5.74688906][ 22.51209723 -46.39033865  -8.16910214  26.25710146 -12.60895012
  -1.42521929  -6.49953003  24.89759775 -14.59747855   3.75567821
  -5.83042362   0.21370119  -0.05901046][ 22.40249491 -41.24429351  -6.14126121  26.22899916  -9.17703425
  -5.05471333  -8.95952082  23.8412946  -14.22382416   7.73179338
  -0.65873957   1.10385774   1.33130343][ 22.27276761 -39.56329504  -4.11422412  28.24570638  -8.47877285
  -9.46612586  -6.26902695  20.76593791 -14.81081952   8.09482553
   1.63999815   1.16641662   6.18816432][ 22.11984056 -38.55199283  -0.70819507  35.49984067  -8.94116028
  -9.06532906  -6.00749562  26.08188832 -12.75890859  11.27393421
   1.00237955  -3.67996051  -3.02477802][ 21.50605528 -35.15424715   2.40621133  33.60103098 -10.47102419
  -4.50614491   0.62536929  19.10353352 -12.33163191  20.62897414
   5.2637551   -5.55305961  -3.25627913][ 20.57995466 -31.61846554   3.65784596  32.91300322  -8.18864397
  -0.50484295   7.25318765  13.67860028 -14.39999192  12.59890066
   1.68134409  -1.00064461  -7.25825414][ 19.75829784 -14.08632657   9.55847024  33.24930639 -16.62707134
 -11.14060891 -14.03259035  -4.06178879 -14.95819795  -0.88784041
   2.14563133   3.76528653   0.77606028][ 19.69253648  -1.74953904   0.95616074  28.7298891  -18.74753051
  -6.66583714  -9.62156017  -8.08616394  -6.72049493   1.16853143
   1.98517512   5.16856491   0.86532315][ 20.12079901   4.60304722  -9.36210317  29.41972202 -21.99165719
 -16.81841038 -15.67343782 -17.93144943   4.76509149  -9.89320136
   2.6505658   -4.06037771  -1.91037992][ 19.93199297   8.57543215 -12.93774205  25.1320083  -20.8854301
 -25.96520935 -20.76257974 -24.90292319   8.45201491 -20.98036365
   8.76195926 -15.17713602  -1.72958385][ 19.90442141  11.75098637 -12.87644698  25.2500915  -14.35904008
 -27.11643824 -19.53096073 -21.60551849  10.22712128 -15.63203128
  14.36640593 -12.41105482   0.64944326][ 19.92669123  10.10021334  -7.19712061  22.31928177  -9.57536512
 -21.27398268 -15.21052715 -12.44157854   7.58237376  -0.072478
  10.33354613  -1.31800868   5.24319055][ 19.78513537  10.82519769 -12.25513935  18.9774265  -18.05955507
 -27.05461406 -16.08693213 -16.87893147  10.65677299 -10.94847169
   3.68965569 -11.1228602   -8.51472606][ 19.49799183  13.34225358 -13.51651296  19.29513607 -17.94409398
 -20.00850203 -10.79548054 -13.73566064  15.32189549  -7.305363
   4.17381215 -14.10456767  -7.45406355][ 19.30449803  16.12658015 -14.16397894  18.66587936 -18.20907121
 -15.63560554  -8.25288801 -15.53163547  14.78915933  -4.75616946
   3.9080213  -19.72942936   1.81145301][ 19.12630446  17.24179127 -13.73463853  15.27543188 -16.13164385
 -13.6838655   -5.96576952 -19.06105034  12.22579286  -0.53967902
  -4.20625601 -14.6685529   -1.8228647 ][ 18.94124179  19.10554439 -13.91689909  15.6226432   -7.44083742
 -13.21707821   0.05114558 -17.28304048  17.1193575    1.31329345
   0.70030648  -9.34095728  -2.08113977][ 18.47606565  21.40075365 -12.04277803   4.06100522  -6.93757594
 -13.20151467  -7.03395728 -21.48451885   2.88495979  -5.29911121
  -3.29349593  -9.47866359  -9.07336882][ 17.94017296  24.2535391   -9.07208128   1.17378597  -4.56820672
  -8.36683627  -5.36149951 -24.43899498   0.39548519  -3.21418163
  -4.8072952   -2.23544246 -10.44060567][ 17.33743029  24.31433311  -2.45725985  -4.1234533    0.41746507
  -4.02473788  -2.06950023 -28.33814961  -1.51945429  -1.79324073
 -13.59240556   6.44184331 -11.00429353][ 16.7271434   21.13260918   5.73930337   1.3523035    4.59171742
   5.7067602   -1.11021193 -29.25686712 -11.67706298  -7.56616998
  -4.80222554   8.35015629 -13.21419822][ 16.65700372  18.82593631   8.14652951   4.98944519   2.73371524
   3.64835113  -3.21285388 -36.03593228 -14.52044955  -4.49751583
   1.55416851   9.3908626  -14.42063457][ 16.61079466  18.65558809   8.48223504   7.11429184   5.86055029
   5.76232496   5.76932868 -28.01476636 -12.37450531  -2.18256897
   4.03124015   9.96850903 -13.44234492][ 16.6081295   19.68524209   5.1300592    1.91373817   4.89224335
   4.51749085   1.24793824 -32.58358741 -14.48378096  -9.78001993
  -1.21103423   8.47488539 -18.26744482][ 16.59436403  19.95051181   6.35469368   5.17413293   3.41907491
   9.79816062   3.04117034 -36.20020177 -12.14766457 -15.18837272
   0.59062026   7.46886946 -16.28719588][ 16.55131387  17.74583169   5.27663185  10.38710383  -1.54925001
   8.14960497   7.34307511 -40.45257562  -9.09944567 -18.28412255
  -0.71602972  10.15445496 -16.84264975][ 16.46625584  15.94803378   6.92688319  15.09823197  -3.98063142
   8.1877401    8.53030242 -35.91604013  -6.53375617 -20.44020296
   0.19998321  14.97483252 -15.48039925][ 16.33903367  14.99240698   5.74111761  14.55784592  -6.03193562
   5.6190953    7.03877815 -36.60828753  -3.11777967 -17.73225082
   0.53296793  13.38019147 -12.4941081 ][ 16.32393586  14.87415389   8.60581739  15.45165591  -8.32702613
  12.21165057  13.44283931 -28.28339933  -0.86322364 -13.24579272
   3.40512411   7.39499798 -11.92255995][ 16.75451354  19.11919875   4.2896365    5.23914574 -20.69069792
   3.33856768  11.07121112 -29.86490522  -2.86651794 -10.41805209
  -0.1858168   -7.90449894 -11.2033723 ][ 16.99006315  19.80563014   3.05144025   7.57806471 -24.60232821
   2.18426705  15.58237369 -30.3601857   -3.10042142  -3.28176267
   3.84250166 -18.17515518  -2.12321745][ 16.98975916  19.76367101   1.13052136   9.66203772 -23.53822569
   3.10091245  15.02182894 -28.93805872  -1.052381    -2.09790281
   4.68649731 -21.07330954   1.37004679][ 16.73025693  17.90134815   1.7015874   11.40028082 -20.24924756
   7.14856529  12.24066398 -27.59720238   3.35252321  -2.03586429
   5.00689216 -25.22413206   7.44981717][ 16.30122065  16.79008984   0.05990165   9.37925327 -17.37345578
   8.05906162   6.1851986  -25.84523981   3.02746158   1.19366396
   6.39367234 -22.82811557   9.49607128][ 15.69349414   9.19977133   2.39890507  11.66138525  -8.47447988
  11.85716356   4.2831353  -13.65650322   0.27704674   7.49021404
  -4.06079968 -18.2358436    0.97313029][ 14.81044296  13.20976342   4.87977991  12.01512419 -11.92850075
   4.37904307  14.8346786  -16.29398548  -6.1106278    3.35334958
 -10.91540158 -21.91469351   5.18352537][ 13.85114426  13.70716023   8.11058939  10.06182437  -3.00353444
   4.07058301  15.20437668  -3.82658733  -1.21562798   5.11657984
 -13.92540923 -19.59048757   2.98158857][ 12.43753814   5.35840457   9.50553634  11.92856447   9.33327893
  13.2331585    9.80035078 -13.32632976 -10.204208    -5.51355017
 -23.31667105 -12.89205697   0.71010598][ 14.71705495  -0.68674983   8.69971794   6.97774917   7.1008702
   0.67696064  -5.12541335 -10.89273758 -12.76943465 -12.25455619
 -10.93506566 -12.47713133  -9.49299508][ 15.05620625   0.85163418   9.40264362   8.20882186   6.24277441
   0.02196155  -7.21069673 -15.09720397 -15.97686813 -15.67471763
  -9.66068933  -9.8358212  -10.59198805][ 14.92999771  12.18976547   7.3523252   16.94187233   0.60882545
   1.40275297  -4.22599243 -30.55593336 -14.94508467 -31.45865387
   1.75706782   0.32820601 -14.52226538][ 14.63506629  12.15214775  11.56695476  11.72812613   2.94026517
   8.6464353   -7.14489255 -23.69815715 -10.47367847 -30.23003057
  -1.46497108   1.65628754 -10.59896514][ 14.13164118  10.45445693  13.49892507  11.02977598   4.64522958
  12.23510612  -1.74184882 -27.11909289 -21.847881   -33.87041479
  -0.49092138   5.67533944 -10.91661625][ 13.75273837   8.20224174  13.75418527   6.24524263  -6.61264881
   7.11952778  -7.73351762 -31.65556642 -25.22674861 -31.48978005
   0.79831794  -3.94496217 -14.45106138]