[ 15.73149722 -17.2837519   -6.98153561  19.83874423  -9.57828847
   5.34980868  -8.24841709  -9.02315315  -6.71875235  22.03777852
 -11.07779596  -3.26594728  -6.58449717][ 16.95375932 -26.053906    -8.30129584  26.32046724  -8.1284627
   6.40602525  -7.13172147  -3.52141919 -15.31028942  23.5956024
 -14.12339901  -1.63250964  -6.24122163][ 18.16116745 -33.76126241 -12.085959    26.33742146  -7.4920772
   6.0273478   -8.61320641  -2.96238712   2.19529821  27.31723555
 -23.23428529  -6.27436222  -7.00042505][ 18.79618759 -37.46079667  -9.89132462  31.28649255  -7.29322401
   1.10671951  -5.13950382   8.95118772   2.01766924  26.47208141
 -21.72321315  -5.61421209  -4.22440443][ 1.96384959e+01 -3.80402846e+01 -7.89274206e+00  2.92961623e+01
 -1.24082605e+01  2.79879326e-02 -2.60648529e+00 -4.99898647e+00
 -1.19701807e+01  1.65804683e+01 -1.90589834e+01  6.46918314e+00
 -1.15925399e+00][ 19.92251457 -39.80985988  -3.7783209   26.8345037  -15.52020309
   2.04139457   4.88918342   3.72610064 -18.26699303  15.75705506
 -17.67460418  -0.27272559  -6.68941254][ 20.37065512 -45.74005195   0.42396717  33.84113774  -8.27579969
   5.09579862   5.62998015  -0.09955147 -18.08649753  12.41113233
 -26.49349534  -0.91644403  -5.60684683][ 20.66878122 -38.55185089   0.15253294  20.20123358 -20.49559695
   4.86138361  -0.61390986   1.7458005  -19.89158702  10.23217254
 -22.39737901   6.67854786  -6.73426709][ 21.02165723 -48.04711398  -0.46443502  25.47145385 -14.37036565
   8.67799508  -3.0206779    6.15211211 -14.43364253   6.42599779
 -10.75434314   8.87311307  -4.93516931][ 21.57899909 -33.57287678   3.4124699   18.54866379 -20.41968923
  12.47852748  -9.4799194   10.79602181 -10.36983582   7.09073827
  -9.95425779   7.48821863  -7.47883321][ 21.87538239 -42.47710267   5.19300092  24.53005824 -20.01776544
  10.14334973  -6.79943792   6.51750725  -7.74890531  11.2226443
 -14.88441828   5.50738004  -5.64163816][ 21.93698242 -42.5363662    4.03352073  20.7289803  -18.99658241
   6.11868731  -4.61116132   3.99155158  -6.1725985   14.64648326
 -17.4227578   10.35973466  -0.81552272][ 22.01694352 -41.71365605   6.15916087  18.64549915 -20.41331366
   9.19044069   1.68400648   5.9107863  -10.99857198  13.92551682
 -11.92342471   9.00680256  -5.74273671][ 21.92688601 -43.2098087    7.47146282  21.71857222 -14.4212752
  10.32875541  -3.11548394   9.69600991 -16.58999913   9.93557763
 -12.13985206   3.90661761  -5.89903754][ 21.67532619 -46.23897584   8.43540222  25.62445391 -12.18409639
   6.64464033 -10.66274033  11.92502456 -18.99894899   7.58532972
 -16.58001267   0.87177548  -3.19161208][ 21.36214766 -44.29968446   7.33107914  19.63758151 -16.51519028
   9.4948944   -6.70205452  14.26281459  -7.02938455  10.71493878
  -8.13514681   9.53292242  -0.49961909][ 21.46867315 -38.10680606   7.06877113  13.24247095 -21.71543576
  11.85489908  -9.81822517   5.22184191 -12.48137151   3.75339362
 -14.6317418    8.86285159  -3.55184939][ 21.49656914 -42.91570278  14.72851653  20.20265383 -21.65997333
  15.5974283   -8.79761231   9.94990865  -5.87735896  11.84554938
 -15.80796076   8.65408182  -4.5371758 ][ 21.52823659 -37.74822096  12.62388323  12.96634638 -24.78264469
  15.96372872  -6.81243165   7.79172047  -8.79989704  13.95405668
  -9.30050779  10.23904431  -2.55134957][ 21.46513413 -35.70705897  11.51198109  13.75584763 -22.17058583
  15.69058878  -5.12286931   9.88350386 -12.35931561  11.35112825
 -12.38088662   1.8460167   -9.12238058][ 21.18244723 -35.11318392  13.78091664  20.33009496 -22.2769963
  14.10176226  -2.80474031  18.88071511 -10.16328421  12.81447575
 -10.27604693   6.165842    -4.60152628][ 20.35553732 -26.96979043  13.33162054  16.18597288 -16.51600185
  14.79127828   3.55647833   7.01268852 -12.95276175   2.12281927
 -13.08615422  -2.2631577   -5.23510533][ 19.32526143  -1.48398453  -4.24352368  10.61975225 -23.49695116
   3.62376492 -14.01286957  -1.35577143 -11.31756987  16.53526407
  -9.80796431  -5.80421304 -20.5646558 ][ 20.01101404   8.65473323 -20.64558069  15.60192513 -29.72512431
  -2.67084496  -7.11396579 -16.86544     -1.62326321   7.54895375
  -4.55121621  -7.28414598 -27.131762  ][ 20.85811411   8.3232172  -23.51498937  10.92464824 -29.9156739
  -9.28050589  -1.04844408 -25.83321972   5.33300301  -1.62261758
  -5.14166978  -8.65831144 -23.07000674][ 20.93423487  10.47035108 -27.35576581  12.28704152 -32.77920926
 -12.88410545  -2.33622366 -28.50210925   8.0295565    7.34405388
 -10.10919784  -5.6190319  -32.24950737][ 2.10221707e+01  1.02566656e+01 -2.67927040e+01  1.44358935e+01
 -3.16273696e+01 -1.25161043e+01 -2.17510964e-01 -2.65749479e+01
  1.11930013e+01  1.30852619e+01 -1.09028446e+01  2.47073559e-02
 -3.24013675e+01][ 21.08111089  10.2394219  -26.53650986  15.33883629 -29.35922427
 -13.47217043   2.20612813 -27.46585023  14.76812059  15.82952612
 -10.37666521   1.81938151 -32.14561392][ 21.00784897   9.35667587 -27.26175131  14.03423756 -28.90953968
 -15.81410697   1.20567878 -28.77675772  17.17334133  15.04268383
 -11.19468781   2.01726437 -30.94060464][ 20.74373885   7.57310179 -19.86061443  14.79809355 -22.63945788
  -8.7847161   -4.46578047 -18.59985231  16.06132768  15.39951
  -4.93391258  -4.39787895 -20.05533882][ 20.9051978    8.99644559 -26.0614009   14.49607308 -26.94511804
 -16.39749618  -4.09224188 -28.27267629  16.24846036   8.15299777
  -9.79688745  -2.60145579 -25.93814931][ 20.69200874  10.28161758 -27.18164572  16.10546566 -27.87016628
 -17.06128152  -8.20275932 -28.03454559  13.72828755   7.81894281
 -13.20222559  -2.56392486 -30.28711295][ 2.06254305e+01  9.73959044e+00 -2.57974669e+01  1.67600518e+01
 -2.54766721e+01 -1.74549647e+01 -9.15115066e+00 -2.83629048e+01
  1.68354665e+01  9.09168999e+00 -1.32583704e+01  1.42211176e-02
 -2.90154002e+01][ 20.4822289   10.42889733 -24.17762108  19.55196983 -22.0659668
 -17.21095514  -7.45407845 -25.40880618  19.29455535  10.76065606
  -9.02922629   2.29405789 -24.43427548][ 20.35663739  10.30024463 -25.08120604  19.36497493 -21.26843154
 -20.71264894  -8.10594651 -28.63045439  20.06462208   7.79568445
  -9.42863279   3.6335059  -24.06761478][ 20.0830013   11.27894893 -22.26461098  25.18936908 -18.90648649
 -18.37864965 -10.28829948 -22.21043734  21.47989122   7.13133417
  -4.99363968   0.85483874 -14.5574472 ][ 19.66529649  10.75811085 -20.43581017  26.3921106  -20.3787272
 -19.04386353 -15.67066818 -23.49146619  19.97609937  -1.01495611
  -5.62405354  -4.84529618 -13.80476573][ 19.2316588    9.64019741 -17.43598976  29.71799993 -20.55860947
 -11.77585907 -13.0112417  -17.2815315   18.71207113  -3.43911883
  -1.37263908  -1.74841992  -8.74141487][ 18.57028094   3.44272307 -11.6291373   28.50970182 -16.1108424
  -9.88755078 -14.72935919  -7.44134366   7.03787647  -7.54047954
  -5.26312693  -6.21784354  -1.70376038][ 18.01390267  -6.20940934  -1.78944443  24.34176408  -8.10338073
  -7.878776   -21.31801777   6.23827493  -3.67121669   3.43222017
 -12.86916861  -6.16401532   5.92435294][ 18.44133611 -17.33392699   4.68779337  24.62905485  -7.59762803
  -6.10255817 -13.85371728  12.74471066  -3.51478533  16.22912645
 -18.12907437   2.58350781   4.97798087][ 19.60045112 -23.12082327  -2.38974306  22.47612982  -8.55788485
   2.05443799  -6.03828026  15.03591179 -18.20697053  15.42237615
 -12.53245056  -0.44790947  -5.24202945][ 20.32504561 -31.13453369  -1.46807466  29.66482929  -8.54024316
   1.59425891  -7.61803464  16.97873414  -7.93393893   7.98668649
 -17.055424     0.49995077  -5.41744778][ 20.86504745 -36.64817286  -6.08003067  24.55942325 -10.10946924
   4.64161988  -1.48227468   8.63161149 -10.78457884   8.19759163
 -13.48322809   3.66535324  -0.91391539][ 21.15921897 -35.62821438  -7.93868647  23.13240382 -15.84239149
   4.26934764  -1.32731709  11.90147771 -13.82127321  13.07469545
 -11.31346243   8.49865162  -0.76548559][ 21.25916627 -38.04122711  -4.7288453   22.36387702 -11.14898646
   4.06420595  -0.08707953   8.54878954 -15.21918618  15.55281461
 -10.42351506   5.95788533  -6.08842519][ 21.485024   -38.38087798  -3.65234425  22.33676925 -15.13195687
   2.3831647   -5.3624548    4.55290853 -13.51250548   6.98215324
 -18.8392035    5.80323024  -5.41342523][ 21.64979131 -42.80279026  -5.58284669  20.57924766 -16.67634261
   3.21306736  -3.47833979   2.26633487 -20.63049848   4.10847248
 -15.5827773    9.96920583  -6.90790482][ 21.55443566 -42.71525438  -3.32669677  18.61631556 -17.07686051
   5.21958107   1.64640408  10.67826834 -15.63692514  11.85257345
  -5.35132385   9.13515427  -7.77963236][ 21.58872123 -42.34274495  -1.59387838  20.49895926 -18.1046572
   3.73684218   1.53294984   8.99099905 -15.57795456   9.41114254
 -12.80992957   8.66499958  -4.08742744][ 21.60581637 -41.99307519  -2.09315978  22.15990444 -18.22014934
   5.45974521   1.71387791   4.94840007 -19.90465607   3.95644357
 -12.01516531   6.7434144   -4.07777638][ 21.62885621 -39.05758365  -0.17259125  20.05087797 -23.18426055
   6.61293504  -0.83477361   7.6645712  -12.71371563   5.3625371
 -16.9763371    4.126981    -1.22657658][ 21.46805079 -39.21582384   0.10313539  17.80837569 -20.63156347
   6.00439478   4.13394422   9.38005066  -8.37394347  11.95635934
 -10.98521926  11.98206617   2.09667748][ 21.46387686 -38.75648248   1.45354772  16.31976959 -18.54021888
   9.70634783   6.72460845   5.92670941 -15.11573422   7.2939471
 -16.0127741   10.21599231  -5.16063716][ 21.35733266 -41.09193546   3.66547974  16.5707953  -24.3205646
   5.18382509   9.52853748   4.88170572 -20.88433971   9.45831333
 -14.83498291   9.34559956  -7.95643938][ 21.11484172 -40.20782102   6.43576876  17.04646387 -20.71098902
   4.59417798   0.36850449  -4.31184543 -14.56124026  14.65015868
 -11.21867383  11.820779    -9.59595341][ 20.87650113 -39.10574489   9.81891251  12.70628244 -22.25812317
   8.7304049    5.31694969  -1.83165532  -7.68057877  14.1835178
 -11.27909864   9.54117711  -8.37612391][ 20.74992014 -39.84083351  18.06184154   7.62567703 -18.53592666
  14.17594982   4.20229515  -3.83687208  -5.42983003   9.70102292
 -16.89613828   5.93640462  -6.18710468][ 20.46140967 -46.24872425  23.74605659  10.87427983 -16.71370345
   6.62300964   4.49136612  -6.50006     -1.22881015   8.57544487
 -15.30647285  11.14196518  -6.90193289][ 19.9396009  -51.57834903  26.17744433  20.51969709 -13.93889468
   5.12575522   6.23570181  -6.11082987   2.64881669   7.67562743
 -12.38218933  10.92099034  -8.86604238][ 18.54753284 -35.19252783  13.5830459    5.92281944 -12.2645687
   4.42323784   8.71483999 -10.72835596   5.54886977  -4.42852964
  -0.9027055    3.58922044  -2.82946791][ 16.34250706 -35.89905115  14.32178498  10.9761078  -18.39924361
  10.7454325   11.10614612  -8.52598142   4.69660882   0.59360694
   7.50682228  -2.98468841   0.04929689][ 14.57948783 -39.21251679  11.97773142  16.8201843  -12.41120932
  14.92143178   6.3190191    5.42450328   8.91199841  -2.67053317
  11.07416158   0.81307749   7.11246152][ 13.00388504 -32.3427019    5.9747754   15.89875564  -9.93808487
   9.98245728   9.55593642   6.07843585   8.75589925  10.6252689
  -4.1469519    4.70705895   3.65559299][ 12.05142544 -30.34467769   4.81958961  15.48571109 -10.34428508
   6.67809365  10.40346531   5.02143803  12.66190735  11.45641272
   4.79723649  12.71409748   1.01719671][ 11.19119065 -26.67544743   6.34739553  15.36811671 -11.31303225
   3.99182485  10.63006908   5.63932696   5.43405846  10.96853698
  -4.19062588  12.16986768  -3.14449734][ 11.50232843 -31.3484343    5.67136266  12.67324652 -13.34506918
   8.23259571   5.85594555   3.70411928  -1.99501335  -1.53866808
   1.03073987   8.87381342  -5.75096714][ 15.67274199 -22.51804135  -8.27377095   1.71262297 -12.10585815
   9.11631691  -7.47544261   2.99480735  -4.6287533    4.6721536
  -6.6312714    5.35135846  -4.83258276][ 18.58451325 -38.15938908  -1.32452524   2.82878009 -23.84608997
  10.36275841  -2.51076819  -6.78092314  -2.77289932   5.05446139
  -7.29659718  10.15306382  -3.92085904][ 19.85538281 -41.56083325   7.13289166  12.3621595  -19.21134111
  14.09324758   3.55899917  -0.7973171   -4.85870649   1.01995812
  -4.1819958    0.08554961  -7.21833942][ 20.75037412 -44.95075895  11.4544868   20.19703723 -23.78305706
  10.71893846   4.62192305  -3.84070726  -4.5325811   10.36967455
 -10.79667325   6.08777307  -8.24037405][ 21.14087652 -44.16589398  11.7558638   19.73177332 -25.14693459
  11.45138072   4.16017488  -8.70827368  -7.32044225   7.44241634
 -13.71539336   7.24578187  -8.8158194 ][ 20.9105562  -40.95572946   9.70140175  15.35589513 -25.48010944
   9.18334281   5.57367551  -5.49315546  -2.72676794   8.35122658
 -15.68610242  10.97775292  -7.26095716][ 20.49154727 -46.41152714   5.19126826  17.30305123 -21.5158611
  10.37602964   9.03668382   5.55572982  -3.23813116   7.91081331
 -18.46399726   8.46454051  -3.26011105][ 20.73001002 -42.49303283   5.12061574  21.47485989 -23.84062995
   4.69181216   6.42749977   8.15161112  -0.57553082   9.41145582
  -7.86651787  12.8246782  -11.54721282][ 21.28033208 -43.00803379   2.28557489  23.21666782 -27.9951345
   6.89688949  10.03494377   6.57717526  -0.68597078   9.96261872
  -9.61762159  17.10949888 -10.56589322][ 21.33120474 -41.90507142   0.57964557  20.84909248 -31.82007338
   0.39157538   6.75606628   0.36749648  -8.7095785    7.40628949
 -12.30227555   9.31453513  -9.41550638][ 21.08547096 -37.29497232  -0.128147    17.26660426 -27.14278497
   4.10803924   7.73943377  -4.01328029 -16.98844762   5.51693352
 -20.66725001   5.37665252  -6.28244373][ 20.98767581 -41.73814265  -2.38083491  14.19778038 -29.22523677
   3.56386008  14.2078933    3.50846072 -14.78842786   9.69797233
 -15.18421144   2.80756027  -2.65779026][ 20.75494605 -44.79659402  -5.35038546  12.9211812  -28.48136747
   5.05368141  20.82562737   5.51653577 -14.26039662   3.6710701
 -22.37558124   1.43946578  -6.45124091][ 20.22563189 -40.62531672  -2.23785212  16.86542241 -20.02876457
   3.55064241  18.60533108   4.04740555 -19.07663674   3.16997981
  -9.28417967  10.03015531   0.98412973][ 20.00015367 -40.42191073   0.89354245  20.19824885 -24.76538289
  -0.99735786  28.00937332  15.05335613 -11.86025132  13.62102642
  -5.47134094   1.6827696  -10.70103962][ 19.72950698 -37.14594613  -1.45964593  19.39140173 -22.38509962
  -4.33431689  16.6835648    8.35645135 -10.45440293  20.54938198
 -10.03916226  -0.37565347  -9.35301302][ 19.45212267 -37.77406734   0.65992132  19.94558818 -34.56746224
 -19.99137096  13.30588592  11.51790492 -13.10788028  17.07202967
 -15.15598648   4.18070162  -3.97867489][ 18.95749667 -32.8347738    3.00200287  23.92701557 -27.34258849
 -16.0523866   11.96531742   3.06845469 -14.92969887  19.65915543
 -13.2873617    2.61178938  -2.46581457][ 18.02216832 -28.97351307   4.48163488  21.87284116 -16.39488582
  -7.10590555   5.38558444   3.8375941  -15.05806669   9.62264475
 -14.0322142   -1.25083932  -4.70089586][ 16.55778782 -23.89222614  10.76564449  21.20242795 -15.37899294
  -9.67544694   7.80231092   7.82058249 -12.17354193   9.63496821
 -23.38984385  -4.66988788  -0.69932459][ 15.20965555 -22.69219403   6.98534645  23.30211384 -23.52285358
  -4.56224861  27.26396816  15.1563067   -4.7587783    7.16494268
  -8.80136976   8.70604403  -4.13484873]