[ 16.67755399 -12.27410838 -24.50929816  14.47577521  -0.4041068
  -7.46211067   2.24981142   7.18389857 -13.65090267   0.23266425
  -3.39114441  -9.16131757  -1.71837166][ 18.54242782 -23.72463867 -33.5485896    1.90359821 -11.39556696
 -10.41568488 -17.36735383  10.21479055 -27.28058586  12.0466021
 -14.83580966   0.15871343   0.18775449][ 20.15022356 -31.44463141 -18.45816902   9.66509436 -14.30615529
   0.98343244 -12.39279609  12.70371311 -17.5344711    8.70450953
  -7.71819676  -7.16541317  -5.00612571][ 21.33991708 -41.51799488 -12.25417463  10.11801173 -19.95296545
   2.69512509  -9.08254811  12.89720691 -12.29483131  17.04507669
  -0.05818311  -2.65687016   5.49735494][ 21.76020438 -44.86666746   2.20492015  23.09857228 -16.90235369
   0.27672337  -3.32081097  16.40701328 -11.73544712  19.54390717
   0.48443678  -1.90328948   5.1500357 ][ 21.83763265 -36.91592481   5.85251073  15.23505098 -17.71241241
   3.03373587  -3.10663854  10.31971186 -18.79178174   9.83886676
  -0.39590437  -1.36944501  -5.8842997 ][ 22.36946579 -45.04023595   4.41147207  20.43320627 -18.47716238
   5.2940571   -6.74605271  15.7704803  -16.48250119   9.66512958
  -2.79084852   0.85139929  -3.73359832][ 22.52134789 -54.45888655  -3.03173139  18.0759214  -20.92044299
   6.33538699 -13.65233249   6.6474683  -19.2753182    4.63904255
  -7.84567606  -2.66733906  -7.98212532][ 22.43167649 -50.3064327    2.3220348   24.20956034 -18.67223678
   5.6258232   -4.40471004  10.20778614 -20.46187904  10.0052205
  -3.8298475    3.31668622  -8.81339725][ 22.2954583  -44.3405956    5.60142309  20.86717406 -19.58497645
   2.03990244  -3.94057032   9.32332128 -23.75074326  12.01890362
  -7.62539012   5.42930798  -9.01956973][ 2.18275870e+01 -3.71218641e+01  4.56428161e+00  1.60622852e+01
 -1.45258411e+01  2.19601030e-01  2.18828772e-02  1.17407474e+01
 -1.77983671e+01  1.30598752e+01 -8.98526445e+00  7.90017094e+00
 -6.28162424e+00][ 21.27963942 -38.34622847   6.07996327  11.69411534 -12.79125453
  -1.22829933  -0.97139777   9.08486893 -17.4733616   11.34293037
  -8.63019827   5.65333638  -4.82691488][ 20.09702828 -49.40012422   5.19894869  22.81223523  -9.60669008
   0.30491155   2.28524278   5.86246891 -19.49147386  12.76655539
  -2.60350088   0.42659403   0.87804456][ 18.71357862 -50.93493582   0.56635513  31.8069206    4.58525134
   4.69702117  11.51211454   5.1437908  -17.70925146   4.75314764
 -10.65747538 -11.69848327  -7.15663792][ 15.87477018 -33.74585612  -1.94756949  19.22817464 -15.49170897
  -1.13367748  10.72834771  -7.20609911  -5.47637981  20.89914619
   0.32805781   7.68887923   5.18281517][ 13.30676164 -31.32262928   5.86105501  18.24456448 -15.26358758
  -2.0103901    1.63275421  10.82210088 -11.39229185  23.86041921
  -6.38060058   3.03902271  -3.01282921][ 12.82508735 -31.23906954   2.10408289  10.70412587 -15.14638967
  -8.10780783  -4.92212359  10.04853657  -9.87498632  17.27856551
 -17.29352901 -13.48629608  -7.2089493 ][ 12.53592314 -27.34812753   6.88667589  12.93724089  -9.98474088
  -1.90279799   0.56956473  10.88060138  -5.00210277  23.23420692
  -6.48545517  -9.12890183  -7.7546834 ][ 16.97458245 -21.53924322 -18.23985513   2.62715636 -23.93082751
   3.77550503 -16.72795339  -2.62269978  -7.7744079   -3.31897243
   0.22556716  -4.44020221  -2.86715633][ 17.91328565 -16.53482483 -12.16031929  -4.12979982 -32.63740368
 -10.53723239 -20.07203147  -6.66105888  -6.44318891   1.17486761
   3.39019847   4.08592787   1.44190847][ 18.02263248 -14.87813031  -9.32778013  -2.40877722 -30.67117974
  -8.85818956 -17.86570892  -4.62050462  -5.02132386   3.88448473
   3.81825765   2.71798005   1.92049376][ 17.35002805   0.73500865  10.24478584   5.79594989  -9.21243112
   9.20349558  -8.25762446   2.47738638  -4.61680131  12.11592275
  -2.44136305 -12.03804991  -0.86534685][ 19.77867637  10.1536868  -17.07110476  16.74954317 -26.48116843
 -10.08950118  -6.35867641 -28.52909407   1.87316068  12.96801413
   0.56892562 -10.24083565 -16.43916086][ 20.67420736   9.10066746 -22.48541407  14.17851151 -31.02630176
 -12.47036084  -7.02283833 -33.64443246   5.03350177  10.2702866
  -5.83069286 -10.60172143 -27.39935989][ 21.20106808   6.28695884 -25.11605943   8.40651581 -29.62305222
 -15.72602302 -11.95416147 -29.1935466    2.51165887  -2.45838777
  -6.11689539 -15.51438762 -23.65606779][ 21.32045218   6.8750059  -22.53249029  11.61503345 -27.64240272
 -15.71111331  -2.803771   -27.87714708  13.33371515   9.21080714
  -0.77745165 -16.24198245 -22.55122142][ 21.28371391   8.32492107 -26.95369827  14.45761937 -29.38035924
 -18.85352642  -4.22800278 -28.54508448   9.94599341  10.016796
  -8.27519328 -12.58764838 -29.73625327][ 21.25478987   9.03643428 -25.97113909  16.78173474 -26.02873732
 -17.90707313  -0.57747998 -27.04551476  13.76608419   9.95542126
  -4.42220527 -10.1665438  -28.09077202][ 21.41208713   5.50323975 -19.34425164  13.67360976 -19.52584169
 -15.20966146   0.38289078 -20.9724449   15.97130291  11.3894294
  -1.38851125  -9.78103691 -18.54142131][ 21.08365818   5.99051955 -22.94293945  11.1946194  -22.98634115
 -20.16908993  -4.36847397 -26.08671888  12.00218894   5.93213335
  -9.66545552 -10.56768738 -26.79419287][ 20.99914206   9.25705435 -23.57555965  17.82041707 -21.03412051
 -15.82994118  -1.09344156 -22.8462183   16.56990116  10.65959755
  -6.03869806  -1.25047222 -23.89692   ][ 20.89473462   9.8832716  -25.02992269  16.90635016 -22.65461791
 -17.20442222  -3.1139493  -23.46509283  14.65010017   4.87521217
  -6.93071038  -7.69280547 -25.36255899][ 20.97969482   6.91401931 -19.52035628  14.06856376 -17.42821453
 -15.02588584  -1.3512273  -18.53540085  13.59863824   3.78626192
  -2.04958083  -6.75970194 -18.90881995][ 20.71996052  10.5144531  -25.52096436  16.60228595 -23.66165057
 -16.32030551  -8.18199742 -19.64588975  11.86002698   0.42188886
  -3.37269365 -10.84096315 -22.48081863][ 20.59148883  10.26610195 -23.15795459  15.20649397 -20.50298209
 -14.82908941 -12.50539889 -13.08510427   9.31233336   1.21594134
  -0.53021329 -12.92269507 -15.1617069 ][ 20.47140469  13.76439004 -25.35060845  18.60578826 -19.56105116
 -15.37008907 -13.17948229 -14.65079644  11.52290547   3.26455612
  -3.13314727  -7.51012287 -18.9159928 ][ 20.46047523  13.12365821 -25.04468698  18.14702126 -18.60113138
 -16.00076289 -13.59913169 -17.82810693  17.64255632   2.83347278
   0.17549213  -2.1397661  -21.32664014][ 20.20248811  12.50070191 -22.49686925  18.76053336 -20.42793642
 -11.64719161 -15.54899705 -18.24432183  15.26613375   5.82526558
  -1.89966274  -0.576618   -18.7993495 ][ 19.49078981  11.05489913 -16.68792994  21.7898722  -14.61160719
 -16.69247324 -16.5543351  -20.63860502  15.89232273   7.31454135
  -3.86220653  -1.16591307 -12.1961936 ][ 18.24992415   3.66158855  -6.52015585  23.85625729 -19.8912279
  -6.41950874 -21.9950295  -12.97213628   7.33277738  11.93612636
 -10.4293931   -9.42405503  -4.19581554][ 17.96583032  -1.12069876  -0.77971829  28.9771649  -18.13482531
  -3.18474223 -15.88822704 -11.67775174   2.39972365  -6.21418363
 -18.60947324  -3.23015211  -6.36354307][ 19.48608785   2.61629004 -12.16875221  30.18407192 -21.35380083
 -18.0459995  -25.39364787 -19.20291436   9.82567987  -7.51620638
  -8.82128352   1.6572481   -6.77924025][ 20.00866745  10.02533383 -18.88022598  35.77434133 -20.96962741
 -21.48742974 -21.02978149 -23.99096504  18.81536988  -9.9216889
  -2.71419314   9.64925683  -8.32777063][ 20.24182047  11.02443054 -21.21576942  36.01268476 -21.20828135
 -24.41112701 -20.52542785 -26.9711707   22.54320065 -13.94169489
  -0.47271503   9.7533593  -10.09849445][ 19.99007311  11.24187052 -19.50063647  33.73980347 -17.6318952
 -25.68913677 -20.74316601 -27.9934425   19.56979977 -16.29317562
  -1.13160406  11.77861156  -9.47202566][ 19.65737521   9.4215561  -14.70020616  32.3899343  -15.12835404
 -26.79678985 -24.27824778 -24.93000893  18.32583939 -12.46520659
  -1.59793733  11.50758832  -7.71251892][ 19.24533397  10.56977538 -10.71536052  29.04353901 -16.14509096
 -23.24405648 -20.0514491  -17.67784757  14.16777409 -15.01657315
  -2.95150643  15.87851401  -3.7930567 ][ 18.88663708  10.74159801  -7.03145056  30.11269007 -15.8289383
 -21.2889238  -19.2972643  -14.31020444  11.6114545  -15.26756496
  -2.19702479  16.2144325   -3.80731771][ 18.53214202  10.77947011  -4.12530223  39.12120567 -21.36881195
 -22.21001542 -18.29164783  -7.90696183  15.20927639 -21.18488489
   2.5324207   12.29752277  -1.18152441][ 18.14184043  10.75404494  -6.19015038  39.2990971  -20.27421012
 -16.78585644 -19.36808911  -5.40430007  19.04903405 -17.76383622
   1.9756084    7.55081003  -1.164487  ][ 17.91062939   8.5644064   -7.28739588  46.32991428 -23.83536311
 -18.16064719  -9.98928318  -0.66710187  19.90599839 -18.62007727
   1.29755288   3.55433002  -1.56997959][ 17.39794413   8.94734252  -7.90918299  44.36611764 -20.06921176
 -14.68386438  -3.46060241  -1.1981074   14.80570269 -15.2449448
   4.63174984  -4.21155641   0.30281518][ 17.05851098   3.96502064  -4.46772699  40.65085544 -10.05529873
 -12.20605719  -5.63099722  -2.86619896  11.01681375 -10.95173253
  -2.05954933  -1.97454383   1.10163245][ 15.99791373  11.75654623  -4.42020133  29.86441947  -6.32704188
  -6.41405618  -8.83502311  -8.99347385  19.74133717 -12.04812797
 -10.06514615   5.82473681   8.81654646][ 14.99161076  10.41960476  -5.29393425  25.63266499   2.04410232
  -3.48235277  -5.01018272   3.99742733  11.53342141 -20.68850625
 -15.73311939   0.84783362  19.62425458][ 13.56341605   3.8012308   -2.52174114  19.18429803  10.25641865
  -0.55201639  11.3505734   -1.91450042  13.01562985  12.39749387
 -12.38145454  -1.69320026   8.23661937]