[ 10.92695021 -16.30813708   4.93983049   0.08416305  -3.17177649
  -1.25551553   3.52336279   3.3896715    8.31145427   9.38293164
   7.2859372    0.91798731  -4.86063528][ 10.88207108 -12.79615507  10.15777369   5.18415029   2.63992135
   5.84916277   7.46979668   9.48982283  14.78219739  11.92123661
   8.89602416   0.8733891   -7.77515289][ 11.01019708 -11.09387722  14.34916236   5.49527889   1.4170835
   0.61406383   3.69787481   7.7697403   12.78455696   8.69317461
   6.79275653   1.42798424  -7.77489452][ 10.91102231 -11.41241006  12.96952484   4.31673199   3.52917095
  -3.07576342   4.97772774   9.53593391   8.57875576   9.38092629
   2.74900701   0.57104042  -5.00496078][ 10.83147266 -10.8064774   12.22618059   5.55224088   2.42889747
  -6.19348331  -1.24463109   9.55432706   2.29719196   0.87275655
   2.73170219  -1.5494404   -5.31152732][ 10.90208294 -14.04934829   5.00892261   1.1609734   -1.95766243
  -3.21331931   2.11412887   5.4596664   -1.59121143   0.09581877
  -5.17883056 -10.75068736 -11.61798048][ 10.9509943  -12.93607811   4.1501179    3.58371804   0.38925399
   0.08513397  11.10728769   8.63018721   1.76923547  -5.87214724
  -4.35525131  -3.53540641  -5.05567753][ 11.00368354 -12.28143856   6.36868717   5.60692831   4.69270462
   2.03571787  12.38951688   4.29460192   0.25818004  -6.75342463
  -6.58848565  -2.86420083  -4.09821447][ 10.96646386 -15.28439163   6.07705886   6.39276964   6.71441396
  13.09080066  12.59850903   7.17005517   1.48933999  -2.27563085
  -9.10365955  -8.16947163  -1.38979289][ 10.66041881 -14.59773442   6.07588135   3.8530262    2.60961592
  10.29601809   7.99733359   3.73716726   3.55787391   7.89835862
  -0.04425064   0.77480976   3.64730719][ 10.48027703 -18.74146641   1.15335944   0.03203187  -2.59815308
  -2.22423431   1.7309233    3.9698782    3.74389032   7.84143549
   0.37605552   1.37066822 -14.27719214][ 12.67118539 -27.72078308  -8.17884278  24.28808645 -13.09970685
 -14.89003305   3.71754181  -2.14691563  -0.81055163   0.89596081
   9.27171693   3.5457799  -12.05145883][ 12.76293658 -21.33594723  -3.20589777  22.43675674 -10.75668481
 -10.83774204   8.16746156  -1.34361653  -1.13899266  -1.34013414
   6.62080636  -0.23673589 -12.80428197][ 16.56607449 -29.17100548 -17.39666846   6.2875573  -17.85979042
  -1.61022753  -3.58969036  -8.68190981  -1.2293947   -3.69716664
  -5.16436694   4.14915957 -10.3813756 ][ 18.71252177 -29.13053128 -19.04330784   4.71456074 -15.11972473
   2.85158874  -7.30672308  -3.32966943  -9.4831935   -0.42258345
  -8.46783416   5.04258075  -9.61337424][ 20.69222258 -31.17053949  -3.49951263  11.97299899 -15.93693129
   8.66272759  -1.50652557  -3.57377299  -3.6774092    1.26744134
  -9.03280515  10.86987049 -13.92825553][ 21.48555384 -40.04697192   5.40594062  17.72815973 -19.37669573
   6.78025339   4.80549741   3.12070226  -1.3266826    9.29235899
  -9.62590253  16.2959514   -8.9143531 ][ 22.0553686  -36.96159791   8.01157193  20.73670997 -18.78753868
   7.2588394    7.72540869  -1.67920363  -3.83108281  11.73588927
  -5.95609955  17.79362292  -6.6833331 ][ 22.0918004  -37.41657738   4.43934446  23.91831028 -18.28615216
   0.17999381  10.19059637  10.39620494  -4.57571013   1.79572777
 -13.04225628   8.27017703 -13.38156977][ 21.90340719 -31.98625193   2.05840142  24.08572837 -17.14865728
  -1.49979266   4.51433655   8.99294423  -1.391262     7.73484185
 -10.97009501   9.4704157  -16.19360355][ 21.18348906 -28.24561133   3.70171137  29.82654597 -16.68736931
  -6.87522995   1.96285045  14.59719013   0.88639204   2.65607796
  -8.55123682  10.4417696   -9.03357276][ 19.94548862 -11.53343537  11.04815112  29.57502634 -17.23676826
 -16.38282571 -21.78451787  -4.96951635  -7.14084697  -6.8062675
  -7.64657789  11.61132216   1.06929246][ 19.84682734   0.92298588   4.84876473  29.56187734 -12.31604015
 -21.05378191 -16.51665345  -8.45335287  -8.90852964  -4.79255328
 -15.4177028   16.18287113  -0.29753541][ 20.63993289   7.89331956  -9.07911405  38.78347234 -18.82361066
 -27.77623733 -16.80987085 -23.46077583  -0.77276104  -9.40203642
 -13.66682657  11.57790128  -3.01275665][ 20.92557477   7.77153442 -14.15119013  40.03517844 -22.78288517
 -27.31045181 -21.02561859 -28.11997594   0.80936706 -11.88363768
 -18.18047479   9.55854719  -8.36535831][ 20.90491812   8.20201129 -16.17835045  39.14901288 -21.0890589
 -26.23501466 -19.44387839 -27.55040677   2.01453849 -11.12030089
 -13.76186619  10.30441753  -7.20453321][ 20.84670014   9.03761629 -16.85974768  35.73415201 -18.01012406
 -23.04042878 -17.72452313 -19.82228071   7.69394327  -7.57811077
 -10.82791601   6.83209207 -10.00647625][ 20.34307691   7.37784275 -14.49100893  26.81125467 -15.16155762
 -30.31774991 -20.38004569 -25.31354773   5.91750502 -12.11467444
 -13.69035785   4.69264658 -13.97935409][ 20.08316217  10.88386871 -14.06557402  30.17995645 -12.56127159
 -24.52334852 -17.42743043 -26.1046084   13.26886482  -9.38171278
 -11.91609546  12.79414397 -13.53582966][ 19.83122932  12.1576907  -13.81019049  27.65149617 -11.47034638
 -23.67100892 -18.48371674 -28.65651085  11.17346598  -8.95667353
 -16.16412335  12.35734749 -12.97698747][ 19.46482838  14.4996497  -11.42173189  32.93375943  -7.0260355
 -17.23397714 -21.90992605 -18.68935887  12.61235105  -5.69837146
  -3.77656456  12.66568899  -0.93971726][ 18.63100892  17.66340664 -14.37967657  27.29981054 -14.11533723
 -15.6989199  -21.52079766 -18.79988184   1.90476929 -11.62641189
  -5.53944151   3.63833197  -7.97066676][ 17.501216    13.36739441  -1.2314373   25.6090622   -6.20484653
 -12.44152672 -15.0856011  -11.66782913   1.06572513  -7.50024941
 -10.82944753   4.81614476   3.36777287][ 16.56486063  12.20813025   0.72976181  28.47836022   0.54465366
  -4.64759882 -15.63703706 -13.05966765   2.57510788   1.19516619
 -10.89890301   7.69582899  -5.92579081][15.70485392 11.4231724   3.04022732 18.17198822  3.66697639  4.15566177
 -7.89589918  0.80483164  4.24999757  2.91294084 -8.35382739  3.1941585
 -8.87528521][15.09880003 10.98987241  7.8720815  14.65563263  3.44910416  0.14544173
 -7.78320825  5.66149138  9.83767202 -2.00247551 -8.3885217  -0.15324728
 -9.02044861][ 14.85333132   7.03968361   6.59301229   0.16322688  -2.36548989
   6.11786629   4.30190866   8.59832901 -11.40037105   7.75700483
   4.76719437  -3.32666027  -6.70723785][15.79441506  2.05853005  6.38597673  6.35196656 -4.31365731  7.08432426
 -1.07402005  6.75323957 -1.29102381  8.93145745  1.08948746 -2.31408453
 -2.2154115 ][17.33683984 -2.67549466  3.26733661 20.29354421 -3.93894171  8.72865305
 -1.7089576  13.74725423 -6.33840449  1.56567556  3.04718573 -1.8420387
  6.13874149][ 18.20387989  -4.39154143   3.78359721  31.00260277 -10.75905093
  12.01745371  -0.89039856  14.82130545  -7.09912058   0.80557856
   1.95712727   0.48976325   6.22745476][ 18.72206462  -4.27165115   5.74105533  41.22911384 -16.89594287
   1.48597176  -9.23848087   6.39526451  -9.12057566  -9.52003372
  -1.83643974   1.00009073   3.28411383][ 18.99684958  -3.93980705   7.41571573  48.67150663 -21.74425209
 -11.92354896 -15.40182658  -5.22611514 -11.13908846 -22.34041294
  -6.29507654   3.98219412   3.92224991][ 18.91840704  -0.43769674   5.79893899  46.05728316 -21.18442282
 -14.09291775 -16.22069906 -11.85638468  -9.23381342 -22.3666595
  -9.0673095    3.59243712   2.05012641][ 18.86064207   3.60841875   4.69981772  45.17984695 -20.64000764
 -20.65652795 -15.15306483 -13.70790594   1.63723588 -17.51015354
 -11.52785221   3.09304158  -3.54280553][ 18.71762729   9.4278035    2.83531105  42.62904644 -24.74283006
 -24.96858818  -5.25411317 -15.78586516  10.78469842 -24.67480143
  -2.67785133   7.67878199  -8.16705442][ 18.85859025  11.87812519  -6.95542242  39.46780773 -19.97619759
 -13.91078047  -6.18713693 -13.21654449  12.68479348 -17.9690815
   2.06510196   7.88575084 -10.11861355][ 18.97711975  10.48366224  -9.59277859  29.21220967 -17.76678057
 -12.53435958  -3.09201945 -13.09248737   6.05444776 -14.77306893
  -7.35526259  11.30181011 -15.85009467][ 19.0480477    9.45905583  -6.8782735   32.39159383 -17.25728079
 -24.6197326   -4.87026102 -11.38423383  13.59396562 -20.46426948
 -14.40599318   8.1394598  -13.43295103][ 18.8347525   12.38577286  -9.71880599  31.87288355 -16.10946294
 -21.49473179  -5.9762049  -13.45145814  14.93222321 -20.56403936
 -12.25120779   5.48724183 -12.64111139][ 18.6092809   13.0954626   -8.43160114  27.3700007  -11.78447667
 -14.91393189  -2.57176783 -17.53257836  17.35642877 -15.67551593
 -13.7070745    3.58970075  -7.33553928][ 18.43415578  15.10566025  -7.15608372  23.88956201  -9.01965235
 -13.67582807  -0.86967525 -22.88801531  18.11400061 -10.52693252
 -18.35415147   4.49817109  -3.8876085 ][ 18.25128945  15.45244664  -7.95729259  21.8019028   -7.73976885
  -9.97029518  -5.3354407  -23.15880021  17.7219706   -8.44713883
 -13.87684659   4.77647258  -4.30782143][ 18.03925052  17.05013311  -4.93104644  22.85860505  -8.57569956
  -8.73978861  -3.58786745 -13.58574383  14.55620935  -7.58801696
 -10.55833208   1.94683593  -3.20156813][ 17.76403094  17.15611656  -2.96760851  27.36586769 -11.02778656
  -4.29531707  -3.6699608  -22.38454887  17.62097412  -5.22005235
 -14.68628471   0.37349434  -4.72827665][ 17.78275629  15.62364299   0.39946254  27.01675493 -14.71972853
  -9.18500401  -4.57358675 -27.62879278  16.24567421  -9.64552895
 -17.41899222  -0.09811552  -8.55842009][ 17.51131706  17.06881044   0.6479603   31.10536575 -15.56098413
 -12.37591123   1.95471788 -29.31262464  17.49664467 -18.60128654
 -14.15814263   0.57806505  -8.97543084][ 17.13558447  15.32594808   4.1902597   27.68053096 -12.05378915
  -8.21190135   2.20851956 -22.95090176   6.2662345  -17.3570005
 -12.18150954   3.25137291 -14.35008901][ 16.69570817  15.49402787   9.58634032  26.47665167  -8.08341634
  -7.69954844   8.37944755 -12.99459294  -8.72877726 -23.19126457
  -2.96059862  -0.22211439 -18.51927647][ 16.55774208  16.06232502  12.82997349  20.48558897  -1.610061
  -7.07811143  -0.4945199  -13.19973466 -22.12537717 -25.87069703
   9.04868118  -5.06801156 -17.15435585][ 16.64203071  16.9506631   14.86450446  22.14973481   2.81930372
  -5.2160501    6.93770975  -9.79368536 -18.91770811 -25.78599853
  14.65890609  -7.86750617 -15.36156348][ 16.62320493  16.72674116  15.63058266  17.21587475  -1.03730141
  -9.83299609   7.22767493 -15.17493834 -24.32732591 -29.32307524
   1.85841779 -15.51680123 -12.27069008][ 16.49776613  17.11493597  18.90714832  16.65617284  -0.35958198
  -6.45699461   5.96419572 -16.91797871 -30.14664062 -28.86649927
  -2.66491894 -17.77965489 -10.08654654][ 16.14860013  16.75158602  19.91278594  15.14907777   1.81742767
  -8.56325042   3.36730453 -11.65413804 -35.55770569 -26.31199522
  -8.19064295 -16.06617736 -15.84378073][ 15.44761865  14.99523974  20.79896755  13.44070587   5.77868278
  -2.65682748  -1.49053876 -11.39721381 -23.98463342 -26.02403748
 -13.11639948  -6.98850404  -6.78640709][ 13.81654233  10.38444173  26.34354799  15.8598631    5.36751054
  -4.77527539   2.95688357   4.41333832 -12.26948663 -21.06385586
  -7.2881022   -2.59668228  -0.36786846][ 1.16885079e+01 -5.69156247e+00  1.44742754e+01  1.13008802e+01
 -9.29445071e+00  2.34313490e+00  4.27283074e+00 -1.19026554e+01
 -1.04653185e+00 -1.01249066e+01 -6.49204844e+00  1.42116612e-03
 -6.44511098e+00][ 11.41270078 -15.92542637   9.42233806   8.18604957 -12.35198998
   1.13143269   5.09267545 -11.27270286  -1.68630163  -3.36229101
  -2.15086292   2.47205457  -9.63189194][ 10.80194753 -13.64734038  10.59941099   0.47287094  -9.23555562
 -13.28920821  -2.9210378   -0.41372184   3.1590309    4.62504485
  -0.97756287  -5.41130859 -10.05027306][ 17.54723119 -27.91976221 -15.08963289   9.04815089 -17.42543959
  -3.02132769   3.49013871  -7.52608559  -9.69483668   8.32409898
 -14.09063814   7.93918928  -3.39943611][ 1.81748918e+01 -2.78914096e+01 -1.24705561e+01  5.82992054e+00
 -2.04314727e+01 -6.74328986e+00  2.32160808e+00 -9.59253557e+00
 -1.20376539e+01  6.93268927e+00 -1.41162128e+01  3.30216449e+00
 -2.31808607e-02][ 20.13623463 -35.74429279  -6.66615316   7.59760109 -34.10500846
  -2.66415486   8.38378953 -11.01707033  -9.1338313   10.10057156
 -17.26836256  -0.29039482   0.70700768][ 20.90837026 -40.44829343  -0.63971285   9.87323323 -30.7593785
  -1.22734518  12.58755217  -5.26729838  -8.52389587  13.534232
 -13.03804149   4.98869967  -2.15107066][ 21.63702732 -41.6765414    5.28143942  22.31877965 -22.9062284
  -0.92396264  12.2010574   -6.65978825 -10.22240651  12.93214429
 -13.75641951   7.76234575  -0.04635053][ 21.5915485  -50.06995834   1.86708097  25.16798638 -22.92790031
  -8.01810854  11.21117897  -3.51588804  -9.60690099  11.06778049
 -12.88955773  -0.43037641  -4.9702673 ][ 21.28505434 -46.17520751   2.78602442  27.44084206 -19.40951591
 -11.58826131  21.31690245  -0.12583763 -14.88057462  11.59230286
  -4.20407535   1.12924573  -2.98060749][ 20.93777798 -37.97333735   1.28450802  19.75260554 -14.11105136
 -11.68150152  18.57178596  -1.39050498 -13.95045623   8.94023363
  -2.72544407  -3.34906628  -1.34904416][ 20.95518334 -49.70498588  -0.30766483  25.94043354 -18.2850601
 -21.47989028  18.59682433   3.09429197 -15.24398947   6.33132292
  -3.76995556  -0.3992908   -1.29680379][ 20.89920681 -50.61092318  -2.30114939  26.20014911 -12.99092974
 -14.57769956  19.59046398   5.39955686 -13.91324313  13.90592348
   1.33257109   0.22965491   0.2844158 ][ 2.07190876e+01 -4.02824857e+01 -9.57382916e-01  2.46535531e+01
 -1.30651495e+01 -1.44502552e+01  1.59075782e+01  2.90183163e+00
 -1.57279771e+01  1.47412170e+01  1.24537367e+00 -2.60644166e-02
 -3.09509623e+00][ 20.48982931 -39.35561737  -1.88163986  24.52832598 -15.72622325
 -14.85147987  19.10398665   1.41258006 -14.32093165  15.4853873
  -0.52840902  -3.43420736  -2.38811228][ 20.4827435  -34.25541347  -4.84373276  24.95159312 -13.2576879
 -20.14363756  22.71628912  -1.71610947 -19.09144839  15.41288037
  -1.83606044   1.01100433  -3.71270109][ 19.95427235 -40.96750586  -4.37162052  31.00547613 -16.03817986
 -28.20671583  13.96348268  -1.68388752 -21.03706434   9.14991007
  -0.87492875  -2.545133    -7.04670974][ 19.27083352 -40.64030385  -5.91507282  27.9784003  -13.94895746
 -21.75930983  24.44513604   8.06580068 -10.70124754   9.21907685
   1.10746625  -2.6416795   -4.91917977][ 18.41475382 -34.9603125   -4.79544006  27.35458633 -15.26702932
 -25.44729977  15.04224612   8.60384132  -6.90729525   6.98312667
   1.46397205   0.83350218   3.99493613][ 17.4497065  -28.98060149  -3.35089123  28.94963    -18.3073127
 -30.55205442   6.26350616  10.52411957 -17.08514112  -1.78908792
  -6.16474713  -1.91385302   7.61647023][ 15.81124929 -19.53943893  -4.58223701  22.66118454 -19.49901192
 -20.11672833   7.54689987   6.22985451 -27.39680398   8.09890531
   7.2667518   -2.28881669   3.31040794][ 1.43023080e+01 -1.40610780e+01 -8.01506837e+00  2.22226928e+01
 -9.10610555e+00 -1.86587100e+01  2.31977875e+01  9.78861491e+00
 -1.95675060e+01 -2.80522005e-03  2.95636211e+00 -3.05875386e-01
 -1.63048392e+00]