[ 17.64865346 -27.04168142  -9.5178963    8.00303864 -24.1146114
   9.96403294 -14.10311445   3.02631584  -6.28942147   6.61309216
  -1.29361636  11.5497793    1.58098933][ 19.64891546 -36.59178302  -4.79963505   0.4888378  -22.18768539
   4.44701044 -10.00875676   5.17248981 -19.38115272  16.87181295
  -9.37357246  19.63104594  -3.18103696][ 20.30747233 -33.68147876   0.97899973   6.34718461 -20.901013
   9.9764378  -12.86516798   6.17476423 -19.21657836   9.34915081
 -12.79916978  11.77967703  -6.33832539][ 21.07934519 -41.50840487  -3.70712137  18.36315941 -30.23381633
   3.0067398   -7.64231126   0.77482297 -14.50557925   6.46744713
  -4.83048347   1.54911077   5.34993853][ 21.72026321 -39.1350762   -8.62113441  33.09946033 -33.09126701
   5.37919248  -9.74030397   7.96164007 -13.91692559  -1.9110947
  10.53961268  -8.6131602   -0.73669373][ 22.03213226 -42.67780336 -10.84290998  34.31063231 -27.00315401
   6.76073622  -7.53238033  16.13871658 -12.17515913   3.0874002
   7.38099127  -9.58782498  -3.90897902][ 22.1511852  -36.37834432  -8.52331375  32.30856159 -24.85374605
   8.23990726 -10.05578331  16.85097804 -16.57586017   4.87250181
   4.9785549   -6.33489724  -4.23636735][ 22.25182979 -44.54802327 -16.14709222  34.9264805  -20.03217
   3.68378441  -9.01643012  14.84551014 -22.20011519   7.52891806
   2.66106279 -10.86639502  -5.29932021][ 22.14343649 -42.12719527 -18.35276937  35.1147249  -14.64354981
  -1.90013845 -10.16941425  23.75972754 -21.40766168   9.2022033
   6.53439832  -6.0236567   -0.43089022][ 21.79002482 -32.67023591 -15.88113389  33.06503632 -15.19154413
  -3.14820836  -8.73265121  25.60486747 -20.43678698   4.15622992
   4.6594543   -0.53632104  -3.74238702][ 21.22286416 -30.35041469 -14.74957289  28.96937298 -13.76213189
  -3.47044726  -7.26188227  22.25118666 -21.79091035   5.13233647
   2.43556618   3.65675794 -11.75587087][ 20.84884677 -33.74686168 -16.01056137  30.018079   -14.05658119
  -1.87219668 -10.70291799  20.00858111 -19.39078253   1.28035722
  -5.14473839   3.28490288  -6.64135959][ 20.65926785 -29.17945839 -15.47596871  26.28617991 -14.44327532
   0.71764295  -8.72461793  18.16769483 -21.41170381  13.47879482
  -0.0959982   -2.81149172  -5.29620458][ 20.26332405 -26.97604576 -18.80315452  25.32965756  -7.5263724
   3.04062483 -10.41389693  21.29650375 -24.50169913   8.47693226
  -3.63314145  -6.05272529  -1.33387474][ 19.77267548  -9.73166712 -16.85594214  12.836289   -15.67363143
  -6.26058035 -29.65481597   0.98807254 -31.72574603   1.29555381
   0.44490164  -6.87780302 -18.89147837][ 19.81669055  -0.5230772  -20.7081589    4.22572759  -9.9518086
 -11.26621973 -38.08299463  -1.36425802 -34.19211445   1.85672393
  10.91380139  -1.31306765 -14.02123655][ 2.01672688e+01  9.97042564e+00 -2.01874033e+01  2.11602089e+00
  1.71027431e-02 -2.46040617e+00 -3.67419300e+01  7.16496830e+00
 -2.78232257e+01  1.58352273e+00  1.85102285e+01 -3.47666280e+00
 -7.76292507e+00][ 20.35527837  14.88897381 -24.63539969   0.96509475  -2.11136321
  -3.92015727 -40.81445162  -1.6986113  -23.8516491    2.30492237
  25.43226912  -3.58516282  -6.59536478][ 20.45512049  19.10068877 -24.37974584   0.04949807   2.52080386
 -10.50343937 -28.82940429  -5.44013882 -25.6542833   10.86507047
  16.83057809  -9.20143113   1.50358289][ 20.71543433  24.30267864 -32.04000049   0.12149494   3.11676833
 -28.05528005 -19.00817598 -19.05393249 -21.92126425  19.74113407
  17.01891744  -7.14588635   0.31885893][ 20.85025529  21.29154899 -26.56436415  -0.75105467   1.28026254
 -24.89043721 -15.82822746 -20.68858158 -15.31052134  16.53096088
   8.93097197  -5.90061943   1.45774479][ 21.01803329  23.66562136 -31.33766121   0.16120021  -4.92648912
 -27.31045903 -16.51842222 -27.90347854 -12.11374068  25.88279753
   9.47949168  -5.48352977   2.77746751][ 20.92221471  19.55045034 -21.64874076  -3.86909322  -4.38023753
 -19.46865587 -17.40244235 -22.8581979   -9.73287652  22.10961522
   4.09136336  -4.3347547    3.32674884][ 20.94780939  22.01051671 -25.0759714   -3.09469884  -9.74442293
 -21.34700736 -19.64360209 -29.55482351  -6.85212289  29.08813716
   2.72254619  -0.17115885   1.30921902][ 20.86827175  17.97331911 -16.5167665   -6.77599097  -7.6908818
 -18.18647777 -21.32874505 -26.51475936  -2.48205832  22.47102291
  -2.65031966   2.51661527   1.55271147][ 21.0531196   19.83761753 -21.23865504  -5.65654845 -14.72393468
 -14.1835067  -30.81684433 -27.05615132  -6.10659387  33.19975111
  -3.3754254    9.35938103  -2.37753681][ 21.19203112  17.99023435 -18.91251903 -10.20801157 -10.08266583
 -15.47880028 -26.31168808 -23.58900106  -5.36671529  32.31995001
  -2.93320426  15.50478888  -1.04561875][ 21.3339518   17.59965823 -24.35570878  -3.96061389 -11.58834437
 -11.6961419  -16.42858223 -22.87561496  -7.84307241  32.65226438
 -10.5011821   17.59963563  -1.35210057][ 21.58012593   8.2371222  -33.59691822   0.14577732 -27.71253996
 -15.18149767 -17.83139294 -38.6521329   -4.67729395  36.1763956
 -23.41027009  14.10416022 -12.72424197][ 21.86078144   5.2233943  -36.1317309    4.93235809 -26.08212441
 -10.44590568  -9.47372325 -37.1446262   -0.48205724  29.31999981
 -26.30650801   5.505011   -20.15657326][ 21.88627785   6.09470849 -34.16728872  10.1088774  -22.92739608
  -6.87533558  -5.16861133 -32.88583403   3.34043622  36.07270574
 -20.56503544  10.53819198 -14.78346044][ 21.26209304   8.20315973 -32.65966822   6.86292325 -22.79810123
  -8.31766119  -2.85719584 -34.02089759  -1.86959303  28.563017
 -26.14833797   4.34404083 -16.30937079][ 20.67523133   7.59535909 -28.63454808   4.8324008  -20.45118534
  -6.12661892  -2.10312562 -32.48050016  -1.37610971  26.94639374
 -28.34223767   3.93850702 -13.94137968][ 19.5320989    3.4346404  -18.86169754  -2.31718354 -18.16547445
  -5.01369615  -5.0181655  -34.19518918  -1.97875774   8.97770476
 -23.63803224 -10.33558455 -11.43436533][ 17.72125859  11.29943507 -18.92521324   3.6151659   -7.33051586
  -6.40917867  -0.84911626 -23.62557055 -10.4383997   -0.76467829
 -23.75655978  -5.60026731 -13.98371448][ 16.28792656  11.62925039 -13.70117686   4.01074021  -2.11167085
   0.29648353   4.18908544 -13.45127859  -1.35691991  10.75553017
 -24.3936736   -8.96342432 -12.13096363][ 15.08506497   5.82884326 -12.14456044  10.36670403   6.04867323
   9.96745887   1.23143171 -16.01948017  -7.67451291  -6.04552889
 -24.57896708  -1.7503976   -5.21520163][ 14.34768591   1.40698452 -14.76035025   3.08389024   1.32116325
   8.58560295  -3.28482197 -19.03172149  -8.74520586   2.26353324
  -9.3112069    6.71227546  -6.51970443]