[ 10.05377116  -4.30859086 -10.32136017  -4.06364312  -5.70911591
 -17.3635552   -5.58989324   8.28826368   4.92657802  -6.71969249
  -8.83383023   2.5966652    2.90114629][ 15.81464653 -26.33922294 -10.6277561    2.23638473 -19.59325104
   3.87511784   2.97815594  -6.4304369   -1.72398812 -10.61708906
  -5.9768098    6.70418213  -8.65527553][ 18.01931034 -32.35963365  -0.60418541   4.24459075 -16.84002472
   7.37175882   2.33349639  -8.91994471 -17.71206443 -15.15498336
 -10.49681443  -2.78640332 -10.57265492][ 19.61673387 -33.86811182   3.10383818  18.60374649 -18.61237529
  11.80410452  10.20462267  -6.13332805 -13.51068817  -7.55211423
  -5.22787373  -0.8761951  -16.82836821][ 19.82363406 -29.27067266   8.92966089  27.79786613 -18.73360592
  -1.22749206   1.5692584  -13.03988539 -19.63367937 -10.51188575
  -5.11656538   2.05671834 -15.75575033][ 19.7711206  -24.99481595   9.64354145  31.76432822 -23.85691095
 -14.56119798  -7.90284224 -20.3267728  -28.28045995 -13.80685479
  -4.56358535   1.11479321 -12.58408555][ 19.47683546 -14.0939505    6.72288477  35.4047828  -19.63534109
 -24.37125091  -9.09689667 -21.93367025 -14.72061849  -4.89206484
 -12.58553616  -2.16776509  -7.39831484][ 19.18168905  -5.71698166   8.34397193  42.1667549  -14.54734348
 -27.89277046 -10.6663766  -21.08249761  -4.58532807   2.04939528
 -11.35055777  11.96348977   9.24459164][ 19.65957877  -0.58554178  -4.01842153  32.07201056 -11.77106074
 -36.6886948  -11.4994461  -27.80130497  -3.7433301    0.11602246
 -19.36809743  10.44241765   5.52738936][ 20.02005888   1.63585505 -13.07455495  25.98003595 -10.92447449
 -45.24105937 -16.3513     -29.3555077  -10.44903264  -4.01769853
 -25.14282731   6.73058011   3.02936647][ 20.36549495  -0.32429465 -11.46573924  26.88358611  -6.82074477
 -45.03173334 -18.76101072 -27.14080552  -5.31243464  -5.84026947
 -18.06750986   5.00389433   8.80889812][ 20.66127155   1.90844242 -14.79263157  19.08677156  -9.77827153
 -28.99986122 -10.17091007 -23.02197433  -9.82461111 -15.89970719
 -11.7484137    6.04295648   8.46533488][ 20.81097552   2.65197012 -15.7518759   15.19007723  -9.34671703
 -21.5507939   -7.16507087 -21.46449497 -11.64408813 -20.72726083
 -11.11583692  10.29505901  11.61139248][ 20.87165538   1.35062825 -17.96929421  12.65258991 -10.84619041
 -23.85887187 -14.7404854  -25.08578444 -14.94749954 -19.24766176
 -15.90579602  10.81693148   7.57898596][ 20.51808545   0.66914202 -19.95404373  12.83354176 -14.58450861
 -23.4541831  -23.72990585 -24.68158374 -14.15973135 -15.48214403
 -18.77709243  11.48041562   7.12891462][ 19.70366307   4.1815008  -12.90834511  32.71887157   0.26798343
 -22.20346052 -28.50650962 -17.24405882  -2.58915559  -3.17271067
 -16.75125134  20.32425964   9.01513161][ 18.38197925   9.93438991 -18.47885071  28.14873851   4.63947262
 -33.72450665 -25.56855349 -20.43092217   3.68515664   3.6640571
 -24.94950378  16.74430624   4.87830853][ 17.60790239   4.73212467 -16.72965929  19.0161879    7.67029029
 -36.73974412 -28.70064229 -26.77382185   5.88071054  -4.60173971
 -42.92396384   9.88212382  -5.09805346][ 17.23186689   2.00348926 -12.99457708  24.29831779   8.59508034
 -35.28282726 -27.79271777 -22.00775011   9.23348855  -1.22482979
 -38.58287574   8.84459154  -7.50573904][ 17.23361751   1.52751978 -14.50587664  27.13908732   9.62886733
 -34.81450564 -28.20440919 -21.62185365   5.20453582  -5.94658881
 -34.84652392  12.47030834  -4.93412497][ 17.39612599   1.71710894 -15.32962761  25.23564011   6.92000625
 -26.52219091 -31.56401987 -16.99870214   8.47809358 -12.41294009
 -33.16268115  10.41626264  -5.59755458][ 17.55555513   1.37922645 -15.98208466  29.11821711   7.21557634
 -29.71296822 -32.83257559 -21.87547935   7.82934862 -11.26357371
 -37.51781627  14.17167584  -0.74276308][ 18.09927409  -2.02202843 -14.97643376  28.04130994   9.21805888
 -30.85886516 -37.3687254  -23.46056451  -4.09595114 -12.70369726
 -36.61382564  16.7500905   -5.33205347][ 18.99343718   2.6457035  -17.79892522  28.70861323  -4.97895902
 -33.29423789 -25.18809003 -16.86039023   4.38520285  -5.88885985
 -32.6703544   15.66661014  -4.90046096][ 19.49319842   1.18525423 -15.57973555  33.80379195  -9.75356865
 -49.14678492 -26.66874924 -25.02738921   0.97301951  -8.05999975
 -37.6588218   33.4116396   -3.67078169][ 19.72785093   3.18189891 -17.50051484  31.47462614 -12.55202705
 -42.13805208 -19.45515716 -26.11233808   8.46252655  -7.11654066
 -21.3920671   25.29135031  -3.05943867][ 19.68912992   5.94423701 -18.47314961  27.7888708   -6.67707994
 -37.07589134  -7.83956077 -18.97559967  11.03269834  -3.89385382
 -14.0320852   26.48670804   0.65537622][ 19.88360615   6.26021755 -19.94204505  36.54898135 -11.57757593
 -50.45509025 -11.57840571 -21.74230795  18.37376495  -6.35690927
 -16.5475853   26.63091899  -2.72446724][ 19.98598701   2.67641951 -18.61108809  33.06723865 -18.15670451
 -48.99373997 -15.32574558 -16.8664677   13.99724933  -9.22757007
 -20.92586496  16.87413276  -5.93274051][ 19.93993345   4.16896057 -21.3538395   34.73787401 -21.03139685
 -58.69816885 -11.45612446 -20.71645868  16.59527307  -4.86401552
 -17.72533061  22.761011    -6.3714738 ][ 19.74439752   2.75889483 -20.82191226  29.92289377 -20.02427976
 -51.01375422 -18.19781542 -17.18348567  10.70373548  -3.3647508
 -14.41649495  11.32633788  -8.3633481 ][ 19.60585027  10.0353912  -24.63607793  34.07451394 -13.583239
 -48.6502408   -4.45880716 -16.9878268   19.6998776    3.5590956
 -14.12374556  21.03326493  -5.54270275][ 19.5883347    6.43251133 -27.15438507  27.89397188 -19.03125721
 -44.33083211 -17.95682705 -20.26016053  20.90899626   3.68372389
 -21.84306647   9.3397698   -0.43815115][ 19.47451552   7.74454954 -27.3708023   19.31133536 -15.57976594
 -30.2319884  -13.91978678 -20.04624976  18.15004756   2.92939849
 -31.0895631   11.07307253   1.67689682][ 19.28384284  10.20779362 -29.82247329  20.15814232 -14.79560138
 -36.18579597 -17.06546558 -19.60637167  24.70407716   7.29202044
 -37.45082938  15.60831526   1.76312676][ 18.87587879  11.34157341 -28.45660462  16.11508403 -16.14075162
 -28.4813973  -18.41411121 -20.9827705   20.17348066   1.8690424
 -35.82784444  13.31811884  -3.99975426][ 18.6277273   12.17905627 -26.61727336  10.59091318 -12.94186956
 -30.88897241 -12.79485739 -21.89246923  12.76229048   0.46667695
 -31.77185379  10.58644126  -3.04451889][ 18.16008647  13.23695398 -25.06621997   8.47770644 -15.89446114
 -28.79485968 -14.00538772 -27.08744677   8.53299946   1.77366137
 -30.95756876  13.95659093  -4.48570432][ 17.96110155  11.48133647 -24.0891076    6.10913497 -20.17718855
 -23.99443032 -13.48995613 -38.47885225   3.43249002   2.51800226
 -35.51130287  10.38987121  -9.1612191 ][ 17.94603799  12.18992271 -20.50104655   9.76220805 -14.578216
 -13.46995456 -11.85282051 -37.19350192  13.61225354   5.86648268
 -33.03867304  18.50849948   1.56755099][ 17.99794212  10.34032807 -26.82705452  13.71932736 -15.22513058
 -21.57932437 -15.14570924 -32.42746578  -0.08597854   0.40246853
 -31.74782051  14.47420583  -2.28453879][ 18.22473748   8.13120339 -27.47113593  25.25512813 -13.55267739
 -26.06131     -4.77945793 -28.5192748   -8.50601761   4.32642352
 -30.9422737   15.59989892  -0.0736257 ][ 18.06509877   7.56351883 -27.74650202  32.31024705 -19.21104651
 -24.25763748  -2.44187486 -27.63488314 -16.78326951   4.99150891
 -32.22407645  14.24767119  -3.98407372][ 17.44097136   4.95848002 -19.41392471  30.45714334 -14.99546482
 -26.87850653  -1.73216206 -26.95134413 -11.00667367  -4.37777144
 -22.51252151   6.57672167   2.8048756 ][ 16.36006386  14.56583901 -20.44814279  18.87623452  -7.61442548
 -17.06949945 -18.9985201  -21.88946232   5.67785234 -11.68317949
 -31.60928353  12.82557469  -0.7396866 ][ 16.21317537  16.69972949 -16.34429651  15.00181302  -3.22708921
 -15.76169901 -22.6246642  -13.99267323  10.21139436 -16.55083106
 -24.94206871  12.04065715  -0.22148342][ 15.80042282  17.1948587  -13.95458082  11.98642829  -5.66218835
 -16.7102559  -29.09340843 -15.44775833   8.02017615 -24.10228263
 -27.79442066  15.47030063  -9.21297968][ 14.97493269  13.48786325  -1.92292659  10.46416847   2.1784756
 -12.13427485 -22.21691464  -0.95285418  11.7458581  -29.71663075
 -14.57174906  17.4795804   -8.12094641][ 13.6693497   14.53752162  -4.34837388  17.3270443    2.10235049
  -1.83639123  -7.8348639   -3.44369325  -1.10264399 -20.96549482
 -17.33937336   9.33079825  -9.33132829][ 15.81410836 -20.41415732   3.97714168  19.81063826 -17.40620009
  10.8081042   -8.56217668 -13.73064976  -4.17004929  -4.33298943
  -6.73673801  11.09926557  -0.14465268][ 17.58149045 -29.44321392   1.35764805  16.44009782 -23.9922858
  13.8381091   -0.58118103  -7.12844973   4.42439535   3.23943918
  -3.58247951   4.84895953  -4.90342489][ 18.59852895 -38.47405112  -1.85165934  14.48371923 -22.78484494
   9.66976972   5.19189313  -4.94991629  -2.20225276  -3.45777807
  -2.82910462   1.2956765   -5.0847264 ][ 1.91067783e+01 -4.05546067e+01 -8.65195671e-01  1.95234983e+01
 -2.68636656e+01  4.69837134e+00  1.64045636e+01 -5.13763354e+00
 -1.28548372e+01  3.29665199e+00  2.16210203e-01 -2.06530959e+00
  3.63462291e-02][ 19.13083369 -42.01660826  -0.726214    22.57125822 -18.27471922
  -1.86981712  13.07923361  -4.65893896  -9.98452813   4.03372282
   0.60851003  -1.62284577   2.68784176][ 19.36899445 -45.44965115  -5.97864742  19.26179046 -28.36480783
 -15.46173498   6.13201437  -7.48708127 -11.5624344    2.65204539
   1.1780063    5.59166772   5.58896589][ 19.72724894 -42.09508042  -6.456787    21.58001047 -24.20406411
 -16.98609016  13.52233368  -4.79859676 -15.73268062   7.63850036
   0.86806128  -3.54933263  -0.43912962][ 19.9679189  -45.07894448  -7.91674662  23.25560149 -27.15217078
 -18.07116649  14.86890918   0.65660214 -15.49803539  15.83068392
   2.36169672   0.48104652   6.39925035][ 19.99716443 -36.33280484  -5.20850187  27.64525944 -20.67883768
 -11.13562025  14.83681152  -5.67468811 -14.88504036  10.4940834
  -6.72139012  -6.41024378  -2.09131627][ 19.79028724 -38.41121877  -4.98358965  29.39879768 -22.8427736
  -6.47870879  17.25935111  -1.64231971 -14.17854899   4.9194069
  -3.73031193   2.54795859  -7.50196944][ 19.44570246 -44.22225631 -12.86894301  28.77728084 -24.98312601
 -11.34631813  14.11953176   1.26908026 -16.96846312  -7.07269492
  -4.15559716   6.26671584  -3.84525518][ 1.84512415e+01 -3.65646050e+01 -1.31952341e+01  2.76838351e+01
 -1.92012742e+01 -1.11227476e+01  1.30684885e+01  7.16547138e+00
 -2.05610290e+01 -2.83446595e+00  2.73738072e-02  5.12522512e+00
 -1.65267225e+00][ 17.6518802  -34.74531303 -21.3443211   25.21127226 -14.968551
 -14.50416743   5.06310379   0.88801961 -23.60105434  -5.92795246
   5.29423145  -1.04089258  10.04459934][ 15.39917695 -23.78993637 -18.39087671  22.85259639 -13.92414202
  -5.96405477  -4.44302696   8.4537841   -9.30074899   6.21391145
   4.56666157  -1.71859432  -3.61694536][ 14.41950358 -17.24512094 -19.82879422  21.94650906 -14.59439359
  -7.13655933   1.35236681   3.90389741  -7.14164776   4.65429194
  -2.14216724   1.17359885   2.40607192][ 13.6950816  -18.39316081 -22.10982003  22.56469717 -11.50281723
 -13.01060533   1.97046314   0.14741661  -9.49569002   0.1472681
 -13.55552908  -0.9327349    6.85058682][ 13.05781138 -16.89471986 -21.90190181  22.18436472 -14.08802097
 -14.7509912    1.60369148   1.68829155  -9.26019188  11.43884286
   6.70616671   3.74349777   5.55054371]