[ 13.75802536 -22.04727925 -11.37362681  22.50627728 -11.6834001
  -2.97991884   6.23710999  -1.76829038 -14.75760061  20.16924067
   5.490136   -19.66765299   8.11165652][ 15.25338741 -25.19200947 -13.37475611  25.67534295 -16.49861386
  -0.58312239  -4.95277639   6.13331187  -7.30217795  15.4753954
   2.12497407  -6.02416358  -2.94798631][ 16.54684312 -29.11695868 -20.03370187  29.15313225 -10.82755164
   6.50448806  -9.41978582   8.17117307 -14.61992272  12.11005543
  -2.5037088    0.73463166  -0.20725001][ 18.11675916 -22.86606908 -17.80957785  30.9138864  -17.35228208
   0.97698218  -6.0522731   15.34067951 -20.21988772  11.25771927
   1.23049644 -12.87281011   6.32554307][ 18.61622736 -39.73454731 -22.47976539  31.59822266 -15.87126059
   3.06267482  -4.51398769  20.87491049 -18.78620563  16.98522777
   9.15382011  -6.23398214   2.58420859][ 19.06127655 -36.03745519 -16.069012    29.44768773 -15.89217204
   3.7702434   -2.03459207  16.36314589 -25.20962182  13.82508452
   0.90602609 -12.78197324   5.12698614][ 19.4036145  -34.02499632 -10.05514048  30.38235221 -19.63343665
  -2.47885402  -8.84377947  13.97403531 -19.07522483  11.44217491
  -1.67174285  -3.80243116   6.3499712 ][ 20.06541779 -42.603358   -17.64902413  31.93695002 -21.95179394
  -5.32096335  -6.2616302   14.0806349  -10.60608379  23.81193743
  -7.91682555  -3.17993813   3.12465632][ 20.06834024 -39.88867788 -23.3906102   22.10240493 -24.57991544
  -3.50323136  -4.55732478  10.21244182  -2.83574852  30.5641389
   0.4074707   12.48045968  10.39545843][ 19.5930396  -37.10480731 -25.28706546  16.3553628  -19.61192884
  -4.13159137  -3.90203461   8.47716278  -0.93563414  29.74852377
  -0.35018607  11.73102258  10.59813963][ 18.20894005 -23.50066877 -19.99629896  16.40713993 -13.86971208
   2.09443431  -2.52042009   7.85901743   6.5918116   19.53421113
  -5.8498832    7.38671262  -3.15537981][ 19.50398867   3.84159085 -24.09470923  17.85210963  -4.75460759
  -2.75236183 -11.42448147  -4.51195927  -8.11479045  -1.38989251
 -13.30510037  -1.32874512 -15.24774606][ 20.52482085   4.25366597 -27.98514319  11.48103485 -17.71259205
 -15.00560695 -20.4310613  -13.05506172   8.53900916   0.8335145
  -4.81069652  -3.55267137 -30.94198383][ 20.7852139    7.31570161 -25.82229553  13.07762912 -17.51076889
 -11.85006973 -16.12163486 -10.22578481  16.07346349   4.39435896
   0.59753689  -1.27812269 -27.99387067][ 21.2398398    5.93827958 -27.53267836  12.69778202 -30.74290029
 -15.52274265 -14.70109545 -18.43723099  16.43578606   6.04538623
  -6.82024843  -0.82666947 -29.0517435 ][ 21.01292832   7.67059101 -23.88374899  17.38936527 -32.28118879
 -13.05071817  -9.6767954  -14.52935254  20.67933684  10.33425861
 -10.6235559    2.76924326 -26.2512725 ][ 20.96686933   6.90189525 -20.08585109  15.6646918  -28.39389737
 -15.50291517 -11.33706238 -20.3618353   20.77283055  11.28852407
  -9.36547666  10.95601022 -21.12034126][ 20.54994791   7.83524951 -14.58957871  14.81197255 -24.69878278
 -13.83716629 -23.22803093 -20.59084801  21.99314632   7.92807546
  -3.41698549   9.65798321 -18.60119389][ 20.73466792   7.31933783 -15.50737456  18.09078562 -20.7479803
 -19.32592936 -28.70755373 -23.42149115  18.15787668   5.75513607
   6.66478247  15.32196594 -13.54993037][ 20.72898419   7.76828949 -17.42465592  11.0860402  -23.30346811
 -26.74454088 -32.1454617  -24.9811058   10.28905546  -8.54786703
   2.90933561   6.41315443 -17.94053905][ 20.69454457   7.88536001 -13.7116598   22.57162345 -18.42647492
 -29.95961229 -31.43774092 -29.44911359  11.53680713  -2.42084657
   8.61521328  15.26123638  -5.38328761][ 20.65200729   6.24847926 -15.17962472  28.54393255 -19.40979392
 -36.84854138 -26.16522646 -27.73258301   1.86999757   1.13963377
  -6.68619015   4.5264142   -5.3554008 ][ 20.53599202   3.87692235 -15.95966642  29.2471686  -18.51803135
 -35.24392598 -23.02005823 -25.26002059  -2.56573075   4.53434953
 -16.18404641   9.78696011   4.26501788][ 20.39653241   2.15205223 -13.49934243  34.04680507 -21.87930943
 -36.7508295  -23.51433102 -32.9427692   -0.65104638  -4.355775
 -30.36692374   7.66751603  -1.69310685][ 1.99687907e+01  2.59719923e-01 -6.74845867e+00  3.32415318e+01
 -1.86158497e+01 -2.51764762e+01 -2.81704951e+01 -3.96989776e+01
 -1.54825881e-02 -3.22931777e+00 -2.93857405e+01  1.55519768e+01
  9.17672686e+00][ 1.96361737e+01 -9.51892121e-02  2.98980416e+00  4.17543898e+01
 -1.91585572e+01 -2.01849682e+01 -2.09728434e+01 -3.50031679e+01
 -4.44588730e-02 -2.62941049e-02 -2.96420358e+01  1.52468528e+01
  1.62682216e+01][ 19.59426856  -3.39325932  -1.81543184  35.52625474 -30.86925048
 -20.3697247  -13.4537103  -41.5881609  -16.26505745  -5.28963432
 -26.41579846   1.16394114   6.71809821][ 19.61217719  -9.42823607   1.97207713  38.10818829 -25.74840322
 -21.87381869 -15.17608242 -28.48492067 -16.36198115 -10.30270004
 -26.69055602   1.00297344  11.82824656][ 20.14152085 -21.58894096  11.60545009  38.67599163 -20.25055044
 -28.70462849 -17.0506736  -19.8722541  -26.39179877  -3.82280401
 -24.40818592  -3.33308949  13.25088923][ 21.00203206 -33.11154962   9.26743162  31.91326259 -22.35900446
 -29.71024335 -11.04072044 -25.55668263 -28.28891512  -7.30691804
 -23.86674595  -5.35891918  -2.70075454][ 21.47542382 -45.60187369   7.57756417  33.96183834 -18.22930602
 -16.08781598   7.54351196 -10.34106556 -19.61976365   9.30135479
  -9.49556172  -1.06104063   0.83605403][ 21.58054386 -50.67618757   1.40210355  26.6652781  -18.21378292
 -11.08703121  11.16132111  -8.87379293 -14.65119363   2.96518185
  -7.34630875   1.53269366  -1.49918303][ 21.40139917 -40.90216836   4.96836911  21.27681171 -19.19111676
  -7.31461289  14.91910844  -8.23616371  -8.93860771   3.24467895
  -7.25504723   1.22313951  -5.55721364][ 21.18019135 -39.83788372   4.49275643  18.5010178  -17.32553521
   0.36741609  11.43823572  -4.28019711  -2.67999877   2.84566217
  -6.3192566    4.7597136   -2.08458796][ 20.90339111 -39.74975631   6.34507925  18.90668262 -20.74847254
   1.2119554   10.75876088  -9.29898154  -6.39327824   4.76906675
  -9.72601777   5.53119421  -2.00722619][ 20.65251481 -40.39098069   6.86864924  16.03003562 -19.60080803
   1.91680839  12.64913416 -10.01690486   4.89070341   7.09676889
 -11.81750925  10.19465369  -1.9213768 ][ 20.41855048 -53.64684625   7.14333744  19.84534218 -22.33959936
  -6.22982701   8.37397899 -16.96197313   1.17285602   4.87058531
  -5.43525802  14.87623805   4.81747666][ 19.86549527 -49.57479346  10.22368827  20.14884749 -16.17242954
  -6.02621343   7.62460344 -17.25269616  -2.77690353   0.65307252
  -2.51580951   9.92822251   7.04555254][ 1.93876347e+01 -4.12598190e+01  1.18947894e+01  1.52074863e+01
 -1.87249136e+01 -1.62826516e+00  8.47960933e+00 -1.09420154e+01
  6.67722956e-03  1.28838985e+00 -2.30317041e+00 -2.18961268e-02
 -2.20801247e+00][ 18.41846995 -35.55742417   9.51343785  13.16078505 -19.87490645
   3.81741153  10.35115437 -15.23070849  -0.35125595   3.49403042
  -9.63267923   0.55307092  -3.96530334][ 17.15937566 -42.52924114   7.14719425  22.38145526 -22.84237335
  -9.05320186   3.88505014 -13.06879843  13.16848991  10.82776996
   1.41139557  14.76835578  -0.44003472][ 14.83507078 -32.55136409   7.74619371  19.92085566 -17.95967609
  -0.46649524   1.29906224 -11.13314087   4.8541116    5.59760528
  -4.65355704  12.13738988   2.5686229 ][ 16.75497548 -45.71981285  13.28476104  16.53367041 -20.98246595
  -5.73333405   1.3376103   -6.77985339  -2.83618503   7.40577004
  -3.07142405  14.49863941   3.23352785][ 18.47569609 -42.23007027   6.49328029  19.15726418 -16.56626539
   1.32694653  10.15489959  -4.36550519  -9.22258325  11.4934657
  -8.65273133  -0.64875416  -7.21534137][ 20.07223683 -39.86403879   0.3095716   30.59020188 -17.26058118
  -5.62661683   1.1685727  -11.12584274 -22.86009531  14.5927343
   1.65058496  11.31015486  -7.88803918][ 21.0537489  -46.07942523  -6.39509396  22.49906526 -37.56680389
 -25.83805783   5.60967259   0.86358056 -22.71757181  16.36973894
   7.07009528  12.49888247  10.47683264][ 21.09428315 -42.40991111  -7.07271958  26.92457523 -28.08001389
 -20.32694547   4.58325137   5.04913102 -19.38007815  12.65801586
   6.67453025  12.73324678  10.57805498][ 20.68502743 -35.49814189  -9.51613138  29.93666115 -15.27569155
 -11.73025471   9.55893385   7.34040712 -19.79852129   5.6932271
  -1.76491371   0.16250216  -4.23586365][ 19.68674701 -37.01060931 -14.94916959  28.16448814 -14.93728465
 -16.29596967   9.24746042  12.65610919 -15.41999588   3.21745123
   4.36668574   5.45998212  -5.00991948][ 18.00312965 -22.84912829 -14.56364638  21.20929175  -5.59772772
 -17.91245174   6.57635284  14.74352765 -10.49984451   2.82229325
  -1.05567325   7.38380693  -1.71849742][ 16.53502465 -20.8834713  -20.73433184  18.42215399  -6.34647932
 -22.34309475  -5.3247451   24.73703813   0.42736837   6.36259578
  -0.8439525   11.98661761  -1.49503768][ 14.83227504 -15.01524228 -18.07021952  18.5123172   -2.144142
 -19.60740302  -7.42408484  10.63011211   1.88945238   0.82616238
  -3.63017755   7.63366909   4.4727841 ]