[ 13.7690441  -24.62289236  -9.4805409   22.69576422 -11.68344398
   1.26607772   4.8007941    1.76112235   1.46405952  13.78795946
 -21.02286404   1.4935782   -0.74713605][ 15.63232729 -34.49316639 -11.59788468  30.64199863 -11.70729178
  -2.27502316   5.08910277  13.08485206  -8.95145442  20.91651946
  -5.28772441  -2.92292032 -10.66396594][ 17.18824411 -34.97265388  -8.87758208  28.58195037 -18.20525473
  -3.93323932   1.37472677  11.95989772 -16.24599452  10.16115586
  -2.52380017  -0.58176238   0.45853823][ 17.93504304 -37.88760368  -5.86362606  24.38087127 -14.23093237
  -6.4963381    7.08060248   6.41127684 -15.15700728  11.30238927
  -3.49005676   0.09765755  -5.20806132][ 18.81277384 -41.80674345  -1.37290324  30.27327597 -20.51505805
 -11.3947431    9.01240481  13.04296494  -9.02345955  13.0323068
  -5.58495073  -2.24373388  -1.15843489][ 19.40690081 -43.50082803  -3.35443661  26.68717549 -20.66777954
  -3.91771888  12.12049973   4.96497927 -12.59869988   9.66806791
  -6.04212392  -1.50017337   0.8332733 ][ 20.10730713 -48.52109719  -7.65254182  29.4811769  -21.06369966
  -9.27196993   7.13031966   3.08544142  -7.01176612   7.18415029
 -11.95261481   2.55056262  -2.87521261][ 20.35542512 -55.31709342  -7.47972635  30.702775   -17.41600576
  -8.42978791   5.62106083  11.46877332  -2.20272341   7.62169239
 -10.58359952   3.52142698  -4.64094453][ 20.69640324 -47.7301846   -6.76330206  29.69941925 -14.88382762
  -4.06766898   2.8892376    4.91488416  -8.18941596   7.64367466
 -10.94731532   4.27462713  -3.03448068][ 20.84543325 -36.72941838  -7.257476    26.0192016  -16.16349603
  -3.6468957    4.71896552   5.5883426  -12.71310446   8.21560454
  -5.19689082   0.77162929  -2.97937552][ 21.21795933 -38.73282472  -7.57314061  30.93050641 -18.05819761
  -9.69154262   4.55801198   4.08768896 -14.3742156   14.68977873
  -9.5426454   -0.2450867    3.21522568][ 21.19716714 -41.37838374 -11.75258197  32.97034095 -12.9085061
  -9.29286069   8.48923194   6.16340449 -14.53376656  10.80676375
  -4.49352442   2.70389053   8.36310942][ 20.58634033 -36.71438278 -10.60282091  29.77006484 -15.53700509
 -13.10352265   2.43528798   2.44992638  -3.87459299  13.92178731
  -4.41567316   3.00720249   5.61517558][ 19.74477665 -19.51589625  -4.31164606  31.94377489 -12.96756124
 -16.41219868  -2.80484471   0.92915778 -19.58311538   0.25371581
  -7.40513746 -13.00127814 -11.64489785][ 19.88383287  -4.34427106 -16.52327619  13.81295051 -27.87934158
 -26.6385205  -27.67948975 -22.2015657  -14.02459168  -1.911177
 -21.85186969 -17.21310159 -19.99931335][ 20.2061565    7.52996182 -17.91912866  22.59201979 -20.65326535
 -15.77571143 -18.54932936 -11.06248224   6.75719155  12.50783343
 -12.76821424  10.15530759 -10.59135266][ 20.74233275   6.10997867 -22.2063839   10.82538026 -24.41020768
 -31.15054153 -29.75675828 -12.55983851  -1.61122435   9.91354171
 -24.56012819   5.1107964  -29.46765432][ 21.20970209   5.68299847 -16.50406947  11.665285   -18.42895901
 -26.16789216 -19.89694771  -4.46417998   7.57267841  22.42688463
 -11.33707093   8.31527343 -19.84526561][ 21.44242058   3.43895195 -18.74367126   6.80028824 -18.86043964
 -27.27662105 -22.81019381 -10.52974706   0.71685511  17.10039472
 -12.22668762   2.24162204 -28.66707305][ 21.09588196   3.43328238 -21.42946066   3.84336483 -21.10299057
 -25.98230545 -33.38480515 -16.68831694  -9.37704732  17.33173717
 -12.69839441   9.17310416 -35.82777107][ 20.26402966   7.66173988 -14.78994942   8.63210408 -10.93577084
 -17.64968939 -31.15676474 -10.96524905  -4.31471493  15.37049154
 -10.33191475  12.76088182 -36.28033423][ 18.48856985   7.25169069  -9.38306184   1.53246231 -11.1066078
  -3.84772807 -33.42008219   0.55888428 -21.78837442  12.63503119
  -0.47215465   7.78115232 -27.70026311][ 16.07195463  12.79589218  -3.05022633  22.99017219   1.56951239
  -7.18019653 -18.57171639 -19.66558642 -15.44657257   6.35417426
 -11.20866636  -9.73659767 -35.80990857][ 1.57550236e+01  1.43428973e+01  1.70720836e-02  1.80892929e+01
 -2.81428719e+00 -1.18963726e+01 -9.42461554e+00 -1.68111465e+01
 -6.23965994e+00  5.59376061e+00 -7.80835269e+00 -9.64609641e+00
 -2.64584092e+01][ 15.76959284  15.98472797   2.26109483  20.25117619  -1.98018513
 -13.92787965 -15.76647292 -20.69767696 -10.02588621  10.51563762
 -11.84177582 -10.9761888  -25.79703525][ 15.91768125  18.5750265    3.54393556  15.46501972  -3.49374362
  -7.3876469  -14.20451554 -24.90840006  -3.62685243   9.77438316
  -5.8485808   -9.28385882 -23.6351816 ][ 15.88611869  19.699844     5.17097338  13.00913236  -3.92151916
  -4.19690963 -10.57322971 -28.58904576  -4.58485109  10.97680267
 -11.39701411  -9.38448005 -26.84185614][ 15.7401788   16.36075143   9.09015916   8.48204781  -3.69199172
  -1.46363056 -14.11013476 -20.71265381 -10.18311501  10.5743904
 -14.2288767   -8.02945464 -21.63396819][ 17.6992891   -4.94095517  -5.44792813  10.94649443 -17.81019968
   7.5479834   -7.59715762   7.76708466 -25.21568134  -6.77204797
 -11.88389086  -5.06791056 -13.95248359][ 18.59623454   0.61138841  -3.22697202  13.54895114 -12.65474452
   3.18321996 -17.616267    -2.12542721 -22.92484907  12.37854254
   3.78191278   5.58867675  -5.80402059][ 20.52420939   1.74202024  -9.08974716   8.44312781 -17.86357308
 -15.85229207 -30.03741853 -11.61336056  -7.75109972  28.59893852
  -2.94678581  10.33956223 -11.96056404][ 21.11114474   1.8513986  -12.70587119  10.38863928 -19.3977684
 -24.01499035 -26.07384185 -22.04384461  -3.22640401  30.24929134
  -8.76542758   6.80074354 -26.52658914][ 21.60121306   1.58698984 -16.98084831   8.69644745 -21.43837069
 -22.10331923 -18.31340156 -19.48013215  -1.92679272  32.04493217
  -7.64430485   8.90854675 -26.74254884][ 21.5923362    1.04595054 -21.24266116   5.84329769 -23.21605575
 -25.30785986 -13.12776953 -21.40063029   4.13375122  24.07874735
 -12.71790663  -1.52113804 -30.77000836][ 21.66392726   5.28245224 -23.4696817    5.45471177 -21.92240191
 -16.77361125  -9.97589278 -13.46166751   9.41614819  26.88469174
  -9.87365669   1.54956186 -27.07975979][ 21.60548249   6.52487457 -26.96684949   2.50707236 -25.18598169
 -15.80036078 -11.41192564 -15.08602235  18.21047917  19.76235676
 -12.42513585  -4.2783975  -32.70670008][ 21.52453409   7.40051953 -26.94275296   2.6661414  -20.48436066
 -14.47665904  -6.07473615 -16.26835573  20.89246456  12.3591953
  -7.21555545  -7.11108711 -32.03286536][ 21.37123177   7.62835385 -31.25822789   2.15582361 -20.94102759
 -21.03581672  -2.94581513 -24.33499256  23.00730193   9.73950623
 -12.7724202   -9.8015462  -41.78871299][ 21.07394721   9.03937801 -33.47642405   0.44835907 -25.50008367
 -18.38535629  -9.15513129 -27.97515709  10.37443278   2.67777012
 -17.96805398 -13.58717697 -41.02758913][ 20.9491211   10.77969669 -30.23400137   3.75543151 -21.25721183
 -17.26412666  -1.7603151  -21.23662689  24.04834176  12.53849439
 -15.33676111  -4.10584753 -39.64013613][ 20.68686506   7.52556562 -27.32675677  -3.19562792 -27.18662481
 -20.72707224 -13.29926429 -20.58747738  15.49748489  -0.38805051
 -18.50308674  -8.0231511  -31.29538003][ 20.39599152  11.43184588 -26.99758008  -3.08121407 -25.16354623
 -17.87042278 -14.3466836  -14.8259115   19.13947733   3.28788617
 -15.73079696   2.23590797 -34.15264892][ 19.8109655   11.91144412 -23.73130512  -9.24329144 -23.71220566
 -16.84557759 -21.53177469 -16.84909972  10.25450222 -11.07150131
 -12.02291786   2.37371378 -36.76059652][ 19.14650163  19.71134192 -20.07724652   1.70185359 -16.49589523
  -3.70246515 -11.35196867 -15.2340392   13.3646357    2.4793003
  -8.63299109  22.86371932 -30.69445382][ 18.03064863  21.66331322 -16.27896763  -3.57188615  -0.19475464
 -12.80648163 -16.48117045 -19.07370169  -4.22446031 -11.95815806
 -11.2450159   26.79870057 -36.28377853][ 17.53609724  18.31995834 -13.07595152  11.29484235  15.91038024
 -23.65593924 -25.06027877 -24.21479042 -15.83029731 -11.1809304
  -8.86432165  31.0386651  -35.46430372][ 17.59511236  18.388138   -13.04563619  16.35372518  13.66652466
 -23.40796769 -20.41092735 -22.09665696 -12.5651218  -13.16528267
  -7.40393038  23.93656811 -29.63016788][ 17.53012554  19.16677242 -17.37438141  12.10041723   8.1656151
 -29.88526717 -19.71960056 -24.59667573 -16.95364102 -18.81055473
 -19.8691183   19.28647713 -31.45811218][ 17.35925357  19.36964271 -12.63285912  16.49920608   9.16185369
 -26.68060831 -22.56743262 -17.41299992 -10.12923456 -16.69155482
 -18.12126267  13.59841753 -22.59132259][ 17.11675882  20.36101492 -10.80901804  17.57069029   8.5172297
 -21.89557079 -16.16337907 -22.03599786  -9.44144834 -14.72602615
 -19.02198222  14.23489672 -19.87446321][ 17.03730314  19.01666413 -11.17419657  18.7907385    8.22711292
 -17.14116058 -13.73134764 -24.2314034  -12.79319131 -16.49941273
 -16.62134352  17.59834507 -20.53263826][ 16.969285    19.27681524  -9.77213377  18.57598558  11.42053876
 -14.94011748 -11.84361605 -23.23112222 -11.08618057 -15.63718404
 -13.09314453  19.34755803 -22.84217185][ 16.79750599  18.34845742  -9.70708555  14.64607556  15.93813198
 -11.10310112 -13.13795549 -15.80873172 -15.87264775 -18.98207802
  -4.00531165  10.5411398  -21.68822696][ 16.50731943  19.24277284  -9.11302192  14.66485702  15.93662957
  -8.50890321 -14.37688059 -13.05055172 -18.17510205 -19.19910625
  -3.93585139  13.10769001 -27.19772565][ 16.01723243  17.12727121  -4.2070395   14.53557294  19.77493494
  -4.48127798 -14.99572025 -11.88601759 -26.15489816 -25.05506371
  -4.15100667   5.12778845 -25.37382393][ 15.49669196  17.74962572  -0.19844322  10.04775621  11.76118633
  -8.01746815 -16.12116206  -9.84770773 -21.12995695 -23.49739902
  -6.35329583  -3.05739484 -20.36313005][ 14.71053894  15.45021341  10.03682106   7.17029903  -2.84347939
  -6.41193684 -14.12357046 -13.11212952 -20.51081556 -19.48168443
  -6.2611056   -7.18235767 -20.60774564][ 13.72357425  11.7213024   11.27502616  16.48606877   6.47510495
  -2.91191075 -18.52859985 -13.31935204  -9.81763351 -16.61356994
  -6.54788416  -6.25987346 -11.59128599][ 12.16632591   4.52076486   9.58748538  20.73227512  10.44767096
  -3.45930457 -16.67800303  -4.73186449  -0.15466335 -15.75414025
  -7.40696373  -7.75737775 -18.12479568]