[ 13.9204969  -19.3795701  -11.47530651  19.50962672 -18.71041467
 -18.81930978   0.39411728  -0.75758695  -3.84813847  12.93964308
  12.0604844    6.2695292    6.12667016][ 15.20506598 -24.11016167  -8.45398822  21.26233558 -16.60879245
 -12.63992741   4.94851125  -3.64855191 -10.13007009   6.51033317
   9.96060556   3.02282476   1.8817676 ][ 16.50918243 -22.58818444  -8.19384053  16.86285299 -11.65889579
  -9.71646829   6.0510142   -3.06804217  -2.41321464   0.4952955
   1.13721632  -2.9145014   -3.1632476 ][ 17.52465935 -36.18413054  -8.70012566  21.44042998 -18.44821357
 -19.6156107   -3.35351946  -5.8762897   -5.56121413  10.01259666
   7.45853367  10.17104977   7.63043158][ 18.41860702 -41.30110464  -8.2555963   19.77428313 -15.02157014
 -24.03238739  -0.56392676  -2.81581893  -0.26600558  11.83117234
   1.36145396   9.93058913   8.61865891][ 19.22344238 -46.1770371   -8.89799343  20.29750042 -14.91467006
 -21.89064563   5.37371188  -4.59641823  -8.05501048  13.74446521
   5.05523261  14.88764014  15.14786046][ 19.61030715 -41.79848379  -5.88899823  16.29856129 -14.64438035
 -16.41573564   8.4392656    1.30280439  -0.0752165   13.69913911
  -8.49255118   1.65002005   6.37241296][ 19.76384283 -39.62700996  -1.96919121  19.35674568 -12.59239979
 -18.13596515   7.84617077   3.17602373  -7.92511619   9.77930324
  -5.41747272   1.12044527   8.05148471][ 19.83844404 -38.20909847  -3.75729049  16.86692321 -10.48715754
 -13.18293553   9.12824635   2.37723532  -8.64684996   3.26272965
  -4.00383221   1.58172009   0.63768042][ 20.17680451 -44.39566199  -4.70858358  20.18671537 -14.73475274
 -16.94941215   8.83337594   5.38042204  -9.97404204   4.03168815
  -9.12963514  -1.57861617  -2.79875587][ 20.42149483 -47.70839804  -8.86880168  19.9917683  -14.23655864
 -19.29015908   5.57203984   5.40511999  -2.75098087  12.40223591
  -7.56483453   0.99856616  -3.40187881][ 20.43186291 -36.51323749  -3.65868173  21.35643198 -12.37601624
 -12.10747869   5.19252717   0.75219498 -15.09064716   9.15273288
  -6.30208489  -2.76001959  -3.55876162][ 20.43643039 -35.56006719  -3.07656918  21.12181411 -10.50545326
 -12.54388983   4.80769988   2.19912944 -11.87727421   9.33238537
  -4.59218963   1.505571    -7.00184766][ 20.56175916 -46.58364512  -5.54412412  25.71387719 -10.5547484
 -15.23555366   2.33186392   5.17313898 -12.15236478   2.67066601
  -6.20186576  -3.01873698  -9.00810018][ 20.57031988 -42.5081083   -4.48020184  20.22862155 -11.30362643
 -13.51191849   2.79138129   8.51256837 -14.05828957  -1.70072858
   0.49664237  -3.26453123 -10.35457063][ 20.83788485 -41.58507234  -1.47020459  22.18447889  -7.50827137
 -16.09903224   4.46448474  11.77329692 -12.09386147   4.63537618
   2.2262539   -0.07153552  -2.44491826][ 21.08620421 -51.87564484  -6.4126106   23.58334443  -5.91985252
 -20.33741112   3.41789216  12.77252191 -14.2398275    7.41295206
   0.59284531   2.64307511  -3.28580108][ 21.26461981 -41.72136984  -2.42122581  22.75018342  -6.63937938
 -17.65128735   7.98980379  11.68495834 -20.34933036   8.64640573
   0.49666086  -4.85986267  -7.58318074][ 21.0700226  -41.23611393  -5.31315136  25.02574957  -4.54630635
 -17.64068281   4.39813523   9.8481719  -21.88757627   6.8345744
  -3.30645479  -3.84427431  -3.97934117][ 20.86296231 -36.06194572  -7.28986841  22.4452137   -7.32886104
 -18.16324912   5.68501326   8.79738584 -19.27130899   5.7399667
   2.95802523  -0.54159871  -2.88224082][ 20.55622464 -42.76723561 -12.72700791  26.60768048  -5.81804048
 -24.42361397  -2.48657645   5.01633949 -15.46595983   9.87059574
   3.63600623  -0.37026651   1.78176365][ 19.72238075 -37.13960535  -6.71336742  31.63546301  -3.45572413
 -16.35523294  -3.80716492  10.83760842 -11.73789199   9.59615635
  -3.61376616  -1.29647591  -5.1062    ][ 18.71568656  -9.32054531   4.77537104  28.3189198   -1.52503119
 -17.25125854  -4.73144108   2.91665596 -23.48095822   5.97901036
  -3.90355353  -1.54902145  -5.93658958][ 20.81334715  -0.98308555 -14.50426138  29.65397338 -12.66642657
 -28.22071158 -13.78333387 -26.90819895   8.03158838   0.3290166
  -5.46146647   6.96398902   6.15208079][ 21.48305009  -0.66145066 -22.06720266  32.76011512 -18.45649667
 -38.16524726 -21.72478802 -37.11603723  16.3339056  -14.14975076
  -0.27686836  -3.98855965   4.24305043][ 21.89808433   0.16583106 -22.99354746  31.23034872 -18.47080491
 -31.27730844 -22.24557415 -32.89782759  19.17118289 -15.46421165
   0.90628882 -10.27468082   2.12326151][ 21.59460323   0.18467138 -18.46649359  25.62563492 -15.88983716
 -24.13859834 -26.13122461 -25.58653395  19.86003054  -4.73991699
   1.93677524  -5.93164291   3.66854299][ 21.52693334   0.88152772 -19.90014949  24.78670306 -17.34806182
 -23.32369671 -25.07614402 -25.83172138  27.34606527  -5.60846049
   7.95537876  -6.86021595   6.24466907][ 21.5729317   -0.0773738  -21.2558081   21.48812392 -19.7620613
 -27.09631024 -26.55393838 -30.06816179  25.99016786  -7.38972287
   1.68537583 -10.48022443  -3.02261205][ 21.83745475   0.87954087 -21.45770135  21.98348128 -19.90887135
 -19.11628411 -23.3908671  -21.32565979  21.95992439   3.41852607
   3.1654306   -8.28600527  -6.92074561][ 21.82257761   0.48758244 -24.13319194  20.28911199 -22.18325632
 -20.98198554 -28.31990212 -25.08093938  21.58615612  -3.72017292
   6.3701461  -14.07400624  -8.49705988][ 21.79359143  -0.119289   -23.13102099  19.6281333  -19.79842011
 -20.76849646 -27.72328983 -25.46153473  21.21912886   0.61570467
   9.44606714 -14.31754669  -9.39137143][ 21.722389     0.74905093 -23.75814728  18.17519315 -19.6827639
 -21.2093964  -25.02746338 -27.28225642  20.98104245   0.99707068
  11.95213381 -16.05068427 -10.43636282][ 21.60429613  -0.51979625 -19.73968404  13.20157892 -18.04229371
 -14.76162315 -23.27945984 -21.52661549   7.58954529   5.27682304
   5.47932899 -15.7954563  -14.66217373][ 21.34926638   2.12766202 -20.15732267  14.23990932 -19.90656578
 -13.241257   -23.13564692 -24.79039873  13.53206079   0.95649362
  16.52623829 -18.25062293 -10.43844602][ 21.15479595   1.96907605 -18.53742094  15.99673491 -22.04935101
 -10.56693263 -26.58788405 -27.44659317  11.52640082   1.51685112
  18.08349376 -17.9288658  -11.95061622][ 20.90826015   3.54129338 -18.51933083  16.07029083 -23.31640325
  -9.88843688 -28.54435747 -29.08298929   8.447429     1.68728546
  19.50927449 -17.52073857 -13.26307895][ 20.55837646   4.95724479 -12.90954232  17.29206268 -16.17308101
  -2.78520684 -27.10219086 -21.26279695   5.54400463   4.44449019
  25.28653044 -13.19054927  -9.49090463][ 19.60086961   4.61592382 -12.72887135  12.45466662 -22.1890383
  -1.40497214 -33.92245789 -24.2801772   -5.70068046  -5.88025376
  21.00193844 -22.32533494 -18.75895471][ 18.28935852   4.87492635  -4.49211117  19.74589911 -21.77955273
  13.57065037 -30.53769522 -18.20071926  -2.54380625  -4.91742429
  27.86333956 -16.82200936 -15.97663612][ 15.5302585   10.46184746   2.95894257  25.57845805  -7.42515267
   7.143422   -33.42796462 -17.10019525   4.86303147  -7.21607723
   9.96462549 -17.262546   -10.82734619][ 15.31408271  14.69824985   3.62609988  23.51144865  -3.2596896
  -6.08874601 -25.06970421 -20.08769926   2.84007117   0.92080316
   6.90283947  -9.83660278  -9.57124983][ 15.26443365  15.55648073   5.315039    25.01223934  -4.09859167
  -7.93397888 -24.03450977 -18.06283888  -2.57841203  -1.42651263
  10.71465623 -11.53141577  -9.55293607][ 15.19967084  17.38182413   6.72896281  23.96807866  -0.929666
  -8.60122155 -14.98559821  -9.77878218   0.16296537  -2.47864225
   9.09089018 -12.86813541 -11.71422648][ 15.10539072  16.47514912  10.57299435  25.92650345   3.43773157
 -11.27871831 -16.24004253 -17.43288888  -5.06861873  -4.83180909
   5.16144768 -13.7293135  -13.45870714][ 15.00803179  15.93051647  12.93236546  23.57154616   1.11986409
  -9.56753447 -17.54310704 -16.20938166  -2.59880453  -8.74651863
  -6.44084609 -14.6717937  -14.74207883][ 14.90499282  15.64090818  14.75984232  20.26247276   1.31810594
  -3.8536082  -19.85374827 -18.06251702   4.06243952  -2.01319917
  -6.26701418 -14.03647726 -11.53684312][ 16.72079576  -5.51781982  -2.60957006  32.39611079 -14.53546451
  15.78458163 -24.6930918   -5.9301614   -8.42846723  -6.53721863
   2.4683268  -16.25542603  -5.59398556][ 17.20058653  -8.81454566   2.72820171  29.1912452  -12.12307335
   9.84467341 -23.428503    -8.79675846  -8.01108375  -9.42544642
   6.29107816  -4.68740518   2.03333313][ 18.09570671   1.90755924   2.34951694  18.02403103 -24.99798527
  -3.36428323 -28.11443339  -6.321312    -8.40225915  -6.67093013
  -5.54531812 -19.18657311  -2.43560876][ 18.92093616   4.82343668   1.15480611  16.28816894 -21.97107336
 -10.23982986 -31.27339028 -24.15910538  -8.82865875   1.86803553
   5.96503064 -15.06638413  -9.7716131 ][ 19.70766825   3.50261199  -2.78055835  22.32977664 -25.92259698
  -9.55686482 -26.96673523 -26.73182757  -3.98246138   6.85089929
  13.74687741  -8.34171644 -12.87784536][ 20.15936193   1.97657745  -5.9482831   25.30137349 -30.29109279
  -9.84180653 -28.60226945 -27.59114915  -1.96584478   1.61911649
  17.12967119 -15.12207814 -11.98709929][ 20.49142275   2.6293721  -10.56898354  19.62897609 -32.09183297
  -5.79888861 -21.94379961 -15.96226555  -2.89681333   0.75588579
  13.0309674  -11.40333679 -13.56694316][ 20.57812333  -0.31690934  -9.41137657  15.60648372 -33.91257717
 -12.15924168 -24.95192395 -23.63630726  -2.78161122   3.15544229
  15.94839392 -21.982685   -18.16606023][ 20.6618872    2.88700036 -13.32804564  23.44311266 -38.45665707
  -8.68278082 -25.28158278 -21.4409284   -0.19590651   7.88743333
  19.01223182 -20.93031039 -14.99274132][ 20.79968155   3.0156433  -14.00262257  25.05481125 -36.82542321
  -7.58239885 -23.11400717 -22.5528201    0.12276765  12.84686315
  22.73093874 -18.72399854 -13.96773475][ 20.95886647   4.97307422 -15.48331533  26.41139287 -34.32694086
  -4.21394724 -17.38507598 -17.09825528   4.56927951  18.90393453
  23.11535854 -15.74359264  -8.41297575][ 21.09706477   5.86916079 -22.57724993  21.09139726 -34.67949637
  -8.77093239 -21.40751699 -23.10317547  -0.52480772  10.84437547
  13.75181214 -18.49341714 -15.04299459][ 21.07458655   4.75955067 -18.93301063  18.22306476 -31.19519427
  -8.05547428 -17.54272208 -26.94810513   5.18644056  13.05866123
  18.7701966  -14.23440835 -10.52522904][ 21.06164746   7.82304865 -22.75035309  23.6993441  -36.5665455
   1.76201164 -20.46815843 -22.99155034   9.82582024  13.72823984
  24.94834918 -16.61193909  -7.07021009][ 20.99818611   5.90749143 -23.4968582   21.37831146 -39.05728387
  -0.9437527  -22.62006209 -27.89245962   5.16011168   9.13264676
  21.22037469 -21.88795562 -10.61685271][ 20.95731204   3.36010614 -17.33702455  16.49014441 -28.96233438
  -1.6359656  -13.12662296 -20.69502291   7.21182068   7.70793251
  14.36628314 -15.90820023 -12.30318923][ 20.68880605   3.75558314 -20.77990982  18.28913404 -36.53802673
  -0.74113079 -12.80707771 -27.61709939   7.62175226   1.59097277
  15.5534221  -30.24645207 -14.13190178][ 20.55278742   3.53483363 -19.28333533  17.4373283  -36.73233646
   1.33596815 -11.12634823 -27.90736342   7.42990817   1.8513271
  13.05152313 -32.87855731 -11.56621955][ 20.46615705   3.59179764 -16.81391793  15.72784252 -31.85930747
   1.23114532  -6.60975585 -25.14223835   8.78647303   8.32983361
  10.18126587 -25.60436853 -10.15770677][ 20.29459224   5.85838363 -16.65733813  16.73378706 -32.07730037
   4.01517801  -2.36886637 -26.20806149  13.83659417   8.20133829
  13.40160557 -25.55064117  -5.99684469][ 20.05820197   4.67676392 -14.94504295  10.15996561 -31.72794281
   4.54478425  -8.40134147 -25.99157479   0.04707485   4.42920691
   1.92728776 -24.13938101 -10.17275927][ 19.62842775   8.64838999 -16.40320243  11.48531875 -32.38292093
   7.46342935 -11.52261961 -28.531599    -0.5291964    2.79905651
   7.11297334 -22.77504729  -4.68336998][ 19.10389879  12.74972583 -15.01064286  15.78672916 -26.7684649
   7.19863275  -6.34942132 -31.55759012   1.3201594    1.56453266
   5.51088601 -10.26111289  -5.67745975][ 18.7036887   12.16129368 -13.99040042  20.72823814 -23.46990089
   3.43573904 -10.88913076 -35.37846959  -5.7379734  -11.10757796
  -3.64271853   3.93390854 -14.07792774][ 18.52112616  10.71492399  -8.4386006   28.61544029 -13.52622136
   7.70753744 -14.46376997 -30.92583483  -4.77458944 -12.33287905
   1.67685999  13.39575163  -8.86921771][ 18.41981967  11.33208998 -11.01915716  27.35588171 -17.28216868
   6.47344912 -19.77881502 -31.77667861  -9.41509192 -15.45958555
   1.07675929   4.30470456  -8.88320762][ 18.27815961  12.1195739  -12.7066266   24.76369784 -15.99868714
   2.79234177 -24.6585075  -35.22768399 -15.3542647  -17.80048682
  -1.24750315   2.46514414 -12.31290834][ 18.19792368  14.22417701 -10.7938675   27.35708348 -13.15443175
   7.97995831 -19.71921342 -32.56838911 -10.45724145 -14.14777224
   5.38986217   9.8683099   -7.6301996 ][ 18.14443171  13.07312581 -10.33696818  25.93451351 -17.38429097
   7.45878399 -21.0410445  -37.35788081 -13.82125873 -17.75988476
   1.00602766   7.8244257   -9.17365997][ 18.10490065  13.91669011  -5.05131898  23.50839615 -17.25726789
   6.72260946  -4.98888717 -30.78621647  -7.72437187 -11.3001114
   2.57552874   8.60563207  -2.75704272][ 18.06842808  12.23720817  -5.62571899  24.23513533 -23.51887382
   6.5013361  -11.50944122 -36.38715639 -15.24225463 -15.12089249
  -0.84277206   4.11234784   0.59642885][ 18.06438413  10.7646724   -6.50463695  22.73199219 -20.84758112
   4.95328698 -16.20264207 -37.35383728 -15.98924684 -16.9706055
  -5.51318678   4.50313597   1.35200252][ 17.99608869  13.51492614  -6.80412954  26.00968378 -19.83650059
  11.17454568 -15.21744468 -39.36630884  -8.14104722 -18.26610276
  -0.82952143   9.53113653   8.05851674][ 17.89765159  14.94969079  -7.48990079  23.98006915 -21.4728028
  10.1151534  -14.75117047 -39.3350922   -9.60942147 -17.21795523
  -3.58101792   6.62930591   6.69090272][ 17.81982468  15.80948027  -3.3622976   16.66784842 -23.68670954
   8.59382591  -8.05782816 -28.76133464  -4.49731262 -10.5905359
  -9.31825951   3.01862833   6.73931536][ 17.83918195  17.7473645   -6.68724008  10.20051556 -27.7991097
   8.57880589 -14.23982742 -32.19824899  -6.38886871 -10.2739168
 -20.06855895  -1.82616032   4.26603499][ 17.68571985  18.29467209  -3.58459313   3.13577946 -22.39956137
  11.1786155   -7.30266195 -29.28645049   0.72679813  -0.76410843
 -20.22425852  -0.64979542  10.65124245][ 17.53793259  16.1645804   -8.97539439   7.00664301 -21.03360946
   9.04223804  -6.20447777 -26.23592383   1.89976077  -0.75273455
 -18.36288092  -2.59022506   9.88490228][ 17.00101496  12.03680316 -11.60295304  11.79118945 -11.88498435
  17.07159157   2.47934007 -24.54372497   8.13033728   3.64509164
 -11.15293965   1.22447735   8.08199232][ 16.70727145  10.68943604 -11.48926641  14.93969361  -5.72800445
  20.65601675   9.73786295 -17.48030126  13.39869194   1.44375375
 -11.29620285  -0.14265509   5.06516827][ 15.66594327  12.10464398 -10.41976521   7.48880033   2.64991851
  19.34503912  12.24764856  -7.36667483   5.95996196  -2.86968935
 -17.60405637 -12.37071843   5.23222642][ 15.12934403  12.26185382  -7.12602523   8.22295823   7.94680617
  28.87434168   3.6502176  -14.58285513   8.19969619   5.0646978
 -15.72496295 -11.38685834  12.27751242][ 14.49570668   8.88090055  -6.99219174   9.07509822   9.41546971
  25.84275773   2.0153124  -13.05957802   6.96284905   0.15809092
 -17.0577655   -6.27233164   5.56837569][ 13.94699819   7.61408653  -7.50669233   4.47650994   7.37508038
  23.87065796   3.00080257  -7.77256984  10.24372926   1.34227441
 -13.68226772   1.58303834   1.88386351]