[11.16079886 -9.54424326 -2.55730652 12.81446866  4.18460262 -6.98673525
 -5.11040239  3.01535997  2.33253746  4.31926438  2.3470723  -0.40502562
  1.89188564][ 16.72645123 -29.69723337 -14.59164514  18.16355087  -2.77990559
 -19.82611976  -1.69954949   9.16624034 -24.53143836  10.92835474
   0.84355663   7.81647979 -13.21144264][ 17.96689444 -34.73854021 -26.37196393   6.20280376  -8.10243707
 -15.82294223  -4.02251762  10.40586151 -19.98575938  11.76735826
   3.84415439   9.16606062   0.30738407][ 18.55050514 -42.04625984 -21.82512596   3.94434105  -8.3515875
 -12.0481111   -3.30127177   9.68405059 -16.84577732  10.73899652
   1.6923308    7.00115806   0.06362161][ 1.92664428e+01 -4.37788382e+01 -3.35322882e+00  1.46553820e+01
 -8.13348234e-01 -1.61967841e+01  4.29746352e-02  9.70595447e+00
 -1.89353589e+01  5.79897441e+00 -2.10801647e+00  3.33914489e+00
 -9.18035168e+00][ 20.11335668 -37.30051827   2.12846047  14.89518663  -5.74059626
 -14.11232037   9.69304273  10.11512441 -18.36971004   8.71375232
  -0.65389918   1.53220483  -7.92098674][ 20.96316752 -46.9759266    1.05232518  19.9879711   -6.04970573
 -16.16653193  10.19945643   7.54287584 -18.33577245  11.31750948
   0.41058432  -3.2988676   -7.41805782][ 21.45446253 -58.21484382   0.97580758  21.31021044  -8.34508415
 -15.97589174  13.444011     9.90188573 -23.30601046   8.66860817
   5.99128556  -2.49891213  -6.26606362][ 21.886189   -48.05824371   9.96514096  17.3957044   -9.25914307
 -18.4122744   15.34893354   4.34073423 -23.80253125   9.48763438
   3.44437813  -3.51225125  -6.80880148][ 21.81069237 -53.72284134   9.36204901  19.21219626  -8.25102298
 -18.99328931  14.61329092   0.60354909 -16.13488906  15.5240983
  -5.41991425  -0.32237744  -2.26522781][ 21.32082066 -57.65283489  -0.70869835  15.4673482  -12.02841987
 -17.01230254  16.41119258  -3.73371676 -13.960548    17.64298893
  -6.53825309  -2.74713177  -4.60448155][ 20.13030221 -52.5343508    6.94228832  24.35633872 -14.11703533
 -11.60577718  24.65241771   2.73182289 -11.18781208   7.59977243
  -0.9241006    1.90680345  -4.80039404][ 18.35837253 -44.27961837   3.4527949   22.25971015 -14.32543075
 -10.29927969  23.37157149  -6.58289177 -11.74506098  15.70967958
  -0.45667104  -0.6505767   -4.24941046][ 14.28426748 -31.88789542   2.54393896  10.37471392  -8.92064546
 -18.69744549   3.57650052   3.59677622 -11.75635968  20.34210743
  -7.55155892  -7.79497509  -8.06571928][ 13.8474044  -28.19862754   2.74858235   6.18603606  -7.63094685
 -12.17271827   1.79553296   5.14150924  -3.91591443  22.94727715
  -5.33255346  -9.19413804  -4.98114997][ 13.63552444 -25.46699873   5.40400785   8.21287466  -4.63579415
 -12.20262711   3.90220784   5.66851413  -2.05169769  25.70786937
  -3.89002337  -0.85451474  -3.87546349][ 13.2728201  -22.52373187   9.37989553  11.49080595  -3.88788363
 -18.30995863  -3.14817366   3.13966886   0.51055283  20.13957282
  -3.37371564   6.73468506  -4.13808792][ 13.10798835 -20.14378035   7.66656916   8.60054      0.08890465
 -14.7879418   -1.11649005  -2.35282911  -5.16750938  22.83011783
   1.87591364   5.68636795  -7.14695958][ 12.76870008 -18.27873486   5.23689685   8.9507333   -2.03224584
 -13.81897242  -0.62985229  -1.22097109  -2.95997271  32.94789846
   5.48921347   2.80199949  -3.1145763 ][ 12.44857074 -17.25732548   1.16890633   7.03460453  -1.60973172
 -13.88602599   1.87164748   3.88429269   4.33792886  35.15610866
   4.71185      5.76624362   4.48429374][ 11.75731062 -15.37262307   2.92553487   9.51093574   0.86048777
  -8.32240198  -2.89181124   1.71821425   2.04036977  34.27462197
  10.91550824   3.67179033  -7.0361442 ][ 11.35506117 -12.01278778   2.91610256   3.57842863  -0.10960897
  -4.69237857  -4.48780924   3.33990302   5.69762837  19.70851763
   5.09738109   7.6464681  -15.11647407][ 11.27162485 -10.21891921   1.97148389   6.61513021  -3.63020674
  -9.04287173  -7.83653415  -2.89771536   2.22697632  17.53544178
   4.30223523   1.0648182   -6.86498985][ 11.39759764 -10.38776253  -0.0885294    8.63721628  -1.55149078
  -8.53330969 -11.72695104   1.34893823   2.72456896  14.04467874
   9.38532977   3.46512198  -2.07786167][12.67628829 -0.88557929 -0.51570909  4.15760995 -1.20718023 -3.12014216
 -1.7674539  -1.41253792  0.69813635  1.34800001  1.90617263  1.87250679
  0.50517865][ 18.03272842 -16.85978752 -12.83001873   5.49860733 -14.43362737
  19.97941186 -15.04646841 -17.89895988 -14.52012875   0.20653956
   4.17346223  -2.33254039   8.80527713][ 18.18305405  -8.07307866  -2.24369482  11.99329431 -13.30761798
  16.48029878 -18.22612163 -18.39569869 -15.77977654  -2.07929847
  -1.56736801 -11.56173555  -1.83166898][ 19.46472459   0.99365682  -9.76618223   3.77524903 -19.93342826
  -5.19734289 -20.81038325 -10.79221899  -9.40805015  -8.05228928
  -3.96345661  -7.88083341  -5.3549272 ][ 20.79774251   3.22969571 -14.28809537  14.81853559 -29.67372129
 -10.88618153 -25.98388047 -25.52873163   4.23279042   8.43894438
  19.32138391 -21.56632925 -16.18622092][ 21.40678727   2.1899238  -16.03815987  14.33048574 -30.01141015
 -13.7117588  -22.03629903 -23.63049726  12.3493984    8.88356112
  24.83880246 -27.96835442 -11.87367185][ 21.65829125   1.47198927 -19.37607538  12.68354589 -32.84381152
 -18.4113603  -21.00350277 -22.35426428  13.31554322   8.03155391
  23.37253834 -31.6011531  -13.89675635][ 22.01409877   1.9049361  -19.72717724  14.68597282 -29.80902523
 -12.90590761 -14.9737892  -16.58137333  13.18557084   4.89851556
  19.15814678 -25.22419964 -11.39281768][ 21.86028161   2.18155949 -20.93899982  13.10504137 -32.31280949
 -14.53854279 -16.2038922  -19.08362709  16.84616956   5.13816957
  21.91666966 -25.91347625 -12.82213284][ 21.52273646   1.43047625 -20.35175382   9.34664254 -36.0981281
 -16.3231232  -18.25884148 -18.41169891  12.56456655   0.6480906
  16.34129303 -25.48440074 -16.43461961][ 20.97974781   6.15611782 -17.05511208  12.29084257 -36.92406439
 -17.03651429 -14.37486389 -18.39134453  11.48875918  -0.13574511
  20.84181657 -21.72600604 -13.23517659][ 21.06566311   5.94665498 -14.23237246  14.42485887 -35.04984529
 -13.64167788  -7.49117134  -9.72286206   5.78539439   5.60152733
  14.58042645 -13.79099441 -13.37226773][ 21.17226509   6.50046771 -20.7205567   15.17217559 -40.56047481
 -12.80875771 -10.3964092  -19.42545108  10.79402807   1.99032407
  19.24055725 -20.15344714 -14.82839259][ 21.25193744   5.96154145 -19.53601377  15.02593299 -36.97815507
  -8.92962981  -8.60270282 -18.9873788   12.13406596   8.54078793
  18.02789175 -19.38564178 -15.73896631][ 21.30492087   5.60779274 -22.86650154  16.80979823 -41.17280834
  -8.12467381 -12.33460614 -23.8188768   13.77485642   7.0176116
  18.74423661 -23.27909087 -14.74884673][ 21.26119769   4.95902194 -17.5690193   18.37549421 -35.75808661
  -4.29065718  -5.96447851 -15.15514224  16.2432289   14.03904116
  20.86348614 -17.08570943 -11.81773202][ 21.19697823   2.69003009 -15.68135248  13.7959911  -38.25068865
 -12.89847674 -10.59827645 -16.51075356   6.81947108   5.41846874
  16.83684064 -17.68525277 -12.99067919][ 21.08914992   5.94115207 -21.6669872   17.56997012 -43.88527348
 -11.20173979 -16.58900039 -15.55253408   5.50631142   2.66095494
  16.30832464 -25.10643458 -12.52610269][ 21.08646668   4.19266217 -18.55047593  13.02654455 -39.47657404
 -10.83521729 -16.16337184 -21.28110329   5.66250785   8.93742863
  17.6761691  -23.21215535 -13.87228672][ 21.06218242   5.61242178 -19.17557675  12.5425875  -36.50553884
  -7.9539405  -14.60360196 -22.167637     9.24834709  10.5067482
  21.56712015 -23.55312755 -13.81530377][ 21.23279698   5.46820084 -18.50658958   8.13148717 -31.39716699
  -2.77749602 -18.88375578 -17.60754336   5.38390671   7.87846697
  14.37500515 -18.49785808 -13.23008336][ 21.34189616   6.10784552 -20.8415125    8.22023936 -32.97623654
  -3.78970773 -24.29411491 -22.06038005   8.59597087   6.80954832
  23.45120505 -23.38903762 -12.27835999][ 21.32218832   3.78329286 -18.33215644   3.36619773 -31.91466669
  -7.18359954 -24.0413126  -24.55788401   7.05997943   5.75602403
  18.62825366 -25.21380115 -14.48100193][ 21.30528871   5.20856525 -19.35819992   6.68373106 -34.34477482
  -5.3086353  -27.23217597 -26.59903291  10.48050062   5.81591351
  21.38622961 -24.70243542 -12.83297063][ 21.3168576    4.76484445 -13.66083073   7.74443595 -27.90485296
  -0.03627607 -23.72610876 -15.30754443  11.97370014  20.92553213
  17.31595346 -13.00075494 -11.95998795][ 21.16254088   5.62502278 -15.27906279   7.53030043 -27.73273104
  -6.4571288  -28.89298419 -19.15702118   0.68354852  19.14609232
   8.08553022 -13.77184505 -14.59189553][ 20.63177153  10.18983264 -16.44096361   9.30061815 -20.56850822
 -13.29221421 -26.14397155 -14.96531847  -1.75750862  17.28328364
  19.0184849  -23.82754204   2.11423287][ 19.70606893  13.93681698 -16.997374    12.98835788 -10.74741346
 -21.25004435 -19.05703487 -17.40636708  -9.46505835  20.10319302
  24.4164192  -19.38108963   2.60336342][ 18.33682483  12.63116268 -14.0861581   16.21086499  -7.59170708
 -25.82416891 -21.84024523 -15.47541183 -19.02545321  17.2232833
  19.76998572 -14.0011129   -6.48844165][ 18.69058777  13.44571164 -11.97590066  24.68754154 -15.2033335
 -16.51727048 -22.38432935 -18.43083906  -4.98494808  20.25183671
   2.07229852  -2.17796094  -0.80423613][ 20.06683935  11.55974928 -20.67245249  20.33800989 -31.65805056
  -9.27695138 -19.05206599 -38.91395839   2.80722326  11.06644106
  -9.79059087  -3.06073903 -18.67248035][ 20.37067836  13.77508013 -21.9109545   25.6670771  -34.7780241
  -4.80902381 -18.41390202 -47.07225482  14.59858017   5.19520887
  -1.67804408  -2.99924677 -14.22028488][ 20.25537754  12.28854413 -18.36904399  24.99196085 -34.05189923
  -3.95891387 -22.72923774 -43.37500604  17.3570715    1.73975207
   1.1466717   -0.64765304 -14.59464098][ 20.12280338  11.01154924 -14.82201635  23.45721413 -32.62987377
  -3.35514961 -23.33364179 -40.9078987   17.93688111   0.086652
   1.79368104  -0.87386181 -11.9480623 ][ 19.97657151   5.69244184  -5.26480306  12.45199633 -23.35784624
  -5.13815759 -28.44711237 -38.51762795  16.73434534  -1.50223563
  -6.93832105  -4.45108795 -11.03766006][ 19.68080272  11.36345614  -9.82773213  16.20463768 -27.53587061
  -1.27541842 -31.44465587 -43.06974554  17.8427942   -5.15728091
  -8.1380206   -6.54666726  -7.21681635][ 19.67113963  12.36084522 -11.2583529   19.79614076 -26.53082656
  -0.47997621 -30.80511898 -45.75191434  19.33952809  -2.36498237
  -6.58876122  -3.45851286  -6.43051018][ 19.62925637  12.60610706 -10.44006035  21.37842448 -25.74285303
  -2.35781709 -26.97201942 -45.90534643  17.89377532  -3.62563727
  -8.03962332  -4.76605472  -4.22737236][ 19.64915028  11.66470756  -9.44585992  21.18029392 -21.42911959
  -9.82975665 -23.20984049 -42.11866403  17.08240414  -2.91213852
 -10.8121635   -2.53805041 -11.04544467][ 19.42167016  12.05379432  -6.84863976  16.23210432 -22.51364317
  -9.93898507 -23.46236141 -47.06886994  11.91924386  -2.23183905
 -14.49727966  -3.81404719  -7.86222067][ 19.39956227  10.85235822  -4.21208643  18.27258689 -21.13789369
  -6.27202523 -27.32640785 -43.68538787  11.71928132   0.24169473
 -10.04706316  -2.34237211  -2.69836946][ 19.37873772  13.05625095  -6.55757903  21.46506105 -26.30961353
  -3.49066393 -27.76698446 -45.9295204   12.58648558  -7.10225856
  -8.76788199  -5.7722851   -4.28088303][ 19.44012947  10.94865083  -1.89653011  21.08415    -22.08244885
  -6.06138379 -27.10059804 -37.23498628  11.53413286  -4.97300311
  -7.62752326  -4.47058899  -3.52203217][ 19.30075323  13.00543546  -7.59441943  22.0789904  -27.3612337
  -8.26924622 -26.69097562 -41.50951315   9.15626334 -14.54085324
  -8.2560644   -4.03833816  -3.22684233][ 19.22705157  13.4863389   -6.16796707  26.13528331 -22.25452193
  -8.15034622 -25.09363927 -38.70460484  13.63898648  -6.86634977
  -6.16285523   1.0942524    1.46974608][ 19.16824784  12.20632273  -5.59362624  23.40136251 -25.20888756
 -13.07922673 -25.62907248 -37.18166926  15.56163508 -13.40058832
  -9.30613103  -4.12999392  -1.82360428][ 19.19556011  13.03934551  -2.30323369  22.35315929 -24.71207523
 -16.36573483 -17.08641326 -26.59131746  22.22771639 -11.35015106
 -13.90869434  -1.62004833  -2.15054078][ 18.91460381  12.60963369  -6.05760889  13.46841285 -24.59535523
 -17.33488378 -19.29397001 -33.24686604  17.24939765 -16.62345738
 -19.55428885  -4.24667488  -6.94316355][ 19.15506321  11.37183886 -13.92986559  20.33285703 -12.88094641
  -7.71780076 -24.81728122 -29.66742641  33.96211658 -21.04668294
 -11.24623531  -0.17932702  -3.35378366][ 18.95348079   9.77012545 -16.71292527  21.18366561 -10.7059987
  -5.61985833 -25.36579344 -30.78716635  31.2028204  -24.02871288
 -14.12540342  -3.14362941  -5.04209106][ 18.69469145   6.59782442 -18.22198747  24.74282432  -2.08878138
   5.10970184 -16.26066538 -21.66115586  34.1711401  -12.97243537
  -8.05435793   3.49145817  -1.32616032][ 16.75968262   5.56966456  -9.76939138  21.30481873   1.78910093
   4.8841169   -6.95650023 -12.58390697  16.74742161  -4.46268436
 -13.60573502  -5.35652234  -2.24645443][ 16.03268078   6.79851065  -7.8193651   20.56419283   2.57684126
  15.68932483  -4.38203441 -11.807038    17.38249467  -3.16317616
 -21.32154868  -5.18069653   5.01414847][ 15.26296593   6.65605887  -5.74226023  15.35320228   6.59236586
  19.62870258  -8.60783409  -9.11483748   8.55276866 -11.8910349
 -28.44477102  -3.13813944   5.88984824][ 14.7284844    4.12401776  -5.33517007  13.29929207   1.6578941
  20.9895077  -13.58017785 -10.48169357   6.84129902 -10.71826575
 -21.38819158   3.1480246    5.538785  ][ 14.37908313   1.64539154  -5.36113983  15.18105219   2.4918979
  14.28111616 -21.21262216 -13.40482253  11.43791939  -4.8416685
 -22.99444563   0.64977478  -0.33448457]