[15.35219452 -7.40497227 -1.07622531 -1.08447596 -0.77083146 -0.66050894
  2.05837698  0.88400717 -0.40785419 -1.48704746  0.33704594 -1.07138384
  0.15909924][ 18.74995854 -32.38382942 -14.08071436   3.81026913 -22.56198881
   7.03559309 -15.81741807  -8.17239428  -0.39511872  -6.31665598
   6.33955885  -5.83199234   3.98836745][ 19.47824517 -31.55347828  -7.87030241   5.56122475 -19.18824408
   2.56705177  -4.93920598  -1.95644317   0.09713393   2.57367398
   9.68368921  -3.6571694    2.39406908][ 20.31660889 -31.63116398   0.9502908    5.30851423 -16.85680002
   6.03958896  -5.66274916  -1.42205938   1.39291742   5.71903585
   5.13621343  -5.82111769  -2.7428631 ][ 21.48779539 -40.52061134  -1.50969862   1.14485724 -19.62519177
   5.50256489   7.7402918   -0.55753001  13.01935573  12.45633776
  10.93465101   0.51206721   1.59852831][ 22.27822991 -41.98593916   3.40316758   7.78321514 -20.43407985
   3.2294083   11.75343806   2.49038962  10.23764106   6.73848792
   2.2344467   -8.04413098  -0.16957061][ 23.06341908 -41.13623991   5.68228389  13.76375548 -22.58637052
   1.26691684  15.18403481  -5.9280234   -8.18459118  13.07070835
  -6.00006838  -7.78218586  -2.87870986][ 23.21229647 -47.20008019   4.65545448  20.19781266 -17.07777342
  -0.45194477  12.96602419  -2.843479    -9.60991065  10.24245315
  -6.36900192   0.79433664  -2.15471444][ 23.28906641 -40.06184888   4.77196154  18.59504839 -19.44451167
  -5.55999558  12.74415262  -1.7056744  -14.26804302   9.4402102
  -7.02219824  -2.23494312  -4.77316311][ 23.12748918 -46.47585683   7.06893805  22.99864486 -18.11404321
  -6.51075905  17.55891105   6.23588131 -19.62456522   9.82449451
   3.09961861  -1.3978612   -6.95536976][ 23.08320708 -39.16623415   2.12922006  18.97268444 -12.95688718
  -5.77618781   8.75123965   8.11817138 -16.72047983  10.21727545
   0.52853196  -2.88214962  -8.06003786][ 23.12462299 -49.46302088   2.33703314  22.43704908 -16.88829582
  -9.03251134  11.43519503   9.4083886  -20.61872123  11.89467614
   2.55207164   0.54587408 -11.09883662][ 23.10926415 -42.41079876   3.08539542  22.32294254 -14.10341983
  -8.00157335   8.8040162    8.44733824 -18.58730267  11.4690051
  -2.14788231   4.27444634  -7.46878736][ 23.35939631 -34.09903483   0.32811445  19.04497534 -12.44623841
  -8.9501374    9.76049262   5.99721205 -17.61005392  12.01135677
  -5.08872377   0.67475914  -5.46157353][ 23.64937336 -43.02839832   0.25870888  23.71878795 -11.70203332
  -9.95050168  11.33872307  11.7384236  -26.83088289  14.49760832
   1.62628709   1.22752013  -6.41186538][ 23.58564558 -38.79408065  -0.04897052  18.81368804 -11.50618506
 -12.33819822   7.037098    10.45589354 -25.60574097  10.22718728
  -2.54159907  -1.12952274  -6.45947308][ 23.48605432 -37.94287098  -0.25460728  21.45109505 -11.88999627
 -12.32107562   9.28845519   9.84816082 -21.89090818   9.78178662
   0.51936901  -4.75730238  -3.51975619][ 23.54998979 -50.17025713  -4.44373711  29.62341373 -10.42460584
 -14.81471164   7.05206698   7.7456351  -25.70257102  15.21748349
  -0.34800704  -5.08934435  -3.9802025 ][ 2.33261195e+01 -4.21163345e+01 -4.47786949e+00  2.45568200e+01
 -9.76610531e+00 -1.22748700e+01  5.76373623e+00  1.12422094e+01
 -1.90256521e+01  1.18677811e+01 -3.07212033e+00 -8.82684579e-03
 -6.40071115e+00][ 23.00147019 -43.46221375  -2.22201332  23.12797636 -11.1058091
 -14.4032585    2.98035928  15.29161791 -24.5126687    9.01641438
   1.38192658  -0.045514   -12.61619974][ 22.85527951 -37.51071039  -4.69470506  20.74381901  -9.0961693
 -14.78034318   4.27365971  13.3922748  -24.3757478    4.87774634
   1.55263175  -3.39040058  -8.99341658][ 22.57603286 -49.48349515  -9.1195628   26.64432784  -7.44561461
 -13.20490718   8.87844267   9.49651824 -28.18284605   7.50834367
   2.55759433  -2.86008732  -9.39994659][ 22.21586105 -35.83034641  -7.82123721  23.44869913  -7.92250296
 -14.59628776   9.59846943  12.03625414 -22.60866306  11.00200691
  -2.35295292   4.99980772 -10.02451921][ 21.42266257 -43.90181047  -6.78716614  28.11937164  -7.32010906
 -16.48692324   4.19667353  -2.28205975 -20.11286842  19.43564455
 -10.42327496   0.06290758  -4.98511397][ 20.14500311 -30.61969098   3.25693299  31.48919795   5.63953715
   2.35647838  13.84771055  10.92289526 -14.36392419  17.67596318
  -6.46512186  -9.71014413 -15.19512759][ 20.45542796  -6.52165974  -4.47483514  18.51567639  -1.65842458
 -17.55240901 -15.13640752 -11.52691416 -25.75502042  20.48968763
   8.9965825   -4.21454182 -19.25513333][ 20.7967686   -1.29139854 -11.50404862  19.65520716  -8.21379702
 -24.34917094 -23.53304576 -23.51878392 -32.31135498  14.51579254
   6.48187991 -10.4854898  -14.17522212][ 21.2109603    6.76540404 -18.13362049  25.83194589  -5.87087376
 -25.78578183  -9.11365782 -33.74520005 -19.55613565   6.36018556
   0.92513832  -7.79455033 -13.49037957][ 21.06241296  10.6161451  -18.27802867  28.46081876 -12.5958889
 -19.94130366 -10.93744951 -37.06227152 -10.48524443   7.88501744
   5.88023053  -5.52805935  -4.73399427][ 21.05834956  11.24329318 -19.60725119  31.23893126 -14.19789652
 -17.90155475 -13.68297516 -34.49248239  -3.06676446   8.38546393
   5.14437672  -0.88146684  -5.14254084][ 21.00016111  10.99430356 -18.96103194  30.70147048 -14.00785496
 -19.04109218 -13.2726134  -41.13923887  -0.0806566    4.27378418
   5.99688523  -2.80554187  -7.00858989][ 20.93029488   6.16862243 -13.45284744  20.22335266 -15.36521856
 -20.55069344 -17.49824093 -39.79527769  -3.92222926   7.42208263
  -5.13757187  -5.97064953 -10.81361193][ 20.7985836    6.995782   -14.11549131  18.48529836 -17.84346322
 -21.66265613 -16.52868875 -48.00086898  -3.63176509   7.962617
  -7.66820676  -8.25876398 -10.97954147][ 20.70865611   9.11531923 -13.80852396  21.29799154 -17.34837451
 -22.7139898  -10.3328192  -54.27898303   4.5173097    8.18918088
 -10.34453305  -2.38342373 -11.34548666][ 20.72293943  10.23409537 -13.6270609   19.65691471 -20.46542688
 -15.41645663  -6.49974643 -42.97980225   1.35050369   9.43095936
  -9.85644806   0.59159617  -8.63809724][ 20.55520642   8.89603812 -11.71312579  20.77336963 -21.4229975
 -17.45152796 -13.31990684 -47.35262667  -1.60208828   8.56456469
  -8.27326825  -4.75588334 -12.31559858][ 20.46410259  10.63011187 -13.85641716  24.26212257 -20.82651755
 -14.55252366 -13.55620908 -46.93516814   6.74872493   5.90169481
  -5.26734682   0.40074541 -11.65626926][ 20.38654039  10.21277607 -11.93306818  23.94211522 -23.7564033
 -12.3477344  -14.76473651 -48.73996409   3.17593253   6.11786088
  -6.33387611  -3.20199197 -13.18946686][ 20.36601276  10.81368416 -10.51897     21.84647465 -24.45952488
  -9.82651998  -6.59510372 -39.64524198   1.24970645   7.6850866
  -5.23084538   1.28975683 -11.58088911][ 20.17488934  11.8422057  -11.53164943  25.27946238 -29.43570294
 -11.92021678 -12.73549522 -45.58174954   2.04368821   0.68519578
  -5.84968059  -6.19488912 -13.9689067 ][ 20.17113631  11.65403322  -9.66642268  28.41116896 -27.7381281
  -6.29052977 -13.4296773  -41.2261785   14.59819108   4.08425949
  -7.64298364  -2.19990496  -2.51727189][ 20.10744198  12.32778834 -10.83103583  28.19896975 -33.33114609
  -1.89470369 -17.16649024 -48.66800977  17.70906049   2.50228168
  -7.75497486 -12.50906456  -5.96377768][ 19.9557539   11.71469698 -10.15486299  25.62490863 -25.65496618
   0.46389007 -15.00756339 -36.05915809  21.71725497   4.42853456
  -3.69211243  -1.39057621  -3.9659633 ][ 19.35981903   9.68783519 -12.10341576  25.37831933 -20.14192106
 -11.36848116  -8.52461628 -25.96175761   8.77552282  -3.89045073
  -0.83267205 -13.0382675   -9.78730586][ 18.94433489   5.66009841 -11.80688366  29.82251863 -15.96917646
  -6.91500221   3.31714729 -18.66305624  13.17179705  -8.10374451
  -0.05015868  -9.78682865 -11.51847053][ 17.98853576   6.03774484  -5.61766451  26.03875298 -14.48650177
   2.78506881  -2.66620789 -15.11695364  27.83262093  -6.44128099
  -9.25850114 -11.72859482  -8.64944704][ 17.30602883   3.70038725  -5.53396445  24.23394952  -7.38157665
  18.97562666  -5.37246408 -14.75101395  29.20833108 -13.98997663
 -14.98650656 -16.49528952  -8.24228249][ 16.1289522    2.94851661  -3.30966474  19.81611746   5.57896605
  24.46432613  -8.69897738 -15.43625382   6.18214918  -4.19195961
 -13.35114093  -5.44670241   8.78378143][ 15.83674666   0.08665165  -6.42309619  16.77148203   3.55020145
  26.66221518   0.14685974  -8.58401448  11.62764899   9.00412791
 -17.36101182  -2.67947864   7.6984989 ][ 15.62106183  -1.74735209  -6.31174678  18.15146399   4.32608223
  24.59857369  -0.91947627 -11.54057604  10.16640569   8.38908836
 -18.88945109  -2.89514618   9.89114409]