[ 12.17265988  -0.96832988   8.71122616   9.18833993   3.70108549
  -1.13256066  -4.38059072  -3.54215337 -11.64822287 -14.51871144
  -3.58250838 -14.92620812 -19.43259078][ 14.25158798  16.69983245  17.43711674   5.43211696  -6.01122959
  -7.66923563  -9.6038609  -14.76750648 -16.19682512 -12.65989409
  -3.68358548 -12.0783239   -8.95973169][ 14.68281846  18.94430969  20.34568224   3.76734253  -3.88205527
  -5.38379014  -9.15876203 -15.75254044 -12.40167384  -9.68135568
  -9.03102815 -11.44926011  -6.61170301][ 14.92526587  18.6336703   17.92245653   3.35447541  -4.32974064
  -8.73237849  -9.7805228  -16.45598806 -18.60173221 -13.69707928
 -12.83520191 -12.62654797  -9.87555789][ 14.5401879   13.76261457  28.48467978  21.43548119  10.22796634
  -2.79886319  -9.11513975 -11.57934828 -17.8355224   -9.38687703
  -9.84227801  -5.69495236  -7.8544756 ][ 14.62472633  13.81481451  27.66488277  18.55288437   4.39108996
  -2.9258773  -14.06962417 -14.04076562 -19.2016479  -12.90142901
  -9.8002576   -5.5880886  -11.91592355][ 14.74024102  15.11024245  27.21574594  15.9538417    3.58908603
  -2.41846133  -9.25467824 -10.84754945 -13.91083504 -17.72839506
  -8.21079266   0.60172539  -8.21497666][14.73716167 17.00492998 22.27298609 11.10791351  4.82611737 -1.96001055
 -3.4353469  -5.64201221 -8.56548192 -9.41411188 -8.504246   -5.26286018
 -2.84019277][ 14.51965346  13.98129394  30.3899744   18.91526425   6.43440675
   0.26985144 -10.60395284 -15.31858173  -6.061655    -4.37239024
  -4.14036445  -8.15413086 -10.83227969][ 14.3173668   12.77339285  28.9742758   22.22460009   9.32560559
   2.52523601 -10.31695505 -18.38496431 -10.83211633  -4.57560414
  -1.90127184  -4.25304679 -10.67845586][ 17.30496934  -8.75714888   1.13586517  27.10765475 -20.5153416
  -7.66283084  -4.9558155   -1.14476698   5.42914649   4.361298
 -10.78191973  -3.44759573 -22.94962822][ 18.20442176 -13.89866176   4.25416901  21.31605032 -12.84912621
  -2.25736726 -10.7243762   -7.33976528   0.67254854   1.0602625
  -3.94390339  -4.33308762  -2.35553068][ 18.61514323  -8.81265512   3.02132828  16.19460657 -13.53432107
   1.21412227 -11.94071908 -10.57497394  -1.29338612   1.53554577
  -2.18335149  -5.39815719  -4.74137214][ 18.97051951  -2.04130006   2.48506532  17.33793773 -14.46314745
  -7.65789191 -28.28116665 -28.64370755 -11.77441628   0.46524493
   1.61836432 -11.20050182 -12.42613875][ 19.25356615   5.11748884  -1.37574285  20.99752609 -18.10818603
  -1.76036361 -24.90723374 -27.32269351  -9.03734812   1.98607143
   4.07168016  -5.33706121  -7.59260654][ 19.20602749   8.59674845  -6.07213095  22.62008048 -21.12909164
  -5.14625639 -28.15809348 -30.21821453  -6.46260493  -5.55303593
   8.08993495 -14.16257346  -9.74352234][ 18.87736336  10.79685692  -4.65591559  21.18664176 -20.21169786
  -1.52703461 -22.59886765 -30.2473594    2.68538153  -6.91409647
  11.26263847  -7.80715892  -7.58128584][ 18.20576813  10.59514925  -1.58373007  13.91159681  -9.72540549
 -10.62356449 -20.79775228 -16.52369305  -8.32319949 -10.16817654
  10.14672697  -0.31904382  -8.58033245][ 17.68581243   8.39601737   3.59887972  11.78786769 -14.51693627
 -11.81110019 -18.37422813 -15.47332825 -12.72634727 -10.27588168
   6.31962095  -4.80020785 -15.75735512][ 17.21808572   7.10689581   5.20230519  12.66258488  -7.93903026
  -4.76677026 -12.70474968 -20.74473675 -20.3727994   -1.64096404
  17.95313472   4.20909003 -14.21546025][ 16.8965002    7.8061975    4.32131699  10.83411286  -7.0699494
  -2.16983498 -11.40481568 -20.51623675 -19.69112988   1.64670651
  15.84971635   2.54886176 -15.20274079][ 16.51493565   9.79283584   8.99132557   8.64555203  -8.77096247
  -3.49021265 -14.65478448 -15.66327559 -18.63631321   5.08981519
   4.02249557   1.9922392   -9.78451097][ 16.31429084   8.72956389   6.81666547   8.47299058  -4.50962313
  -4.72574935 -13.7117621  -13.04794955 -11.4886283   -3.66419416
   7.57037681   7.7868953  -11.41892019][ 16.09089312   6.51337867   5.80934837  10.27200584  -0.62618654
   0.9119458   -9.64099495 -15.29791327  -7.58226446  -1.39708129
   8.61176873   2.43741824  -8.68762354][ 15.88186179   4.44525499   7.13002316   9.22374314  -0.92523597
   6.98299475  -7.5417711  -13.76913956 -12.93015272  -2.8231419
   5.94023986  -0.70770156  -7.12529172][ 16.17670104   7.04097544   9.36673572   4.67478524 -10.74554553
   4.74139823  -6.32876254 -10.21032983 -19.04502813  -4.60656171
   3.93860768  -2.28200407 -12.34958662][ 16.53006936   7.98378275   6.87081881   2.08542451 -13.72668433
   4.69072066  -7.55009025  -9.55036638 -22.29754895   1.3975248
   4.24267182   4.24242502 -12.53920231][ 16.98061008  10.61708328   4.97057362   0.51901262 -18.01560055
   5.32716447  -6.51812199  -4.44379407 -20.38631907  -1.4151299
   7.41414583  10.0238191  -13.08707263][ 17.36989241  14.52413951  -0.82698126  -1.76238066 -19.23652696
   1.2974883   -8.66246138  -6.22340705 -17.85503223  -4.63503239
  11.03263798   6.77555231 -16.698788  ][ 17.9650521   18.93506908  -6.57631414  -1.03092249 -22.83378055
  -8.23432482  -6.62686566  -1.51027842 -17.80337609  -7.39340211
  14.16664575   7.48761035 -17.97269342][ 18.85368287  19.21939758  -5.3250161   -1.76142264 -18.94913981
  -3.74702628  -1.99331497  -1.4645096   -2.18025398  -4.49547967
  19.70135791   8.95156069 -13.91497595][ 20.42599658  14.65509098 -17.29962247  -1.61051435 -40.91099378
  -2.14945803   2.41028074 -13.06781229  -4.63441983 -10.22354529
  12.9225613    3.28424709 -16.01652788][ 21.00046924  15.26032121 -21.25827245  -1.43191203 -49.68480192
   0.60338809   1.59436666 -10.49647713  -8.46828498  -9.6446773
  16.293854     5.91446545 -23.60163248][ 21.14993147  15.3494058  -18.72851007  -3.52383767 -47.59641082
   2.40307695   4.05017761  -6.19420517  -7.65586145  -6.19823467
  17.73506713   8.19375219 -23.34785727][ 21.07972328  19.30673663 -19.2265624   -5.69163028 -49.66734716
   5.48974021   4.22188623  -2.47452237 -10.14294292  -2.73142283
  17.87980317   1.88844853 -23.67378713][ 21.13291627  19.3230909  -13.7525274   -9.34242848 -45.81618434
   9.49158094  12.18086945   4.15824751  -8.71559254   1.11120759
  23.81119704   0.62794214 -24.29771669][ 21.21019493  17.88533246 -13.53862419 -13.78488189 -43.19916423
   4.73221957   9.88663441  -1.14626321 -11.87556668   0.70903707
  20.26396522  -2.55510392 -24.93722933][ 21.17456479  18.38492942 -14.62075113 -12.68208359 -40.06288494
   6.84061236   8.15337959   3.33332284  -7.51650716   0.15031375
  16.9514875   -4.92259781 -28.61301141][ 21.0297315   20.30564238 -20.20830021 -13.6611468  -47.35365901
   4.16219698  -3.06723625   3.8368267  -15.63992274  -8.15087488
   5.87736196 -10.25136627 -36.24209898][ 20.98917349  21.61643369 -16.25854801 -12.4916481  -48.98142298
   5.64635069  10.29759755   4.90383652 -12.61917801  -8.46163736
  20.20694121  -5.34187187 -36.04923543][ 20.91346833  22.08370454 -11.81528472  -9.56273973 -44.01710285
  12.32093477  12.92315735  13.41401307  -4.98873284  -6.67177263
  22.4111405    1.72247097 -29.02348228][ 20.85685538  20.65288678 -10.19904127 -17.05468052 -42.06068979
   7.76903014   3.79216663   7.38684347  -4.8213091  -10.88687882
  19.75489171  -0.85705729 -28.56382383][ 20.90079366  17.17868803 -11.48429064 -18.44725298 -44.25276653
   7.61749996   0.89716772   5.25502365  -5.75093507 -13.82330633
  17.12726278  -8.49477988 -35.38077758][ 20.79419947  19.47123598 -10.0542762  -11.56750885 -48.10505066
  15.4125222    2.95292201  10.96077403  -2.04437327  -5.13306679
  21.37625433  -4.0967045  -31.00656896][ 20.78689088  19.86024037 -10.91431447 -12.10897356 -58.67748168
  15.78474564   2.86567944   8.06876834 -11.44088093 -11.4787065
  24.0362158   -6.25409347 -37.10863527][ 20.6813457   19.74919954  -5.92128665 -15.40266954 -39.90725821
  12.31940302  10.45219593   5.21105614   6.74466796  -6.52059149
  17.54583455  -0.93354923 -22.78472235][ 20.68174174  20.96806969  -6.56907101 -19.297332   -50.34391486
   9.28004533   4.47060552   6.93287459  -5.1875726  -18.93861583
  20.58745676  -0.56868391 -28.56954468][ 20.61117932  18.50652858 -10.45698947 -16.678116   -44.07361228
   7.85849751  -0.07237026   6.88904926   1.69266828 -15.87787102
  13.35631696  -2.20334884 -32.39437952][ 20.70206837  21.24717267 -10.99538756 -13.6331052  -46.59872187
  13.23603387   0.82661797  15.03808667   2.24928893 -17.51654367
  18.11598327   5.13510271 -30.96208416][ 20.82532347  20.8085556  -14.85836526 -13.37251547 -52.66574054
  11.54370449   2.15628581  12.626807    -7.21784207 -19.79083657
  13.58257425   5.79114287 -33.6386581 ][ 20.75750239  21.29918139 -10.38295279 -11.96801454 -41.15705881
  13.22385126  11.61769928  12.1673321   -1.41066923  -9.789366
  12.55315539  11.0976571  -28.34821833][ 20.72735105  13.59172064 -18.15360883  -6.01130379 -43.16458068
   7.0232673    8.85565016   0.61111555  -1.68307112  -8.82367931
   6.28211852   2.49777588 -18.50077862][ 20.90322434  12.1637459  -20.58975493  -1.94143341 -48.71422745
  10.06469309  12.91025009   0.51554035  -4.31782762 -11.82921034
   5.13149643  -2.32150838 -24.17427089][ 21.02591727  13.50655648 -25.00241149   4.01618342 -57.41970975
  17.93257925   9.67369111   5.79015546 -11.7945065   -6.0289614
   5.18764582   1.16405155 -22.65314944][ 20.92890676  13.38670761 -24.54387241   1.94396552 -56.26152398
  16.32432191  10.11481898   0.89753817 -12.43528934  -5.40215653
   5.3803992   -1.68721696 -20.14114455][ 20.94141558  13.40556681 -24.4431218   -2.94540882 -48.372526
  20.27126692   8.98606052  -1.53261932  -6.97546242  -1.03183832
   2.97842503  -1.1152579  -13.80076832][ 20.64271145  11.98100827 -21.77745047 -11.18732651 -31.51797126
  15.23582004  11.74570826  -8.01309235  -3.86534706   0.45857425
   3.38456996  -1.59513725  -9.03878344][ 19.95355856  15.43067371 -22.45478654 -10.20321231 -30.22753203
  16.88843592   9.64536724  -9.60734017  -9.7398506    2.16187398
  -4.34316408  -3.42885652  -7.74981402][ 18.32821399  15.21583658 -19.48034972  -1.90614937 -17.52457667
  17.42012788   2.01127281   2.63440759  -4.03218675  10.80281968
  -9.33992677   1.22892874   4.37672766][ 17.64312175  12.76054056 -20.52303453   1.68319888 -14.93289912
  20.42126738   0.90137626   4.32299106  -3.14921779  13.36011379
 -12.46623634  -1.42349237   4.63514885][ 17.1641451   11.38171482 -19.24940173   0.18849809 -12.50893553
  20.60836779  -2.52094281   3.59649775   2.52464794  14.07269771
 -14.10184327  -5.33792991   2.79388147][ 16.56420643  10.5326177  -17.80362318   1.4105875   -8.00777766
  24.97627332   1.52412014   5.12998838  11.35337362  10.12365031
 -16.82728161  -6.10742988   6.56746238][ 15.88049821   7.76697116 -16.59701301   0.78977769  -5.80322735
  23.38611087  -1.46682643  -2.07484963  -2.4761786   -1.65647418
 -23.67530511  -9.72537499   5.69423378][ 15.27591618   5.38326967 -13.01480937  -0.12534982  -8.31645753
  23.87022447   8.18701087   4.11801687   0.73980378  -3.91821152
 -14.93516381  -5.59374416   4.61134915][ 14.67100344   2.99415151 -16.17432517   0.39373427 -10.32256693
  22.98287445   4.20475959   4.45620831   3.59903774  -0.69818713
 -13.34019207  -6.84658909   5.26438279]