[ 13.35619923 -25.6579611   19.58156331   1.48490883 -13.54539146
  18.62523404 -18.14288304   8.94337003  -5.61333241  10.80814642
  -8.75059066  20.01236071  -9.20713709][ 15.53321524  -3.99707824   5.98155884  11.79650473 -17.26699116
  17.37975751 -10.05609727  10.73771313  15.32490578 -14.49430814
 -12.94926564  11.99749638 -23.29397126][ 18.28279048  10.27390559  -6.99755975 -11.92924344 -44.77836965
   6.77193408  -2.35237934  -3.8463153    8.0677466  -16.95978526
   4.51515811  12.77365873 -23.66718982][ 20.12185052   9.1028964  -10.84741767   2.54536224 -40.11369144
  -2.6301219   10.81823297  -0.79509105  -4.41621493 -15.65811523
  14.58495562   5.49441913 -11.42328042][ 20.81289008   7.95261976 -23.58764857  -4.94171213 -49.89063552
  -9.58548266   1.55273567   1.1673188   -1.41378659 -24.53198819
  16.05123238  11.41707081 -17.2493316 ][ 20.88233917   8.11262734 -22.01789049  -9.6036338  -44.81285399
 -14.21408138   1.87607739   1.11042001  -1.88115186 -25.31384446
  15.20290487   6.1501458  -18.00960197][ 20.9357179   11.89906718 -17.69255666 -11.20638293 -46.10096318
 -19.16896569   6.30274185   4.52043229  -1.12742196 -30.10334831
  17.25798192   5.3878451  -12.99989338][ 20.75497318  13.03199482 -15.85453374  -7.15247896 -44.96403663
 -17.72240866   8.82014823  10.34417666   1.05228425 -24.81542342
  14.77030009   4.61573146 -13.78455993][ 20.62305657  12.22214612 -17.42872211  -3.19106251 -44.56472437
 -16.7973066    7.1882629   13.85381632   5.24081171 -19.59460843
  13.28437163   5.76844096 -13.30453005][ 20.6021534    9.2281803  -18.65299929  -5.41431996 -43.03480417
 -19.2753126   -0.33402976   2.1714878   -2.46418118 -20.59893053
   0.13368974  -3.17129189 -20.11774467][ 20.3002923   12.19666588 -15.17167179   3.24687497 -51.37287241
 -10.30202345   6.85336808   0.80545684   8.14392062 -19.56633204
   7.71073153   0.92346575  -8.01906484][ 20.15204271  13.32453639 -10.94493404   4.3184068  -61.59536095
  -4.61918272   5.79005383   2.44168203   2.26668346 -23.52967136
   4.89118203   8.15354285 -10.87091481][ 20.22859971   9.5906588   -8.60725346  -2.68225561 -57.56320351
  -5.1871563   11.64633648  -0.40724916  -3.43156001 -22.54601673
   8.8892667   15.63606564 -10.82544452][ 20.22743586  13.29220905  -8.59136243  -3.54755576 -46.71739742
  -3.03951776  17.30594094   2.44335386   1.61847134 -15.45660477
   9.03726943  24.19105375  -5.71720563][ 20.15685464  14.30605958 -16.75137037  -5.9427465  -40.0923867
  -4.09591326   2.24661271 -10.52645154  -0.66166327 -17.50956663
   5.16647145  21.20867851  -9.39216761][ 20.0489609   12.73251334 -17.17486275 -11.16988473 -39.39119367
  -5.04761806  -7.83557321 -15.68439425  -6.32247148 -21.41464777
   5.47479243  15.03477838 -11.88414613][ 19.96151266  17.42437093 -22.34694561   0.07384638 -35.78959358
   5.79393018  -5.45005234 -22.21298764   4.68025265  -4.75097856
   9.30901646  15.99128368   6.46836202][ 20.21566989  13.4945913  -30.25521231  15.86870432 -47.49930223
  12.867917    -9.55610568 -33.67392806   3.37564091   0.70878589
   2.85361147   2.53855093  14.1677389 ][ 19.99182201   9.20052931 -24.88495999  21.69756757 -34.68534288
  13.07164931  -2.9081852  -30.16614685   6.59385      8.1246892
   6.34352884   5.03688381  12.58961327][ 18.70506935  -9.92155415  -9.83615135  17.58287878 -15.67004338
   7.30236787  14.15180168 -18.63038923  -2.86143403  15.16169448
  -0.41681902   0.22979023  -4.24608889][ 17.69406785 -15.73989033  -4.35350258  16.66148766  -1.16646622
  -1.66607164   8.85473181  -8.23053729  -4.50324618  23.11871867
  13.07015032  -7.82068096  -6.72459095][ 18.65461041 -28.19193508  -7.32708845  15.95385651  -0.55547436
  -4.05682058   9.10674298   5.6174494   -4.07921305  25.58273812
  23.37204414  -3.13732047   0.67672594][ 19.2344164  -35.84152999  -8.75067075  16.83095621  -2.00914538
  -9.510173    10.70806623   7.0887261    0.20069582  24.81407541
  20.2106869   -0.11902121   4.00506471][ 19.47310814 -33.05196749  -7.58427975  16.20208065  -1.7564199
 -12.92263106   7.82680154   2.60596008  -5.73355259   9.62660637
  11.19259777  -7.55508196  -0.84597798][ 19.7706067  -39.57173018  -8.54913572  20.32742281  -0.47181395
 -16.79230125   6.66260054   7.33808375  -3.31452498  10.09821692
  12.84917458  -5.45882387  -0.74020905][ 19.93927033 -38.59491522  -7.21856606  20.46801688  -7.61491935
 -20.4240685    8.18074699   8.67295514 -14.84816912   1.15850215
   4.7589513   -0.52488553  -2.83779834][ 19.98757077 -38.0968982   -7.82695511  21.01844489  -7.3332022
 -17.37143189   6.40223858   6.51203589 -11.4446461    8.1231759
  -0.63186349   3.6140979    0.43766207][ 20.12534093 -44.10327022 -10.15076822  21.0816799   -9.36408382
 -21.59762704   3.51287055   7.89601693  -1.07102464   7.32023529
  -0.42814069   0.36830036   1.23782415][ 20.41994261 -40.83316294  -8.7077361   22.11007166  -3.29084858
 -22.25363519   4.78419282   7.453888    -7.85751006  -2.55430389
  -3.13317936  -4.83052919  -2.45990339][ 20.31573646 -40.93162329  -5.33128307  24.18243908  -0.86181064
 -25.45224419   5.9612188   11.06496539  -9.74899978  -2.19629767
   0.62787514   4.15097132   1.61734311][ 20.27686734 -37.27053565  -8.33772088  18.73997209  -3.52739347
 -21.53415377   7.59022724   7.90292535 -10.22016405  -0.9673697
  -3.1646391   -2.87598765  -4.81676105][ 20.09067778 -49.62191636 -12.62773751  24.82950138  -3.8658895
 -25.39766271  -0.74796345   5.16554103 -11.94199062   3.191008
  -2.70885466   2.63036592   5.90769951][ 1.99820151e+01 -4.41009453e+01 -1.28242589e+01  2.49321975e+01
 -2.00426021e-02 -1.80364224e+01 -9.62409127e-01  4.44396604e+00
 -1.12896073e+01 -8.82050039e-01 -3.74147143e+00 -4.87133829e+00
  4.06836429e+00][ 19.56475243 -40.1615748  -16.05472572  19.05562633  -1.74611141
 -15.99055515  -2.39864818  11.768933    -5.75745644   4.61739556
  -1.90500267  -3.28472377  -3.16731262][ 19.06706838 -39.35218574 -16.36111657  20.7883369    2.41325917
 -18.66487995  -6.81879343   9.10344041  -8.97683173   6.96053874
  -1.72758105   0.11312685  -1.96069125][ 18.26317782 -28.24007903  -9.96586164  23.98229431   4.28583479
 -13.55542077  -0.30601354  10.67302904 -11.48447616   1.57788129
  -9.29916995  -2.45632741  -5.32881213][ 17.83000666  -6.05101987  -4.91828891  28.02226936  -5.80336504
 -34.33869134 -27.55259767  -1.95675059 -11.32138819  -2.7412672
 -13.5333212   -0.33234134  -3.62935792][ 17.61457026   2.51725172  -6.53414169  17.28398812  -3.87243743
 -26.47472039 -22.29392132  -6.54136539  -6.99930533 -13.7361085
  -6.57572787   0.28269118  -4.01308252][ 18.05436643   7.9865961  -11.60097989  33.32017547 -10.09472488
 -32.78612996 -28.31828026 -13.28041899   4.87304366 -13.5867163
  -4.9895279   -0.17568292   0.37103   ][ 18.42699939   6.71476121 -11.78645827  42.45713736  -7.98102287
 -30.85522318 -35.07831208 -13.87495939  10.38236168  -5.97567024
  -2.22678016   0.2017052    3.54173986][ 18.78602739   6.63736348 -13.45478564  41.44066088 -16.36629166
 -35.14833663 -31.39191952 -14.24222402   8.05231858  -6.84197645
  -1.19381432  -0.75915613   7.41040829][ 19.24954733   5.92298574 -12.81654474  34.41235484 -17.20548366
 -28.02595276 -16.01965196 -14.90411175  13.59233674   2.71531898
   0.99190261   8.2070007    8.76326777][ 19.64994883   7.58819293 -20.8955142   24.82291521 -23.6353213
 -26.20753303 -19.74054526 -24.52433     11.50394199   2.90505113
  -5.37332562  -3.73844211  -5.54095028][ 19.74518932   9.8467361  -24.69904607  21.80276851 -19.81642495
 -24.23347824 -21.63018708 -24.97426837  14.48005887   2.56090087
   2.43902563  -0.27883175  -0.59999517][ 19.60767936  11.41475454 -24.13882755  22.54509339 -19.54339039
 -20.10860218 -25.03088564 -20.57558657  13.70339551   5.33855521
   6.89193148  -2.98727891   0.67986063][ 19.58186618  11.97149451 -24.9540703   21.99116897 -22.27563892
 -15.75458666 -28.33060229 -17.45635778  13.15771233   4.56614776
   9.6176158   -5.96542315   1.96733505][ 19.43677612  13.23450631 -25.373363    23.01265748 -27.25748617
 -11.51628425 -30.33742056 -20.2159887   12.93255025   4.90927783
  11.42073639  -9.38826444   0.53691719][ 19.61838793  11.69203181 -23.32423472  20.61136772 -15.73912222
 -18.48933456 -20.11003666 -20.22874196  18.79648558  10.39318292
   9.99911962  -6.4413871    0.98578366][ 19.63439542  13.80278973 -30.591252    14.32650918 -19.31408359
 -12.87024129 -23.42467342 -19.40621984   7.43504093   0.04816464
   6.73590212 -13.77565598  -5.9718081 ][ 19.37760592  13.97383535 -26.46574375  16.60751042 -19.23728563
  -9.03409517 -26.76418045 -15.82544505  13.74987164   1.86150502
   9.65043307 -20.02956991  -2.75301063][ 19.15172771  11.9549632  -22.37049416  14.31534551 -23.01973707
  -5.04362763 -22.88088612 -20.68194687  18.28048348   3.02731251
   4.99396597 -23.07891912  -4.51111251][ 19.06401688  12.23113218 -21.10928904  20.51513327 -27.80503906
  -2.22373203 -17.01415721 -23.49460166  21.28939055   6.68612894
   6.62261937 -23.53125158  -3.34913225][ 18.98810208  12.80897731 -21.73770571  19.74729627 -28.62841778
  -5.18557698 -13.33270754 -27.02694755  21.58311414   5.31975174
   6.46033454 -26.00880693  -2.79370604][ 18.75500342  14.93380475 -19.87188174  18.51908267 -28.72584007
   0.19371126 -10.47936289 -23.49094604  17.70864467   8.56505396
   9.93030447 -23.27681208  -2.30723509][ 18.68900669  13.25317314 -16.06424729   4.48022619  -8.86317468
  -5.66114786 -14.35192223 -20.48473572   9.12246842  11.43024348
   3.83710897 -17.54102338 -10.56812125][ 18.66929733  20.16798226 -25.07592766   5.57628925 -12.9124723
  -3.13477877 -15.63147892 -31.61458587   7.48068057   2.56583227
   3.34132997 -16.86507566 -10.2816403 ][ 18.26083021  19.03965094 -21.98065466   7.53350751 -15.40719574
   3.40664902 -18.00072873 -30.06973677   0.7383083    3.30845946
  -2.42146024 -11.33543386  -6.11482348][ 17.9443469   17.02918238 -19.18754279  15.43673139 -15.28255942
   9.44947164 -20.35233067 -25.18773564  -3.98822002  -1.78431184
   1.23081999  -2.26845389  -2.99602151][ 17.63594244  12.95122957 -15.12340479  24.96308684 -14.62554639
  12.44029496 -25.67127618 -25.41135284 -12.49402795 -12.92636618
   3.61501393   2.4253743   -2.76825491][ 17.65150304  12.68380272 -14.75253868  25.82364764 -15.803014
   9.46837517 -26.8055982  -27.39667744  -9.31895831 -13.68591434
   6.95016765   2.05488805  -2.36018264][ 17.39298693  13.01074427 -11.25070851  27.39948551 -19.45206866
   9.56491662 -15.27231981 -25.02975321 -15.61754778  -7.09315302
   7.86857565   0.50697748  -0.77476223][ 17.28196217  12.19564159 -10.92328702  20.60570575 -15.74632083
   6.19563476 -16.10549518 -24.30024361  -9.33606472 -12.47580506
  -1.57899096   0.26683149  -6.69733159][ 17.33987593  13.90663656 -14.99297156  27.06292408 -16.48021085
   8.81893812 -24.45896501 -33.0072917  -11.92830462 -13.00918188
   2.37401348  -0.5697079   -6.52382421][ 17.21245447  14.64010608 -13.20654885  25.64523914 -17.34179046
  12.5567983  -24.78822918 -32.79244467 -16.2551385  -10.71328945
   0.53719214   2.15987774  -3.4441181 ][ 17.14105694  15.63258252 -10.70158615  25.80194407 -16.45941156
  15.61830667 -20.7173026  -33.35430168 -14.10891021  -8.47860378
   1.05129231   4.62283883   4.05602805][ 17.04901288  16.89836862 -10.66483597  22.810591   -15.74513493
  16.03415324 -20.32708658 -36.04203938 -14.18647177 -10.79611552
  -1.76424882   3.91541811   6.69402262][ 16.98788061  16.65297008  -8.40576113  16.9623031  -13.91645492
  14.23848324 -17.72710654 -34.47940165  -8.8523692  -12.48639856
  -4.04149282   8.02891459   5.80185155][ 16.91205273  15.57515585  -6.33517866  16.0893791  -13.14412294
  13.43920032 -15.25755241 -28.45926816  -5.19302586 -13.82759005
  -0.65669071   1.04650455   7.73724261][ 17.53854393  17.31279395 -17.52855804   8.49658576 -17.24237321
   5.56795581  -9.6496107  -21.93987907  -3.43504122 -15.84562451
  -2.77130848  -8.10804378   4.83930555][ 17.93358711  13.82074901 -15.42063543   4.77270938 -21.25195634
   2.64816494   2.66442835 -31.0012032   -5.95499208  -3.18570693
  -8.77361086  -3.006915     2.7790419 ][ 17.84677428  15.60051329 -17.34389158   6.02516329 -16.31093622
   0.93861856  12.79793509 -33.93112959   1.36479762  -0.77972135
  -3.76436302  -6.64405494   8.18233326][ 17.53410255  14.48466653 -15.3143047    6.45488973 -14.82381519
   3.54956981  13.58813112 -30.91685334   1.80449218   5.25990748
  -5.24723063  -7.76923301   9.56740978][ 16.77718172  11.55747178 -11.2766094    5.44181882  -9.05952297
  10.99423387  -0.52929237 -20.81640107   1.07145579  11.69425114
 -14.16655781  -6.26726706   9.16364686][ 16.13993279   8.52434554 -10.67659635   8.11446539  -0.19496099
  12.03553323   1.91891145 -15.8864062    8.09980876  21.68490278
 -15.0491573   -2.20494228  14.48719093][ 15.65765848   5.83444576 -10.47903455   7.12014273   8.31223295
  18.70443937   2.59562492  -7.97906598  14.12850956  20.932962
 -15.58919012  -5.45522163   8.75603077][ 14.82983811   7.24057702  -7.4514292    6.17029851   9.86333236
  18.06301137   6.82900217 -21.81364076  16.14658634   7.64925376
 -12.32333344  -9.48994761   0.30511194][ 13.93531649   8.55399315 -11.03299411   9.3941756    9.8993789
  16.98446343   5.19256679 -15.04924638  14.32171004   4.54499322
 -14.03494496 -11.1337304   19.9924458 ][ 13.59343707   6.99196437 -13.06636114   0.72197287   6.12321858
  21.25877302   2.10951069 -14.75185591  16.46341761   7.34138864
 -14.70100124 -10.37535163  19.09569163]