[ 13.26675359  -2.05920454  10.43916172  17.5861431   -5.97557213
   4.32836029  -8.45543413  -5.62537927  -1.06678655 -18.2971965
  10.38305464 -14.78922386 -20.2980049 ][ 15.30627789   6.67027694  11.23744193  35.72589584 -11.30687308
 -13.89358411  -0.95005424 -15.05712969 -16.92941393 -18.58382557
   4.43433991 -15.49336796 -14.66109117][ 17.54664433  -0.54108727   1.10558222  50.18901324 -24.29924677
 -17.77868775   0.13245086 -21.1254956  -10.66017263 -27.68335947
  -6.90798496  -4.54979733 -17.12321367][ 17.79949078   0.14092408   3.61930366  66.99856143 -27.4463327
 -27.11938575  -4.70412211 -33.21028246 -10.38138798 -40.98411465
   3.19356257  -3.61854365 -14.04411644][ 17.77438666  -0.91554153   7.14601832  65.12014911 -28.44078188
 -19.40136082  -0.43807277 -39.64572062  -6.24014787 -32.40346129
   1.00966204  -0.86503058 -13.35292797][ 17.96896126  -0.27271726   8.41756514  60.29400696 -25.47430877
 -20.7284372    6.60636586 -26.95489676  -4.90746394 -28.9114176
  -0.27255837   5.55070348 -13.88932803][ 18.264354     1.03910248   4.98493247  55.6064198  -28.1939532
 -20.9897413    1.41627622 -27.78402386  -7.40688716 -23.53482896
  -2.17671903   4.85689306 -14.47999522][ 17.95851473   2.10879112   7.41202262  57.87917541 -26.50568525
 -24.35583786  -5.93117436 -24.91980236 -17.9765854  -26.53101644
  -3.7419199    8.75325179 -18.01604116][ 18.19919659   1.90217219  13.16233532  60.7501375  -24.86930015
 -27.41657403  -1.32518578 -21.591846    -8.83080144 -29.08975336
   6.78700102  13.33587897 -10.37533823][ 18.93811946   0.09245692   5.78995873  62.48970702 -25.59685562
 -30.99949853  -0.36352367 -23.66229815 -15.63033573 -30.34599223
   3.0532718    8.64373599 -10.31316881][ 19.07168224   1.01087948   7.82228769  58.17915753 -25.82524147
 -31.85839887   5.7279356  -13.18172429 -15.05199927 -22.52304346
   1.31616224  14.20487919  -8.23310509][ 20.2800394   -1.47419829  -7.0370506   56.10805097 -19.26965977
 -27.46387684   0.12292872 -23.19688069 -17.43534093 -18.37611972
  -0.89629254   9.63890554 -11.20693011][ 20.98486017  -5.32106112  -6.20660335  60.22057267 -25.33850601
 -37.69436438  -4.68972812 -24.87232837 -21.2667421  -23.77419411
  -2.61431002  10.03109302 -17.81697578][ 21.19951576  -3.19197422  -5.94129814  60.80769344 -20.73917803
 -31.44134151  -2.16561019 -20.86437989 -19.36461875 -18.72422918
   3.38617217  20.11744566  -8.71655847][ 21.16969154  -3.80830776  -2.10567779  59.40898097 -30.27769783
 -44.48617349  -4.7659071  -20.22542835 -24.07022482 -25.74626018
  -0.06855271  19.36228131 -11.45290975][ 20.92994933   1.22089958  -3.83017983  49.82238052 -21.93566989
 -30.74090188  -1.24288145 -24.70303605 -17.69943651 -14.65399824
   5.66420155  19.64266328  -6.44319527][ 21.0594409    0.49751382  -5.10979648  39.18835993 -29.19463504
 -30.70236    -10.70520667 -29.05104037  -2.72002153 -14.45091913
  -2.48217263  10.13981974  -8.05780747][ 21.17286891   0.49611926 -10.41366776  37.91502344 -28.82637288
 -30.41616559 -15.98350491 -27.69703785  10.46461952 -18.03476065
  -0.17701162  10.37687148  -5.19560084][ 21.17537899   0.76557654 -14.17345136  35.51255081 -26.90148541
 -28.38791721 -18.75756153 -28.45278249  19.17113919 -17.06969259
   2.24168543   7.58245683  -3.54694605][ 21.1599308    1.8304517  -17.32719794  33.89112355 -27.97874287
 -28.48677615 -19.47640393 -28.9541139   22.82189988 -17.67030465
   5.89211649   6.91733651  -1.58335088][ 21.32605656   0.11404174 -16.22885898  18.23677043 -22.69250064
 -12.4399989  -17.81360245 -16.73426095  14.24804662  -5.05272398
   8.49204197   4.26216882   4.32284226][ 21.57315945   2.20753005 -17.83248533  25.90085617 -25.82593643
 -20.36615337 -23.29288065 -22.70573276  28.21651999  -6.49828167
   9.67921258  -4.99627267   1.50214207][ 21.69302618   1.37837168 -21.80988455  22.09575869 -31.93949105
 -25.7883171  -23.70882948 -32.42057946  25.90273821 -11.55692638
   6.84298544  -9.433793    -4.27810209][ 21.80342304   0.82876083 -20.45680461  21.73004373 -30.24814503
 -21.397005   -21.01857826 -24.23861219  26.51663623  -0.38828236
   9.36758495  -5.3768084    1.26823564][ 21.79411605   2.34140381 -24.00212954  22.92444681 -31.9837911
 -21.45670285 -21.4100915  -30.37723707  28.02905042  -4.46168105
  12.98024664 -10.73265109  -1.62725072][ 21.74614939  -1.32676772 -17.91311419   8.73131373 -30.13439122
 -12.86080582 -21.1515879  -22.51424472   8.93382467  -1.27107771
   4.9018641  -10.11219495  -6.50505952][ 21.673412     3.22084135 -19.46670212  22.50797651 -32.51220226
  -9.51472638 -23.02185419 -25.58546378  22.82635077  -0.68462518
  15.67208792 -15.47424862   2.19791726][ 21.50129536   1.99805048 -19.8557481   19.69416951 -35.70173651
 -10.11007237 -30.86132719 -30.613257    14.27583129  -4.1739825
  10.48003265 -22.24179209  -1.97010077][ 21.07126199   3.64525545 -17.39434123  23.08127985 -33.69219082
  -4.47309857 -31.21998768 -32.29514422  14.87587251  -0.25715031
  16.37064912 -19.35014371   4.66998593][ 20.13906113   6.34065403 -13.14842192  21.19516217 -34.33531857
   2.41064567 -37.35089643 -36.08951616  12.20738803   3.74851396
  10.60838469 -18.9154473    4.29878211][ 18.41631646   3.37233118   3.7246235    4.82079571 -25.80113518
   7.27676601 -21.97663662 -25.50277112  -1.65207388   6.73150835
  17.62384773 -20.03423695  -3.17909687][ 15.58085178   6.34638571   6.18186148  22.3577646  -13.47667097
  10.38962589 -23.25996538 -16.00532292   1.39725353  -1.39517993
   1.86672089 -13.20915474  -3.60632426][ 15.18985844  10.55516701   8.0402355   30.39257375 -12.2400709
  -3.30044565 -22.03613092 -16.10704461   5.07131828  -9.18068974
   8.18190241 -14.78516263   4.78598106][ 15.07193338  11.94232172   8.79376176  29.01238752 -11.19120152
  -7.81783271 -16.54583552 -15.36798911   7.60218144  -6.04203777
   3.87148203 -17.30945103  -2.74830349][ 15.05690706  14.65049699  10.93423883  26.10297918  -7.46175393
  -4.98829498 -14.91228963 -20.47362843  10.35014141  -5.60148604
   1.22022651 -10.83675943  -3.67351081][ 15.08292897  14.98785274  10.95261252  24.33436793  -5.76428807
  -1.9647872  -16.25950164 -26.97565287   2.81811886  -6.86875295
   0.77593385  -7.77305395  -4.72039283][ 15.0155942   15.60418417  14.35866727  20.7264994   -1.59055618
  -0.50128007 -11.98106023 -18.90446524   8.74200461  -7.92075525
  -1.261385    -6.77606141   0.45641799][ 14.81977629  15.08859247  14.66106173  20.33929474   2.38294598
   0.05017648 -15.89137431 -20.84040785   5.47191027  -4.98054642
  -3.42174855  -7.62595379   0.66704276][ 17.31587123  -8.5427465    4.31451438  21.88709956 -13.39508373
  16.78392026 -22.43782997   1.67361194 -20.39124761  -7.51398501
  -0.77655072  -0.86108618  -2.29852978][ 18.13196092   0.20247672   8.17362532  18.47192035 -19.2294889
   0.06272427 -30.94794107  -7.2762934  -18.56480694   1.30608255
   8.12306816  -2.8669203    5.61786565][ 18.94117437   4.2141559    6.09238902  21.65191786 -25.84379528
  -9.08765402 -31.26694433  -4.18678188 -19.50714707   3.94308438
   9.48978616  -4.85308313   2.24988364][ 19.64894207   7.64262306  -4.23063019  31.51275872 -30.15725586
 -14.78997992 -27.26439559 -18.12338377  -6.9618738   -4.43577932
  20.98566085 -15.73337382  -2.77230512][ 20.56186923   5.64284821 -14.96615942  29.84410263 -35.22923788
 -17.17165153 -18.84177871 -19.47589406  -2.04631985  -4.2508844
  10.23496193 -19.56542061  -8.70541881][ 20.90054284   3.0442935  -13.47595904  26.50421129 -36.13697846
 -17.98511738 -19.36045399 -23.22344278  -3.77874342   4.87379093
  16.41661914 -19.74399519  -7.78918708][ 21.01042066   4.00368024 -15.88464796  25.88568797 -39.31119564
 -20.28150336 -18.76295148 -25.33147231  -3.82771795   6.26306453
  15.89372005 -18.55552014 -10.66635744][ 21.19701271   4.21154637 -17.13402269  27.64694801 -38.78880967
 -17.37427991 -18.12139394 -30.38418815   1.62404581  13.1980479
  17.71917382 -15.0147418  -10.70573477][ 21.33491665   5.14020259 -15.8732169   26.13234111 -35.75371599
 -11.06727453 -10.34609232 -29.13605782  11.93686331  15.94939543
  21.30745355 -11.95881836  -5.02998464][ 21.23649358   3.2992699  -13.75282701  17.06254864 -36.60996093
  -9.608887   -14.94562342 -33.95192263   9.24425848  12.60321012
  10.10068585 -19.79725597  -8.74012767][ 20.83797147   8.19822609 -16.33235808  18.48272187 -36.48922108
  -0.81665065 -14.12015535 -33.4556901   21.3423283    9.3298989
  12.88591938 -16.72173054  -3.67051365][ 20.4883869   11.11182991 -16.02908706  17.00177672 -39.68615519
   9.54600925 -15.79768122 -34.91701614  24.50869921  10.29842237
  10.89106103 -22.90771326   3.35757475][ 20.36594851  11.81570749 -17.5720017   15.93466116 -40.98197285
   6.56479815 -15.42309885 -41.18391203  30.23179801  -1.65448204
  11.50703404 -29.51463519   1.84251794][ 20.34870266  10.70735279 -12.23274553  16.53975568 -35.79801476
  11.05615147  -8.65964284 -34.13064974  31.72988076   7.4129022
  12.33401156 -23.49467368   2.78639534][ 20.19564852   6.00334103 -10.33658971   7.45704322 -36.09670172
   3.85596056 -12.82004787 -33.73867812  12.13085505   9.52562934
  -4.7343464  -24.81861591  -7.41412479][ 20.07948934  10.50071965 -15.6018024   14.2813228  -37.85999171
   1.24371358  -6.23749205 -44.17264947  22.88897232   0.96350771
   1.89524327 -27.58533356  -4.84145479][ 19.94412507  11.24640454 -13.31419759  14.37188232 -36.76921938
   5.68771593  -3.4342368  -45.19775702  22.03198851   6.26147487
   2.6551807  -25.21381454  -3.73604102][ 19.68884794  13.04369026 -13.27557896  12.41746653 -37.53224472
   6.80289999  -6.14254272 -48.67841464  23.36440528   0.90647667
  -0.08657125 -24.45061434  -2.09969909][ 19.41077206  12.73214601  -8.27989998  11.84631566 -26.06413905
   8.56736215  -7.39676111 -34.54940939  18.70392215   3.74004752
   0.90353571  -8.93334818  -3.5089736 ][ 18.66982008  12.84362174  -2.8516016    4.83749854 -28.80341293
   8.58779671 -12.42400468 -40.95770194   0.58147028   1.12455708
  -9.64110805 -16.04223345 -11.5804542 ][ 18.33415075  18.36671562  -8.35697184  17.9495204  -23.58618841
  -0.10647845  -7.10659062 -36.89536366  -7.98007246  -6.77094927
   3.86441022 -20.53070964  -2.11524086][ 18.26248272  17.76423143  -4.72177914  22.39433845 -17.30341216
  -3.75791675  -8.61670014 -31.3133816  -24.60510209  -0.58580034
   4.08554777 -25.17122262  10.67843035][ 18.25635774  17.72917439  -5.97958112  21.9657601  -20.52013239
  -1.6710241  -10.70145251 -34.70291376 -18.016346    -2.59116139
   4.46022381 -24.97145681   6.43094867][ 18.29084496  15.33870087  -3.52120568  15.19892935 -15.43390859
  -0.06230853 -15.05709509 -33.20743435  -5.12456782  -0.03771535
  -2.61720926 -14.91098833   4.16284459][ 18.22760865  15.93578652  -8.93782488  16.77191828 -18.33921361
   0.53798814 -22.08100294 -39.71657886  -6.94015003 -12.74954665
  -4.3496095  -18.72381      1.79621932][ 18.21023963  17.35453047  -7.81498208  20.04809427 -14.55101639
   4.24019514 -16.10234706 -34.94574828  -3.20836468  -6.6198753
  -1.02153658 -10.07857884   3.96032804][ 18.16469874  17.91350445 -10.17310574  20.43189415 -17.64084677
   2.57451796 -18.86618699 -37.64562246  -7.862744    -9.04534608
  -2.82898418 -14.37869149   2.67102995][ 18.15275558  17.86760087  -6.07548179  19.13620226 -14.72585353
   6.77892481 -10.8596483  -31.83626601  -3.83183777  -1.99123907
   1.47660202  -8.05390052   6.47658738][ 17.97384359  17.98611062  -5.67726288  16.51977371 -13.6035493
   3.20461452 -18.91515817 -28.14254118 -10.59462737  -7.27867265
   1.21664628 -10.52789331   2.62419095][ 18.37249388   7.72213147  -1.75981543  15.50296783 -24.50743485
  14.59679223 -31.84649508 -16.46654515 -11.29144657 -13.50552562
   2.07053468  -9.12469149  -4.21391597][ 18.31576942   8.13915869  -3.33844304  14.12874783 -23.62910363
  16.98442355 -33.19391049 -13.99965534  -4.98694482  -8.72408543
   3.18691492  -7.09628125  -3.75280949][ 17.77319976  19.48169286 -10.75914165   6.97227376 -12.46104925
   8.05363246 -21.92863085 -27.16687126  10.38938284  -8.41496361
  -6.20324523   3.40284691  -7.22012683][ 17.38056655  17.42068638 -10.47108162  11.5601465   -2.70528541
  13.48050678 -14.23577129 -22.75614173  17.95139897  -1.37312699
  -4.26904408   7.92279476  -5.3984693 ][ 16.72975814  14.00497292 -11.47634871   7.92269394  -2.14257698
  21.04502068  -6.44563946 -23.10205473  14.5702538   -2.66400627
  -7.10960309  -2.80310098 -13.16927857][ 16.16518609  14.86276109  -9.5380438    6.56821138   2.2276817
  24.45526841   0.27970569 -11.84678341  11.79546731  -8.84853002
  -5.28037994  -6.10057558 -15.88173272][ 15.46792485  13.79088152  -4.86924697   5.40072652   5.39655191
  25.65490763  -7.43074263  -7.37311564  12.45498236 -13.7347998
 -19.10434152 -10.33242798  -7.35602441][ 14.70958819  12.25199499  -0.8947322    6.25254545   9.60214745
  22.45946229  -6.18523359  -8.84128771   7.30518791 -16.5228733
 -20.34972335  -3.50859711  -1.50869994][ 14.26330636  11.257837    -3.88643912   4.13138145   7.44523348
  19.37642669  -2.66440203  -8.19894331  18.38203046  -3.76873539
 -12.31401778  -1.42057297  -0.61550179][ 13.76315934   7.58445805  -8.44252467   2.9120368   -0.08683286
  11.7667422   -8.15082566  -4.55399393  17.90330699  -5.08875875
 -11.32582373  -2.33819544  -3.00187672]