[ 14.51804154  -3.58849792  15.6172751   29.44465368 -15.4964168
  13.68858996  -0.04800315 -12.20519697   1.89301457 -24.3221148
   1.71692989 -20.51418559 -18.05701171][ 16.45610649  -3.70672918  17.07467576  54.61105408 -16.78361071
  -5.14723097   6.66072769 -20.76596767  -3.93760257 -16.01278143
  -3.9578525   -2.3910131   -2.7167235 ][ 18.07152648  -3.4169337    5.89757801  61.77739571 -24.63907291
 -11.3978308    8.10146774 -22.04376149  -4.99446122 -26.96042589
   2.7147612   -5.64745218   0.31306093][ 18.55756476  -5.84661138  11.9373438   76.1373168  -18.92997828
 -16.14283066   1.97145801 -20.03907152  -9.75589014 -26.70328098
   0.67865594   1.57763925   6.82288263][ 18.75029061  -1.08969009   0.19036429  59.27052634 -20.38680799
  -5.41709876   4.5901432  -19.61183846 -10.61026084 -18.60016076
   1.29930611  -1.76329129  -1.53827313][ 1.88941770e+01 -3.26551755e-02 -3.95050448e+00  5.58635148e+01
 -1.68291818e+01 -6.18035364e+00  3.31145414e-01 -1.47816473e+01
 -9.21857254e+00 -2.06284680e+01 -4.02545903e+00 -1.62881754e+00
  1.22106473e+00][ 19.02722527   0.07936581  -0.73703513  54.39663391 -16.70244749
 -15.65143729  -4.41792326 -16.00377036 -13.27822789 -21.76859225
   0.81587799   0.95457859  -4.65556557][ 19.08115912   2.26330507   1.26844995  54.53535433 -17.13788181
 -23.51278308  -9.66411636  -8.55970999 -16.8108123  -28.34016873
   5.46698041   1.2103619   -5.02815717][ 20.28556376  -1.66742117  -1.96331167  50.7932815  -20.93182186
 -10.75728572 -11.78359579 -10.83807091 -12.69079271 -31.80622353
  14.39077582  -2.59075935   0.10838498][ 20.56704569  -0.92687006  -2.39388444  61.8424603  -24.33249703
 -23.50000689 -23.89195669 -12.86105797  -6.80609791 -38.0902787
  17.80845268  -7.25815905   3.07150111][ 2.03708910e+01  4.56143900e+00 -6.43145835e+00  5.61664640e+01
 -2.03111078e+01 -3.30530129e+01 -2.42978936e+01 -1.01640582e+01
 -5.75435325e+00 -3.22587409e+01  1.37561605e+01 -1.15779286e-03
  4.82423272e+00][ 20.43785451   2.7314845   -4.04919257  43.67984542 -14.18386521
 -30.39834192 -22.66269012  -1.14499648  -0.42126375 -21.60085664
  13.21963442   4.19915084   4.51814392][ 20.61125287   8.13964445 -17.44463632  42.43295539 -20.18518904
 -26.83519695 -30.78308419  -1.68945022   2.85648992 -20.0375023
   9.73978071 -10.51879112   6.09120342][ 20.76167104   9.51161562 -20.36560367  36.40784644 -22.61755183
 -27.89257751 -29.34423343   0.91423993   8.45803603 -10.84749261
  15.26655227  -5.57370155   9.81945646][ 20.89935428   6.79642904 -17.35011881  31.96359844 -21.15497485
 -30.53293483 -33.01371606   1.41545309  14.42146029  -6.31380061
   8.52010941   2.22899959   0.07998319][ 21.0556648    2.69746941 -13.06814212  29.69641902 -24.95459667
 -22.49962185 -34.08071577   7.67148965  18.6956744   -5.95540022
   9.11837026  -0.80861433   7.61868596][ 20.95970898   6.44396971 -19.42924813  37.76114001 -32.75071653
 -14.97392987 -38.37147724   6.3700488   23.10304916  -5.83051593
  14.71909451 -12.57403545   6.12543039][ 20.80384342   6.13030111 -16.39154407  36.71222502 -32.64256413
 -12.4299874  -32.29836552  12.6442778   22.54784017  -1.32427012
  13.70828275 -14.62456741   8.58517444][ 20.50030972   6.30064944 -13.30070393  23.88798211 -24.29902885
 -15.65063196 -23.50245959   2.30165268  13.99752596   2.91111097
   9.83676059 -17.11749802   8.02767126][ 20.44249468   9.0811731  -14.48585807  28.90590405 -26.43142303
 -17.49596868 -33.43150682  -0.56145333   7.17187066   5.87607082
   7.06714848 -24.76261602  10.18434476][ 20.11841055  10.18456479 -12.99730012  33.37291392 -27.3599983
 -14.79931216 -36.56655321  -2.94333992   3.41138462   0.40088458
   6.3712346  -23.19923892  12.27166638][ 19.20444582  13.38559445  -9.5090036   36.37667998 -21.53941822
  -7.50600779 -27.94636764 -12.31453268   1.8353335    3.57813247
  11.04707947 -16.27497967  20.11190803][ 17.58927434  14.43467388  -4.40140057  29.34310637 -11.46902807
  -7.78882333 -29.2807579  -23.05838179   8.10815983   2.10937401
  -2.83660424 -20.476189     6.50467078][ 14.97530517  12.04369747   7.14308112  31.12067253   9.00482546
  -6.52235811 -12.10862566  -8.96426273  15.4333966   -2.96057535
 -12.09436654 -19.34483976   3.30780989][ 14.55093792  11.35629535  13.01999919  29.84467342  16.41302274
  -8.45474537 -19.0355604   -5.84168855   8.32875847  -5.10662147
  -3.33879835 -11.58684124   5.56351299][14.35591791 11.25188908 13.05955556 25.69475427 12.22098113 -7.88999982
 -9.9659735   0.51196375  1.61581131 -4.18565721 -2.3575238  -8.42733895
  0.79653913][ 14.06414481  10.59478247  10.58269173  21.44732895  16.35043347
  -2.68631499  -5.44950924   1.2326377   -1.81129812  -5.19890958
  -2.40744875 -11.58259255  -3.07634835][ 14.23698303  -2.16340428  17.14823271  23.4828305   12.23681899
  12.65714797 -11.8094951    0.37216925  -6.74796754  -1.0053858
  -8.53210077  -3.93762352  -3.31763052][ 14.9747889   -5.28442424   7.74733589  16.37405425   3.75076771
  18.72328555  -5.37796063   9.118387    -8.30282452  -1.87396859
 -13.15422248  -4.06028093  -3.99102192][17.05986301  5.47563374  7.27154595 18.32190615  0.76990619  6.36450851
 -9.44708262 13.23539492  0.26055386  1.2376804  -7.12952585 -5.24598706
 -2.43309486][ 19.59098428   5.7210661  -11.21288922  26.79090939 -16.24482218
 -16.33164273 -27.96031785 -12.13771703   0.77553981  -0.60888379
  -0.4268333  -20.47099229  -1.24724248][ 20.35933423   9.92067544 -12.82960127  32.31573307 -21.63799505
 -21.45057965 -28.91691825 -13.5562991    7.82414357   7.15076731
   5.79932991 -16.66338992   9.64702818][ 20.67345532  10.23109489 -14.83935588  29.04467622 -25.66412699
 -18.1607086  -29.23456191 -11.21475359  14.11652118  13.36480039
   5.53574081 -16.44663835  15.64485877][ 20.8449539    9.92537437 -17.98548412  28.58741955 -30.31478024
 -17.13473633 -30.35170645  -8.54152828  15.61393767  14.54934283
   3.39634489 -21.08415953  14.74428351][ 20.84064493   8.72472831 -20.48310692  28.0499931  -29.12906115
 -12.40842735 -22.58970682  -2.0963913   19.23112469  16.53726449
   6.08816501 -23.90736455   9.48199236][ 20.90954207   3.52685829 -16.68741866  20.17875835 -21.91134773
 -18.23697372 -16.15620284  -3.98151977  20.27373241  16.91033148
   5.69791553 -23.99510449  -1.47884127][ 21.00924656   7.48677838 -20.54983669  19.07103992 -27.27647426
 -11.11407379 -14.23428748  -4.61352885  12.9338193   11.14686802
   5.07502444 -21.38473682  -0.28703511][ 21.13334442   9.49215111 -24.67512698  26.51793072 -32.6732461
 -10.31169021 -21.46069741  -5.03378792  18.5415394   12.86871961
   4.60397298 -27.62003704   2.71259403][ 21.08703041   7.56053015 -24.35607749  22.583854   -26.46539463
 -13.38330477 -17.77741118  -2.08083644  24.41390547  14.4479485
  -0.41772439 -27.48927127   0.85841641][ 20.88580981   8.71067616 -25.31827882  24.63638874 -24.24355525
 -13.07032587 -19.04273838  -0.16578274  24.13767325  12.24366801
  -5.91877363 -25.62630712   0.32206099][ 20.6522099    9.18717719 -25.30178951  25.527563   -21.2407669
 -11.41102689 -17.68616322   2.09820674  19.75111643  10.90031574
  -8.55846045 -21.02845348   2.39848901][ 20.35056686   7.67120999 -21.6228005   22.76240083 -17.43809887
 -14.5912542  -10.03316419  -2.92124628  16.01689408  13.06772933
 -16.56196057 -17.07901818   2.65987685][ 19.9493301    6.80751903 -20.17115033  21.69942384  -8.98130449
 -13.14509384  -4.84208438 -13.13608443   5.90901324  15.14319413
 -20.36771212 -15.52698271   6.06822922][ 19.00238645  10.78663713 -17.92791504  33.29002185  -6.93305407
  -6.95771498  -8.90051645 -16.0978805    5.87840427  15.95014162
 -23.00999879  -8.04614711   9.10677322][ 18.03981951   7.73289115  -8.10173895  33.99465596  -8.87235052
  -4.22431324 -19.45235327   0.88308179 -10.31329182  -2.40710056
  -5.50992916 -12.25580176 -14.85206814][ 17.86827101  10.37083006  -1.66845924  34.61362017 -11.5696302
 -13.83323526 -21.30606265  17.73091878 -22.06634167 -13.45681549
   3.2739895  -15.92485718 -14.1422337 ][ 17.82319196   7.55649089   3.6992779   30.32216411  -4.61403347
 -15.63597037 -16.9939723   13.92042507 -12.95778383 -11.43774336
   5.48718729 -16.42814944  -8.46868698][ 17.97412854   9.09610463   0.19054402  35.28494832  -9.06803022
 -11.75763899 -19.89348685  15.76128143 -13.79728627  -8.95170348
   4.79737125 -16.01240185 -10.52425017][ 17.96110774  11.93713622  -3.33795357  35.87876565  -9.33988314
 -11.7819073  -21.29473882  12.88560772 -18.38494874 -12.42157275
   5.27505253 -13.25302498 -11.92553683][ 17.8973747   15.13682963  -5.3760937   40.1937454   -5.30849726
 -12.45930619 -10.95006212   5.70316821  -9.56159017 -15.49163691
   7.09076253 -14.53649542 -10.89546785][ 17.92140173  14.76782104  -8.37202974  35.22815189  -3.42414981
 -15.98688555 -14.86915673  -2.18779579  -9.45937221 -12.30928514
   5.32037977 -15.65211137 -16.4536788 ][ 17.99458058  11.19615428  -5.4777136   37.0569639   -1.39633102
 -18.07423738 -17.63523675   0.04811376 -15.26787834 -12.68462327
   0.79626412 -15.56942198 -17.26419495][ 18.03464315  11.48865954  -6.37528913  35.81176485  -0.93859586
 -15.30767442 -12.39577145   2.69932389 -16.89182742 -11.63184607
   0.51316221 -13.99392974 -13.64906956][ 18.53951942  10.63998303  -9.13604174  32.43214283   0.80271417
 -20.11466468  -9.62140968 -12.6913429   -5.45727889   1.29705563
 -19.11474882 -10.02395448  -2.59859303][ 18.90776505  12.28820899 -12.25637581  31.11912016  -2.55251786
 -15.73511514  -8.65272742 -24.63691938   3.5311064    2.11933585
 -21.72138749  -0.72101496  -0.78301396][ 19.26571478  13.7661341  -12.76940394  20.64630085  -7.65225203
  -2.27953455 -11.55190423 -35.01756726   8.00581412   4.48190596
 -27.17949002  -1.50236874   7.11965127][ 19.06966834  11.57186998  -9.77551441  22.777297    -6.97327409
  -0.94053324 -16.63235175 -27.87789268   7.17157683   9.43513735
 -33.18788953  -1.97420067   5.16819119][ 18.47344353   8.75082064  -5.59704846  20.47729541  -2.79847547
   9.34696224 -21.6142557  -11.31872977   4.73762481   9.60285833
 -25.11512336  -2.64259457  11.77801843][ 17.66093642   5.70359232   3.03303266  20.54384888   0.1319568
  17.89747081 -22.30650936   9.50091248   2.6039888    7.09043179
 -20.76714133   1.13899931  15.99058509][ 17.33157938   3.73381872   1.13368007  19.8365897    3.97885786
  20.28515794 -23.88870926  13.44162911   7.40185585  10.04639366
 -24.41868821  -1.33756105  22.74263894][ 16.96353375   4.70137955   0.73669453  18.65855014   6.96805757
  24.04620032 -24.46605056  10.57767805  -3.74104818   6.7404876
 -26.73244413  -4.95177126  23.06004992][ 16.33196138   5.34274705   1.72702641  14.40555874   1.41267487
  26.99669049 -24.57000632   2.52406307   4.8110673    6.06597587
 -28.64718233  -6.45797667  19.13271559][ 15.8228614    7.22395439   3.30571868  13.56616288  -7.04702766
  24.37534711 -26.90247074  -2.28551537  13.17651757   1.12687235
 -26.90183385  -2.27647161  18.07207677][ 15.21169323   6.98085299   0.51183643   8.37375606 -16.65712372
  21.75320546 -21.83794106  -8.08119961  13.28708495   1.13379485
 -14.37022761   6.03537127   9.56279938][ 14.74669831  10.55060902   2.80589283   6.15737514 -13.53316123
  17.60223552 -14.46813223 -10.71751318  13.79205856  -0.24579994
 -21.78796178  -6.70705516   7.63865665]