[ 13.73274943   4.20745957  34.7578712   19.90051588   3.74639202
   9.93255171 -18.95150245  -2.18304051  -7.95483199 -14.45775764
  -0.06884493  -1.1802281   -5.31424356][ 15.55777062  11.76285939  24.27360962   3.23330885  12.83700928
   1.64527645 -42.02232987  -3.4587643   -9.062195   -17.11802464
  -9.39948009  -6.36043539 -21.14842405][ 16.43332692  10.49743081  18.17380634   0.47545678  19.10636601
  -6.54820781 -40.10098505   1.56596415  -3.66773634  -8.42027014
  -5.7257244   -3.05841806 -11.08151076][ 17.225854     3.0884117   25.47134919  -3.84273085  26.13270347
  -9.15893414 -39.48861335  -9.27943806 -10.60901929   3.53264572
  -5.98058412   1.0047006   -9.62561687][ 17.75700098  -3.12566867  25.37116816  -1.1383832   24.39989242
 -10.37311781 -34.69904359 -10.94649768 -15.43442649   1.74242226
  -3.92944803  -5.28131165  -4.43573564][ 18.09125399  -5.47400038  25.8633788   -4.00751263  20.07498594
  -8.39014761 -26.84345101 -10.22822792 -12.91226792   5.85762496
  -2.67521998  -5.35435108  -8.20286372][ 18.20204916  -8.96121032  25.33778749  -1.62954431  23.24152077
  -6.46398801 -22.53224749 -14.42150422  -9.66960999   8.84608179
  -6.11098965  -9.45022723 -10.18089201][ 18.25039679 -11.55310396  24.22008998   2.26226497  28.31494887
  -3.40319571 -23.19654792 -10.06983896  -5.04656658   9.06588033
  -8.12035827 -12.12104846  -6.83867633][ 18.41351068 -10.2329048   22.36535068  -3.36345944  26.53227063
  -6.3051773  -19.79010502  -9.25290105  -9.64895037  11.23867655
  -6.05186457 -15.93894884  -3.71045058][ 18.63094305 -11.37258138  24.03640953  -2.10449239  29.59292766
  -7.43538112 -20.50601046  -5.18807727  -9.30048252  13.47582968
 -10.1191283  -14.44512528  -2.41893367][ 18.83887848 -11.54651975  24.69853668  -3.993361    28.6681637
  -7.31522369 -20.49512442  -7.78946461  -6.2736303   11.22013196
  -8.32714037 -13.54131122  -6.4319    ][ 18.70201479 -10.55130657  23.13849325  -3.83805174  24.64650548
  -4.2457035  -18.82425302  -9.06719731  -2.58665201   9.5748731
 -10.59926583 -10.15037468 -10.08703202][ 18.52890008  -9.63683064  23.23559202  -2.82260784  22.52200364
  -5.32763678 -20.01224726  -5.07427249 -13.76116791   8.9166708
  -3.91870077 -14.07775178  -8.2527511 ][ 18.58153584  -7.99928628  21.39084021  -2.73473037  17.89208108
  -7.20289827 -22.73974524  -2.52279163 -14.89719292   3.7938881
  -2.443552    -8.01439734 -12.52304808][ 18.45563385  -0.42221503  16.65676318  -5.92254799  16.32982716
  -8.782439   -18.29474598  -0.72000875 -13.72928391   2.5111507
  -0.83981825  -6.00465179 -12.42317326][ 18.93021995   2.25326067  12.58820512   2.11953636   7.76033583
 -15.79965871 -34.82867519 -20.75053814 -13.31492303   3.99631723
  -8.30633883 -11.93480066 -15.30298923][ 19.40015299   8.50524897   0.74880612  11.36737132  -1.57961758
 -15.52668207 -37.47110493 -18.01553302  -7.07348658   5.93456912
  -3.16778089 -16.26801319  -4.06868065][ 19.82947169  10.90167934  -6.42768282  18.93901315 -18.70888138
  -9.54207992 -41.44448684 -15.44344089  -2.40274515  10.97986151
  -2.77985288 -22.66774903  -3.05319773][ 20.45586236  13.76219497 -14.44651469  22.44445887 -28.57965075
 -12.27432558 -27.75903505  -6.43119956  -0.54543912   5.27473075
   2.69145135 -28.50832325  -1.77606756][ 20.66539161   9.23969326 -13.09805317  18.94934966 -30.83250151
 -18.10768175 -25.16953782  -6.08197066   7.51157662   4.10133396
   3.42059256 -32.90388088 -10.52449391][ 20.67224765  11.76330193 -17.8645201   22.35296529 -28.93187369
 -12.71636895 -26.71999461   0.94523607  10.51607591   6.27344391
   0.8181995  -29.12877048  -5.48617407][ 20.48808535  11.42767139 -17.50871935  21.02688874 -20.92685746
 -15.92547263 -27.12387759   3.86791655  12.78228362   9.86085347
  -3.57971101 -24.37581808  -0.4184956 ][ 20.54717516   9.27937472 -17.1826671   19.60099194 -17.12219064
  -8.9898439  -21.05039792   8.04448205  18.70692109  13.28582636
   2.38008554 -26.5885781   -2.17421714][ 20.59917316   9.9752923  -21.63616351  21.08664386 -28.86080241
  -5.27298726 -26.75312269   3.86112795  12.36170288   8.54083696
  -9.16159423 -23.7544804   -4.65207465][ 20.63347882   6.83308833 -19.99712441  19.344508   -30.80440922
  -8.3050156  -25.47907182   1.22488195  15.39164186   4.56939522
  -7.64513756 -27.58782483  -6.8908113 ][ 20.627856     7.04345127 -16.59678712  19.81553599 -27.37540108
  -6.07962916 -20.22060993   6.2664667   17.59095432   8.43414444
  -1.90109756 -21.16672602  -2.38568985][ 20.61659986   9.22828097 -21.23562984  23.17680526 -31.32167489
  -5.99041072 -22.76264982  10.39841789  17.64334663   9.61238305
  -3.65914002 -22.55992492  -1.44783164][ 20.57827546   9.78718291 -21.67964722  20.932011   -29.90786562
  -7.21559492 -16.56957198   8.72686054  19.52925961  13.07741123
  -9.02804473 -18.08157723  -0.72193768][ 20.53556728   6.91692757 -18.69242017  11.00175671 -23.49864968
 -13.95430183 -11.964482    -0.53681167  21.1465247    3.46468338
  -8.32418923 -21.16406436  -2.23795558][ 20.65747888  10.59802038 -23.75364225  18.90317799 -28.23563052
 -12.87034712 -19.40180925   6.03748221  13.08793616  12.68164535
 -12.58990337 -19.31481761  -3.43651925][ 20.65506672   8.30983257 -21.75109562  17.33854782 -27.01604829
 -14.25806275 -15.93915378   9.51484529  15.50349829  13.9751012
  -8.11791914 -21.75309943  -4.86474233][ 20.65952808  10.81635343 -23.8166066   19.99109697 -26.38431699
 -15.28717625 -13.93401961  12.15174953  13.3972121   17.81273582
  -6.81694291 -20.97248662  -5.18242597][ 20.64873509  12.11906408 -24.77937716  19.88799428 -24.32748396
 -18.20787111 -15.37650894   9.80035113  12.53546045  19.82050775
  -8.74237525 -16.37447524  -9.54801828][ 20.70634328  12.8017841  -26.02207528  18.75507882 -20.08589617
 -21.52196643 -12.49951625   5.51779186  15.1339594   24.757161
 -10.44610987 -14.10504844  -9.24898683][ 20.63808882  14.47614829 -24.21234636  18.73970724 -15.54051652
 -22.72549947 -11.39854531   6.81812713  14.53336228  29.71688565
 -14.12212217  -8.30507166  -7.77027513][ 20.36883159  13.13791353 -19.55179941  13.35754053 -11.30984331
 -25.70907239  -8.30426673  -0.97500523   9.42933311  36.85858171
 -17.32478805  -5.93954236  -5.29366761][ 19.87144687  11.76168628 -16.58104221  12.00037872 -10.95280794
 -21.12806973 -14.86553128  -5.68535835  -0.32621953  34.85184732
 -13.86423033  -6.7181472   -2.60430474][ 19.03797917   9.73629152 -11.65007606   7.07549241  -5.83463572
 -11.11380457 -21.18238612  -1.65327648  -8.8112997   21.34142994
  -6.79649832  -9.9982019   -3.826055  ][ 19.26807433  10.96800225 -14.65732126   8.17585295  -4.58460659
 -10.29508912 -25.71156864  -7.72495807 -16.79300569  27.70411849
  -4.0794396  -15.21687089  -8.22091451][ 19.94301779  17.56153085 -18.07369913   8.6262329   -2.46292524
 -18.94467298 -22.89219881  -5.76535973 -19.94427488  46.16841937
  -4.77667025 -13.52996106  -2.7630828 ][ 20.2266708   22.022428   -21.5003735    6.00398816  -1.07975695
 -29.58556013  -4.44194626 -16.027552   -16.78939434  52.25018263
 -10.63617773  -7.58781836 -10.49124038][ 20.36168207  21.9024275  -20.81079243   4.48478474  -2.89724847
 -28.96015406   1.13676491 -11.87029463 -25.29397448  51.76164414
  -3.61902539  -8.01146041 -11.53217036][ 20.46353984  18.38646307 -21.34275414   6.13390885 -11.14912783
 -23.25016692   2.63373312  -7.24315032 -20.98934046  46.31878708
   3.88162348  -6.08848683 -15.95766008][ 20.55128418  14.22710029 -17.24935923   2.47307166 -17.977418
 -20.28768194  12.24616467  -8.8991069  -18.24335843  35.75164849
   9.07897407  -7.358811   -18.84097619][ 20.57143185  15.37914292 -15.07465952   2.19270186 -20.42356078
 -13.32215709  16.28620463  -4.96864923 -16.07647062  34.81960879
   5.18785293   1.97910877 -14.34088248][ 20.67806697  18.16578766 -17.13031453  -0.64912649 -30.09526188
  -6.75993237   9.39695047  -3.42389636 -25.08951344  22.41052131
 -10.43169753   5.02048872 -17.40881199][ 20.74348757  16.37837404 -13.71984144  -4.02853886 -30.94616722
  -8.00397822  18.67525033   0.75257681 -19.32756506  15.42587449
  -1.81170514   7.13945685 -15.12962518][ 20.8926627   16.87177624 -12.69869502  -8.01690223 -28.43266278
 -10.216191    22.28348378   0.60054267 -14.45142896  17.2867138
  -4.41428846   7.59515458 -12.0135505 ][ 21.08886014  19.54989158 -17.29490117  -4.2639975  -36.96410546
  -5.86975859  20.967875     6.2613625  -16.47714851  12.72128641
  -2.54054253   4.77471825  -9.44610638][ 21.20928529  21.23893907 -19.87849817  -0.79666102 -41.70534963
  -5.40340862  21.14229596  11.45345023 -16.76973794   2.30009343
   3.01008041   5.03481218  -8.41396248][ 21.23697223  19.5271504  -19.75616254  -2.2614825  -42.049377
  -7.78805205  20.54407446  14.69285999 -16.6756423   -2.45598309
   3.73688592   3.91122938  -5.65883396][ 21.21325264  19.86355003 -18.10645897  -0.98951959 -44.34372295
  -5.4479875   22.5566306   21.01499175 -18.35317591  -2.33716229
   9.70975803   5.76013373  -6.45088155][ 21.17573356  18.76140815 -17.27895473  -2.92253497 -41.92264767
  -5.06923533  21.00163925  17.23022995 -12.05477366  -2.09331546
   6.61122193   2.49152073  -4.05287467][ 21.03408439  16.82094515 -18.40545549  -6.91121381 -33.01970556
  -7.25506927  12.69384423  11.82313311  -8.35211074  -1.1950217
   1.40179156  -1.01358032  -4.6872612 ][ 20.89296266  20.76939266 -14.40383946  -2.15781771 -40.09031132
  -4.07201539  18.33659451  21.22292444 -10.97786579  -6.79314933
   8.94315333   3.40477336  -4.48238258][ 20.80152008  21.09341673 -13.12152568  -5.03233733 -34.13686268
  -5.14514689  19.09264997  19.77890527  -5.72300156  -6.71305618
   3.56465715   4.60253438  -6.2268644 ][ 20.76596441  18.48661259 -10.63517008  -6.34957274 -32.7984427
  -6.96586459  21.06407444  10.01600454  -6.91323186  -6.93571754
   2.41556671   3.82394424  -6.59565992][ 20.61590709  20.18812872 -15.46680642  -3.60555773 -39.22993862
  -3.40901467  24.67598594   9.03217901 -11.94691156 -10.26977493
 -11.67930849  -4.23533476   3.12648409][ 20.34832137  19.65661407  -9.39417937  -2.27419569 -42.71916859
   5.71955006  30.46075225  12.22274479 -16.8236509   -9.93168386
 -15.13976437  -6.13337482  15.02037947][ 19.86547903  20.4746168   -5.44654489  -2.16852926 -40.74134581
  14.94253117  28.66031479   9.66092747 -13.3694098  -10.25767074
 -18.4555057   -2.95458188  20.62963143][ 19.09488252  20.62130472  -2.46821516   0.13870881 -36.85075373
  20.75758195  22.82275438   9.97911945 -19.05875764 -11.59493762
 -24.83391094  -8.47337658  33.5828754 ][ 18.33373644  20.89724491  -0.30661296   0.03996361 -36.11928902
  14.00779391  22.15451741   9.51267464  -3.6770459   -9.00148699
 -21.77884429  -4.49501351  24.15432274][ 17.01850634  16.82875549   7.63533092   4.05302423 -23.95873891
  21.79180361  12.03228188   4.10409314  -5.52923513  -9.18309834
 -14.98105055  -1.51910764  21.05894459][ 16.79206898  18.43990291   7.74677644   4.24050305 -22.48600568
  15.9108473   16.80000267   5.17929462  -6.09222148  -3.01940367
 -15.57536473   6.40340067  13.08343792][ 16.50275848  18.30693091   3.27334243   5.97091769  -9.55405828
   9.04359196   9.51093298  21.95231572 -13.02075615 -14.0835758
 -16.61427709   7.34191187   2.55901563][ 16.03264687  16.16309046   1.62192121   6.13813934 -10.61284237
   6.15022512   9.70317135  27.37282387   0.56265704  -9.01826636
 -18.94100409   3.150823    -0.41942781][ 15.49525915  11.61497071  -1.34377964  11.61318349 -10.46724534
  12.58629952  11.06544606  19.72787661   3.18151747 -17.71017791
 -12.20180876   6.65439333   1.45071166][ 1.47117155e+01  1.03019537e+01  1.19391794e+00  1.09210107e+01
 -1.82306382e+01  7.75274075e+00  2.50739313e+00  2.33100688e+00
  6.08157024e+00  1.64148089e-02 -1.91814915e+00  4.11306320e+00
  8.84459062e-01][ 14.53865931  11.17016907   3.39196014   6.63668909 -14.07945
   4.86577243  -5.65555624  -3.16517622  -9.98520227  -1.75397323
  -8.11161569  -7.46589069   0.39741452][ 14.41190422  11.96064281   3.47685108   6.05427064 -12.3279271
   8.3677645   -1.96129225  -7.07440419  -8.53084623   4.23985668
  -8.29949429  -3.87842466  -1.47272992]