[ 12.96660001   8.03254128  19.10283068   7.43233619   5.13445552
   1.25998298  -1.81738363  -1.64103339 -11.4819049  -18.11989644
  -8.67694655  -9.21246665 -11.40234947][ 15.05290717  17.25206474  18.85646547  32.83147167   7.83253737
 -24.74289943  -3.94924919  10.83216395 -15.84478357 -26.55579508
   2.51848056   1.56242794 -23.08992156][ 15.74425279  18.67313169  16.53771107  29.92188173   4.75343153
 -24.20675136 -12.87690513   0.73975233 -20.11800415 -25.0196381
   0.55131433   0.57382821 -20.95254208][ 15.82947352  20.49115334  15.72660377  30.66875368   3.47137145
 -22.40480521  -7.2003011    4.53994725 -18.35406646 -18.31045574
  13.05162073   7.8531708  -12.68279932][ 15.59548141  20.98903839  11.75408467  17.91689456   4.01400726
 -14.05486436 -11.03585716  -3.14503996 -14.37971728 -11.0631062
   3.69223035   2.62616243 -10.75742839][ 15.12530299  19.62867509  22.77456004  28.75675266   5.04251093
 -18.38020515 -11.78839412  -2.06953333  -6.66632582 -20.33307036
   3.82128607  -0.55075526  -6.6137155 ][ 14.75346077  17.54926545  25.41737303  29.32474304  13.97058973
 -11.56141986 -15.12983722  -5.94184947   0.21007266 -13.25808171
   0.76108693  -2.57762906  -2.38039859][ 14.40316044  17.97553336  21.20877573  20.05853847  16.57207229
  -5.56146068  -8.78767597  -1.40070898  -2.33475176 -14.47418015
  -1.05793985  -3.31769035   2.05898031][ 14.05716731  12.83144731  25.48256333  24.44222898  19.99795807
   3.25712967 -11.80108584   2.48379263  -3.5317594   -9.90104075
  -7.72358539 -11.30323471  -0.1856675 ][ 16.64741877 -11.33059828   2.49548424  13.49558622   1.53901257
  12.69561442   7.70150328  24.34235334 -14.68355375   0.22592973
 -19.13052757  -2.61848733   1.66559327][ 17.74214076  -2.68670439   6.86890808  18.64453022   2.17449583
   0.72577504 -22.63100331   5.31033093 -15.49687631  -2.8494251
 -17.15640508  -2.48505931  11.79145402][ 18.69337978   2.85491328   7.42578997  23.04791774   1.14966391
   3.53378824 -39.967554    -8.14353446  -2.63948056   0.35290562
  -6.80596942  -3.5407708    6.92038009][ 19.04213396   7.94461214  -0.93550792  25.32970486 -12.94805687
  -0.25998255 -32.87751521 -14.29373344   1.87967345   2.44976628
  -9.07512524  -8.43127292   2.45464954][ 18.87603133  10.34846288  -5.15447951  28.70378515 -18.11267394
  -0.34397269 -30.97166776 -23.42049808   5.26892967  -4.8927343
  -2.30780594 -13.58586651   1.53576633][ 18.22320183  13.03359251  -5.45960134  27.16843955 -11.37410096
   0.3668966  -22.50143815 -29.77749008   5.18630363   2.0353511
   1.94494474  -3.12115015  -1.4351395 ][ 17.68236588  14.64817446  -9.48804892  23.21453026  -7.70872302
   2.36652703 -28.16794472 -21.33303593   4.72327831  -2.62505651
   0.58947456  -1.6077609  -12.33679021][ 17.24209097  13.47770468 -10.95459954  20.37910209  -1.00536951
   1.11099961 -26.35909579 -16.86848212   0.79204153   1.08754984
   2.75467942  -5.39069982 -19.02473186][ 16.98591745  13.48575098 -13.64264105  19.85963112   5.04769205
   0.71313527 -18.0515099  -13.11358568  -1.73655353   3.72192217
   4.48879719  -6.16683916 -17.90896758][ 16.76616094  12.75997175 -13.1252112   18.46217808   7.54777436
   3.54399057  -7.73103364  -7.85710854  -7.84786895   1.01837195
   4.13090916  -7.61867193 -15.39775022][ 16.77189348  11.59831835 -11.70198774  23.87942918   4.60318895
   7.68871053 -10.11227518  -7.73089416  -7.40342506   1.6527546
  10.4432338   -3.38763879 -17.94073521][ 17.33245668  15.8061619  -13.83110095  14.54833779  -0.1625649
   4.85212249  -3.65274186  -3.04659864  -5.86402542  -1.34988248
   4.28009242  -3.62932617 -12.6164109 ][ 18.34436204  18.5816753  -11.13185702  10.57943521  -2.46694812
   1.1704194  -12.96833273 -11.43239616  -9.57981245   1.41589846
   9.71302434  -2.49314312 -26.50189496][ 19.21228043  19.87347149 -11.15917988  10.39509121  -9.97490315
  -0.67175353  -8.82590292 -22.32549402  -9.48698162  15.81491043
  18.30729077   1.82086323 -24.64405416][ 20.08177633  18.51034188 -11.53831297   4.60278507 -18.69344676
  -5.40443087  -1.89276331 -19.82055316  -3.51778622  17.01314036
  20.53646229  -7.74210689 -27.29602867][ 20.51014228  21.3052858  -21.84136104  12.30324634 -33.47212247
  -4.35681148  -2.27152255 -15.2293135   -7.89717471  15.15817501
  26.81484579 -11.72971662 -35.90678735][ 20.82247835  17.81870976 -20.95305447   5.17064359 -26.0930087
  -9.26118866  13.5950621   -3.39241565   2.602466    13.32764368
  21.84634704 -15.62676497 -28.35023013][ 21.13182117  12.86607842 -24.04855203  -0.75626568 -32.23286964
  -0.43631559  12.42711371   1.58424771  -1.19372494  -0.57841018
  13.73821887 -22.29841464 -17.2106177 ][ 21.31265888   8.55650782 -22.96293081   0.56071105 -45.01825164
  13.77593537  18.468622     4.29792513  -4.98208291  -7.93614
  14.64496335 -29.66899439 -18.40750032][ 21.43418633   9.74479115 -22.99853908   3.00726192 -44.837014
  21.71869493  20.76650726   8.37120957  -7.9981787   -6.17222683
  15.37197113 -22.96542786  -8.22758544][ 21.58584124   9.78419287 -24.19066689  -2.67332529 -40.99176633
  16.5551658   33.64821043   4.56266484  -9.89792526  -5.48994247
  14.54284393 -20.89875919 -11.15351715][ 21.6793882    6.70540547 -23.13728775  -5.37059363 -38.00611936
  19.69394648  28.07435515   4.89261087 -17.71407449  -6.39909437
   3.38881709 -17.26004914  -8.08288023][ 21.68982244   5.7152481  -24.64212757  -6.97293488 -39.96955701
  20.13402615  33.87880328  -1.62089604 -16.41306346  -3.78538454
   7.77227784 -19.48085287  -7.81415632][ 21.60827526   3.68012972 -25.59830412  -8.86349512 -34.84356965
  18.46091687  29.42082768  -3.52675846 -13.80984505  -5.64085221
   2.58144731 -19.03131509  -9.31309521][ 21.35988407  10.36578403 -27.44157447  -7.16718891 -31.26540664
  17.32926604  36.54220903  -6.90265128 -13.69844449  -4.68175162
  -1.9345126  -10.83796461 -15.5556613 ][ 21.49990042  10.06440574 -26.50159329  -7.11098664 -30.94138312
  17.95051705  15.73628965  -8.12631343 -15.17873159 -13.75833905
  -1.83347463 -11.56787522 -10.25967177][ 21.59091063  10.30561917 -28.86814259  -6.81512714 -33.21219036
  22.01652797  24.31444599  -3.61686023 -15.64636536  -8.72901946
   1.81178728 -15.68605533 -13.59930254][ 21.54305536   9.73403019 -28.84937875  -5.59998385 -33.56079911
  24.60968019  28.30669142  -1.00942161 -18.29483593  -7.90267381
   1.61935215 -10.17040947 -10.22736713][ 21.52651972   9.30407937 -29.09614448  -7.54895501 -27.43434742
  17.13008839  33.87006056  -3.28437407 -14.35753623  -9.91751984
  -1.22709304  -6.52712273  -9.432496  ][ 21.53424493  13.62636485 -33.8453698   -0.97991081 -36.30270857
  21.56962994  33.44829238  -2.72427211 -16.27252549 -13.03464358
   0.43187933  -6.82541183 -10.9373875 ][ 21.53907431  13.98102614 -34.34852449  -0.94483786 -35.35326512
  20.74498605  30.77622725  -1.19568855 -22.30263452 -14.10209855
  -0.46193644  -7.46410427  -3.86776263][ 21.54148451  14.12430778 -34.92931486   0.60158927 -33.5061651
  25.38886429  34.74694569   3.25939815 -20.72678038 -10.44075728
  -0.8191392   -7.13101182  -2.85809141][ 21.34436261   7.44298852 -22.7751235   -9.94528884 -21.76592074
  16.04813427  37.87391898  -3.44263855 -14.86076365  -5.36652919
  -3.66378869  -6.33452566  -1.03675656][ 21.16275073  10.56381953 -28.77417171   0.14460024 -29.55164607
  27.90180076  36.50873294   2.35596266 -20.5147006   -8.65366122
  -3.51819563  -6.14770264   1.38723405][ 21.09877066  11.3514894  -30.33581101   1.6184365  -28.82753628
  16.87093406  24.92155099  -5.10706518 -19.55581237 -14.43819134
  -5.83100189  -5.95554751   0.18376138][ 21.01033703   8.84671419 -29.09902523   4.54448955 -29.71473453
  23.40857948  38.09495529  -6.53949356 -16.0010046   -7.73213526
  -4.39798128 -11.02566506  -3.49670788][ 20.91060132  10.11586307 -31.71351645   8.03970163 -32.92431864
  24.41155383  38.6233604  -13.93101981 -22.25877321  -7.59670704
  -7.00967266  -4.14060022  -1.36727512][ 20.81649677  11.6167588  -33.74725588  10.87682516 -36.29874505
  28.93027582  32.79144355 -15.86393788 -21.75802784  -6.09959997
  -7.82954435  -3.36952323  -0.35538927][ 20.66383105   9.51804864 -27.47298037   4.35691371 -27.75975467
  25.25884714  38.9571479  -23.27514294 -16.21543362  -4.17111954
  -9.83446759   1.80141812  -0.35960146][ 20.23668175  13.11658817 -29.4650272    9.11298038 -32.4894705
  31.94585203  34.38977883 -22.98373818 -12.49752637  -7.25584281
  -6.56751371   2.02150807   1.75849429][ 19.58092653  15.99483265 -27.16376512   7.92273167 -32.16864524
  37.06231267  25.68523926 -22.81452221  -7.69147641  -6.00327116
  -8.77454965   6.88924966   1.08607352][ 18.43820735  18.49434673 -19.43781057   4.2407595  -18.12668472
  36.71321263  13.04059951 -12.48596422  -6.9554171   -9.15131975
  -7.06182734   5.49271689   5.54134665][ 16.64400214  15.28233854  -9.31806144   3.26382284  -4.94135345
  27.62500087   6.96564932   2.60686618  -5.236272   -11.78056404
  -8.90285719  -1.046261     3.51462492][ 15.61441242  14.18856652  -0.58507021   8.89845027  -2.12768287
  26.94706801   5.22183815   3.03358165  -4.44665545  -7.60471155
 -10.01996152   3.08494663   5.35276367][ 15.3229729    5.78803558   2.05824472  22.36701357 -16.81054196
  14.96346377  10.65104862  -1.45750693  10.7225947  -11.95905181
   0.57925399   5.40202304  -7.81027431][ 15.33451261   3.50681688   0.55051869  23.14912203 -14.66903653
  11.72238145   7.76483586  -2.54480124   5.82446384 -11.59813659
  -0.9018407    5.52308315 -12.04240617][ 15.08583339   1.74344848   2.59166762  13.88488371 -17.08975555
   6.64920535  -0.38297338  -8.15110296   1.65029527 -14.96848139
   2.10028168   5.33128048  -8.34998695][ 14.42456975   3.19256365  -2.80633635  10.96950963 -19.20582856
  -0.78706819  -3.92062663  -6.26617362 -10.05642642 -11.60681857
  -4.82752422  10.00956199  -4.87180325]