[ 10.32651367 -13.05043666   6.01555097  -1.4732035    3.00559975
   2.55494264   5.96078115   4.33989259   9.02978022   0.09682139
   4.3651915    3.5067924   -8.49157601][ 17.73543513  -5.71561097   7.79522711  34.42580057 -12.4013775
  10.3760447   -0.09627872  -0.87049604 -12.92810663  -1.98454698
  -8.19924842   7.20148522   2.77522324][ 18.33799721  -5.47538417   8.21401155  30.80685139 -15.37249826
  13.67415986  10.8568703    1.20615327 -12.96361597  -0.88159271
  -3.63064386  11.07825774   0.60273947][ 18.74498591  -4.29468932   6.05483764  37.45047401 -12.77530765
   8.41754687   8.57689357  -0.12921837 -13.88970445  -7.26535012
  -6.98383615   4.60868406  -4.36979939][ 19.6132934    0.43418925  -0.79474958  46.46664175 -20.49424279
 -19.29856995  -6.75370515 -13.21019102 -16.2277719  -15.60719232
 -11.14170115   0.78208514  -1.3029365 ][ 20.21943344   2.00957484  -4.25635327  64.2372964  -16.66485049
 -33.84725855 -17.79770271 -19.6473556  -16.13002754 -26.39192737
  -4.93393828   1.85844854   1.58770727][ 20.76573715  -1.66350514  -1.36683902  41.12066363  -9.45462638
 -37.20302458 -14.39111406  -7.57053356  -8.02744734 -16.84342191
 -10.53629363  -3.10171656   5.19321274][ 21.19516422   7.17286429 -17.40201259  44.7829918  -14.91088565
 -35.27581213 -20.04910438 -13.03383468 -13.78098109 -24.88442132
   4.0338786   -1.47326386   3.50690054][ 21.4113449    4.50421301 -15.28392508  45.4406713  -14.38699831
 -42.64851902 -25.09875192  -7.48639699 -12.16893348 -25.96121694
   2.62223966   0.88228523   4.1043698 ][ 21.33897745   6.77303675 -18.01275686  49.92441281 -16.61074922
 -41.34193955 -29.92325866  -4.80022337  -5.10436613 -22.0473361
   8.56497926   1.64407522   7.21539887][ 21.2449001    3.00220108 -12.92663914  31.35511794  -7.06099245
 -33.02284013 -18.03879383   5.45340483  -0.81966122 -11.00951301
   8.98675038   6.23267836   2.97889526][ 21.17357324   9.07029737 -24.85545947  34.90085122 -19.32580238
 -31.97021787 -27.42419389  -1.00640315   9.93724129 -18.8549413
   9.57332276  -7.67108813  -1.13345576][ 21.15288028   7.30133951 -19.22774698  36.02552921 -15.40088704
 -32.50393657 -26.91035406   8.04823002  18.89812815  -8.26765029
  12.6509913   -1.40478587   1.95811025][ 21.10653939  11.30448244 -26.52305864  37.36710023 -19.23425472
 -29.45468055 -29.34395947   6.34615939  19.74938092 -12.57294934
  15.21156839  -8.9160643    5.49152472][ 20.95319898  10.15485139 -22.96754046  32.84382265 -15.42381273
 -27.3661462  -23.52328596  14.24883211  22.68267622  -7.99315526
   8.66280245  -7.39208306   4.93529275][ 21.17182166   6.43774421 -27.49991595  25.62964498 -13.56634495
 -28.39966768 -17.07866198   8.98338665  13.654847   -12.50256309
  -5.27224618 -16.12197294  -2.20259229][ 21.22571254   6.81324216 -28.79884648  30.44368393 -12.11553502
 -27.01684265 -14.94020752  11.88222301  14.51377009 -15.79637965
  -3.81894934 -16.3288105    2.57678642][ 21.25940125   6.25163509 -28.67913597  32.54337476  -7.4738722
 -23.74965912 -11.77785408  14.24005074  10.94994981 -10.54484355
  -6.41141594 -11.11907025   9.79977155][ 2.09300420e+01  1.06241846e+01 -3.35057980e+01  3.61556938e+01
 -1.24257273e+01 -1.47631742e+01 -1.73116717e+01  8.88891316e+00
  1.48914724e+01 -2.14643030e+01 -1.45891366e-02 -1.44783352e+01
  1.16201735e+01][ 20.69769085  11.56164267 -34.4950402   35.85230381 -12.17064677
 -13.73300088 -17.40041178   6.47355737  15.93819258 -20.91117586
  -0.81727879 -13.37370617  13.18804624][ 20.10438959   8.95542524 -26.03262461  23.12554439  -1.26675619
  -4.75903936 -12.58811791   1.25197122   9.94825378 -10.99379471
  -5.46918262  -7.57750919  15.08749318][ 20.13390554   7.61039257 -27.3505888   23.68247594  -4.88363026
  -5.84899023 -12.36652485  -2.56205184   7.42173638 -13.34055414
  -9.84811016 -14.2610246   13.49064365][ 19.95464035   9.45484773 -29.12605467  27.56974347  -6.34113984
  -1.80315728 -14.24159024  -6.4095307    7.91951122  -9.92829962
 -10.98182036 -18.07117214  13.04798334][ 19.46714692  12.79590453 -28.09691108  24.6266591   -7.17726055
   7.71646825 -15.50500404 -11.51540032   4.23332363  -1.24650924
 -12.93878845 -12.07440136  12.9969522 ][ 19.21396897  14.82198712 -27.96789372  26.55273     -9.29617443
  11.99002915 -10.95789303 -20.90575557   5.59741708  -1.1643955
  -8.48011039  -7.42224013   8.68870443][ 19.03089984  15.85613652 -26.57043694  27.24419872 -12.42333377
  15.09528327  -9.90552232 -24.96689229   2.77817793  -2.21491553
  -4.05034159  -5.09949305   4.8773934 ][ 18.54555437  18.52055113 -21.93091319  19.61816814  -9.60575663
  17.58750978 -16.18103608 -22.57181445  -0.27466113  -7.9775279
   3.25706928   1.35502351   2.90550611][ 18.28307302  17.38292933 -17.58686899  18.4666829   -7.37956088
  17.96930953 -14.2354186  -20.58757067  -2.228788    -9.68754462
   5.32751133   2.18947883   0.32216569][ 18.06969581  16.62931902 -17.78336678  24.88868354 -10.01605972
  11.29557935  -8.43449761 -22.33042096  -1.70875921  -9.03038679
   4.22973454  -0.12148837  -2.25280161][ 17.97063436  16.05909658 -15.8029924   28.6993157   -6.98465267
  13.22061601 -12.91341279 -24.04547816   3.81390148 -11.42809264
  -1.92116313  -1.57428888   1.48488939][ 17.84359511  16.22214386 -14.56119566  32.95987358  -0.37030717
   7.18208228 -17.19522151 -21.36466556   6.97981122  -6.6742134
  -9.47913201  -2.41363858   8.36147108][ 17.55760871  15.78117743 -10.67034721  26.34093315   4.95871882
  -6.48945835 -16.421152    -6.06685311   3.93306151 -11.14901864
  -8.08645918  -9.71017106   9.85927457][ 16.86892666  19.00123698  -6.65246524  27.77580387  11.84507602
 -14.34036127 -14.27569447   8.1975994   -4.14817178 -19.31144829
   3.31049762  -2.39321604  -5.98004673][ 16.32045466  17.69684759   0.43291181  29.8895909    6.31455672
 -16.76874396  -7.27660667   9.40770971  -8.29633789 -19.94111601
  13.10273869  -1.94094452 -15.76270703][ 15.69702695  16.92107341   7.86593991  22.83151551   0.33141859
  -9.77616688  -0.07351778  10.25482731 -13.93421238 -15.87926262
   7.31993617   0.32964819  -8.8794279 ][ 15.22777665  12.58727029  13.42535054  24.48774327   4.71706513
 -10.96267982  -2.42872542  14.36194646 -19.54212037  -9.32273954
   0.66710345   1.09328456  -3.21612069][ 14.80881816   7.54028218  12.29189763  21.60404474   0.64869663
   6.42749205   0.99359062  11.11073964  -9.13530256 -10.93058656
  -7.58057945   9.43474881  -2.07558251][14.20807503  4.30302763  8.7384977  16.75438167  0.77879396 11.3361234
  5.17947189 13.09744601 -4.09463945 -5.09433168  2.0074378  19.39269225
 -2.70265798][ 16.65309867  -9.63885418  -1.53311253  15.08018539 -17.82803161
  -8.00905795   8.597295    -3.9997115   -8.23632869  14.8928943
  -5.99592752   8.48694864   3.92230887][ 18.78998093 -24.33211792  -1.49405648  15.72610425 -28.82746714
  -1.33886298   1.50244777  -1.75928206  -2.70573484   7.1232068
  -3.767113    12.97873676  -0.67302605][ 19.97002127 -30.03733498  -3.24042923  14.61965891 -28.69551821
  -5.53692444   1.89238238   6.20252536  -7.38286819  10.22962482
  -3.95278396   3.91768449  -2.35433441][ 20.5068583  -36.92872862  -5.26652362  15.45357814 -25.59322649
  -7.96390611  -0.69769013   4.93165049 -13.86201492   7.89714459
  -1.50326547   9.3486189   -0.04825876][ 20.65772879 -34.95881586  -5.07732409  16.37994433 -19.21733432
  -8.90147717  -3.00205758  10.56901771 -16.55603209   8.79700743
  -4.17761698   8.0126126    1.14033405][ 20.47775887 -41.77676544  -7.64659281  23.91571185  -9.66604664
 -10.91614791  -8.95550701  12.10050037 -16.17820079  -0.32875008
 -14.42019288   2.77433763  -3.15830505][ 20.17688276 -41.10957514  -7.89768851  26.52030258  -6.54499727
 -13.3279781  -12.59859182  15.32757039 -10.0458016    7.21361146
 -12.02443177   4.03603076  -6.42757733][ 19.89132639 -36.85355864  -4.95561765  30.4896537   -8.71119472
 -15.65747359 -15.00411908  24.14238386  -8.6482222    1.24231969
 -15.86032102   0.40580661  -9.81254438][ 19.43670111 -32.68273516  -5.18514332  25.0630372   -4.16579268
  -5.61716465 -10.10033386  22.73527303 -15.28917796   9.45646991
  -8.4887609    9.44280681  -6.22104668][ 18.58020859 -31.44056799  -5.00361414  23.20853419  -4.98911857
 -11.93847101 -14.23206423  22.60312937 -12.59255886  15.10647808
 -12.38615098  22.09274952   6.8862362 ][ 17.12200641 -22.16233394  -1.56723501  27.95469753   0.18875705
   1.85530013  -9.36657102  20.66696208   1.86979559   7.30352093
  -4.6073625   21.6927108    6.54905069][ 15.72840494  -9.15061825  -5.15147783  19.83610072  -4.14693678
   4.72813509  -2.93519702  24.04854986   9.16986646   9.31755266
 -15.48960976   6.80092402   5.51842957][ 14.95419012  -0.05771614  -6.02686439  14.62979005  -0.77172407
   0.45802288  -5.30988287  21.51051046   7.39919794   5.9100468
 -11.19572657   4.51261223   7.19907434]