[ 14.40830327 -10.46156121 -11.24191436  23.53941961  -1.71485098
   7.90258909 -20.03817252   0.15774532  -0.86503821   2.6266964
  -5.14397005 -19.02838352  14.55952852][ 17.54833457 -21.19115524  -8.79269352  27.91351375 -16.59591222
  13.82429549 -11.96520886   9.33361565  -5.08140375  17.11383853
 -15.35054614  -8.18949087  12.26254369][ 19.47328275 -25.02594183  -5.99827243  29.88625889 -16.03105797
  10.85036946 -10.94927828   4.33467852 -17.41996635  19.45791804
  -1.54026566 -23.68603483   7.0705454 ][ 20.31945236 -31.32567967 -10.85955053  31.65450311 -11.44740862
  11.8673877  -16.73335022  16.38356359  -6.35648482  17.82245894
 -12.96741829 -19.44398614   2.34451341][ 21.01734238 -31.86255525  -9.77141752  28.21521713 -13.22220876
   9.86631122 -16.94016717  16.14853608 -10.21810514  16.38628572
  -5.049258   -14.73068533   2.8135173 ][ 21.45616263 -37.49907745  -7.85986228  27.74103519  -5.58496348
   6.34297544 -14.49069743  12.40942273  -6.3249572   12.40370986
  -2.18879765 -13.47281617   8.24956538][ 21.81943792 -31.6672804   -5.86210559  23.36480758  -9.49476204
   2.47829682 -10.20714276  16.7299679  -13.54007632  11.62483122
   1.56723298 -14.172544    -0.79430927][ 22.0829429  -42.62534354  -8.04538449  32.45651297  -5.16076719
   5.16846121 -16.29541184  10.99064779  -9.90322759  13.76288541
  -2.28984877 -18.75750501   0.50949557][ 22.07993223 -38.8101282   -9.12890399  28.1644521   -8.38352852
   8.9184815  -11.13087381  11.95449792 -12.30084124   8.55545995
  -7.86692115 -18.27382555  -5.82416049][ 22.18854973 -39.44883434  -8.66318888  28.25623354  -8.44038606
   5.07793234 -18.02355608  10.11844467 -12.35620543  11.04204068
  -8.47387181 -17.41613758  -1.42816285][ 22.09162845 -32.59609768  -8.20353074  25.81054484 -11.56424299
  10.33073375 -19.66451118   7.26383794 -11.54819024  16.24003992
 -12.89843318 -10.83488563   7.5939803 ][ 21.83813814 -33.85262828  -6.64470967  33.29220937 -10.70064343
   6.79066937 -25.34791347   3.78772897  -4.61742683  12.22388757
 -21.14887316 -15.25826136  11.66663611][ 20.74662248 -28.54009316 -10.31079876  30.53042956 -10.66550187
   7.31452031 -29.08761856   3.48316817   5.71926843  14.35660963
 -35.71342617 -13.11535755   0.23359249][ 19.85365058  -6.50477538  -3.98760417  26.51034641 -17.72348626
   0.252687   -30.40490031  -2.70377963  -0.26337765  21.85254724
  -4.35880129  -4.08678087   1.63006748][ 20.36776842  12.2071862  -26.0474924   30.40607037 -13.33437455
 -28.93701766 -19.17491485 -13.75166264  -3.92896292  26.65315595
 -11.0716532  -11.71323321   0.38283683][ 21.27590275  16.92447648 -34.64186377  22.76297137 -13.49257179
 -36.8555762  -11.32515959 -16.21466602   1.73364659  22.86056042
 -19.23134883 -15.1396054   -4.33355171][ 21.33715213  12.09997589 -29.33995561  15.66516192  -9.38160201
 -36.17779613 -13.8266633   -9.39009394   8.10292461  23.2262465
 -16.21936823 -22.98354282  -8.52095939][ 21.39055016  16.44209605 -36.73283605  20.15174474 -11.12772955
 -26.94715434 -13.53765384   3.00587049   7.66847144  21.46599258
 -10.74230361 -26.62951767  -6.18120693][ 21.52469716  15.07377578 -38.16163206  19.57959905  -8.48608901
 -30.84398308 -11.15148868   1.4723945    9.79712152  17.30842139
  -5.70496971 -31.49911346  -2.47434762][ 21.72309939   4.82870137 -28.1342739   11.82521128  -3.75555089
 -29.24623731  -2.65260564   7.12610628  15.19613369  23.45871329
  -5.86426958 -26.49345985  -5.36629152][ 21.82825531   7.41707458 -34.58039907  14.95188121  -7.13474336
 -34.80963069  -9.18833106   5.81001666  10.56832862  11.99927212
 -10.38641845 -27.71258861  -3.43614259][ 21.65666206  10.08235927 -37.21753695  18.96145373  -9.06029896
 -29.92467808  -9.10137131   7.66513597  13.57322835  11.80957635
  -3.63221871 -26.93335634  -1.28095594][ 21.54126415  10.13882176 -36.11413455  23.67932856 -11.66886704
 -31.38407366 -13.29323841   9.5024682   15.13626748  12.62837708
  -3.28727305 -23.6302204    0.78406419][ 21.40125223  12.63894494 -37.63557484  28.73596738 -15.36074427
 -30.34921561 -13.70240673   8.57041231  17.70777129  12.71000933
  -1.63034699 -16.72521612   3.73544114][ 21.30631819   8.82983111 -29.09169029  24.80345638  -8.77133968
 -39.985644   -12.43961011   3.13396111  17.237051    12.86213266
  -3.90361139  -7.12833375   3.53795542][ 21.07895893  13.86941218 -32.06909206  34.77850809 -13.78831521
 -36.05111411 -15.7167538   -0.98038037  21.1957036    8.36600212
  -0.14839682  -2.99522053   4.56995237][ 20.8328933   13.58242983 -28.53563758  35.01858803 -14.80834359
 -35.21082407 -16.43113484  -3.30899964  18.67250138   1.08269881
  -2.0071288    4.09820664   4.37711128][ 20.52547257   4.31070647 -12.73882229  26.21204843  -7.12529453
 -30.24077961 -21.73048316  -8.69988239  14.37213079  -1.1162672
  -4.36077539  13.41920127   2.98467261][ 20.0623952   11.63856444 -15.74477861  42.48196963 -17.20157188
 -25.06530154 -24.60874821  -8.20973023  12.00963489  -7.00085303
  -0.1224116   15.26268006   6.18568952][ 19.27388181   8.38842848  -8.14122454  37.79999732 -19.41012416
 -20.66461094 -18.65479901   0.17675898  -1.64123327  -5.98720566
  -6.19909342  19.62055939  -5.65705628][ 18.80537769  -7.78450154   9.02310204  42.45905894  -9.12173307
 -19.02176328 -26.3896642   16.04595361 -14.09483389  -3.95845035
  -3.96814398   8.14453679   2.17436165][ 20.24315163 -22.13215707   5.2741168   38.76839073 -11.17314715
  -6.35893772 -15.03534406   8.62576721 -17.63384607  10.18046042
  -0.2512865   13.4023681    5.31168823][ 21.11380744 -35.25568479   6.84209806  39.86099964  -9.17754506
  -6.06850559  -5.683741    23.88710611  -3.979262    22.47135834
   1.28875278   6.95438511  -3.16143802][ 21.53660382 -36.04848039   0.71795447  29.41058184 -13.21186058
   1.00778083  -5.02503901  17.47318009 -18.3398954    9.32796264
  -6.4439787    3.02308344  -8.22986603][ 21.57255964 -38.50087071   1.2419519   29.72019082 -13.77328797
  -2.0674341   -5.37527271  22.3905293  -12.12852795   6.40903105
  -7.17675448   1.92909596 -13.34466317][ 21.45112825 -36.12563336  -1.4131557   26.42551801 -14.982711
   1.12688369  -1.17245627  20.4915991   -9.13699146   5.42158554
  -3.6790652    4.21335522 -10.02518716][ 21.4758375  -43.81584103  -0.70784911  32.58523245 -10.76745918
   1.82781563  -1.02547058  18.57930952  -9.89240266   7.36097982
  -8.18416736   5.07001185 -10.19590181][ 21.4686901  -42.63876979   2.19882493  29.52006531 -18.43693141
   0.1189254   -3.87227532  14.85090646 -14.7407155    6.54391933
 -12.18142956   5.120576    -4.68795512][ 21.45973962 -33.09944109   0.53288352  18.69071996 -18.17580525
   1.28757457  -1.57946567  16.29822786 -17.18370382  11.32696281
  -5.14474346   7.71595484  -6.59404828][ 21.62540088 -43.94463601   3.31160332  32.0497127  -19.03292218
  -1.72263131  -1.1644499   17.71844639 -15.91166      8.841397
  -9.4085848   -2.14679753 -15.14618652][ 21.84238765 -46.00148326   3.11293262  32.13619029 -16.56940844
   5.45184606  -0.1558962   11.4880648  -18.16463698  14.26652806
   1.72233973   2.88504896  -7.37314216][ 21.84910771 -40.68490434   6.05301685  25.5098328  -22.06762973
   7.22327284  -2.27643501  11.14561743 -17.13645721  10.32973645
  -1.48500217   4.38495394  -5.09815835][ 21.53876204 -39.64738396   6.83973451  18.99603568 -25.81739801
   7.78132367   3.13035978   8.42841782 -15.2064569   12.32158102
  -2.4553141    2.91124872  -5.46085228][ 20.58335284 -40.92022796   9.61354937  22.03345832 -23.47990661
   6.65332391   1.36489241   6.41733479  -7.59293264  12.67714748
 -13.67159091   8.79902523  -8.63866952][ 18.80085484 -29.43827269   4.47852717  15.5002357  -16.53012327
  12.19424592   3.94979715   2.20384513  -7.46212221  12.33232831
 -21.23628855   6.16381675  -9.6991334 ][ 1.54744495e+01 -2.44709028e+01  3.70049150e+00  2.61730271e+01
 -1.71403408e+01  9.51965392e+00  9.90773042e-01  6.78320606e+00
 -1.82238385e-02  2.20368601e+01 -6.78754057e+00  1.55469786e+01
 -5.35362497e+00][ 13.76118712 -26.59546168   0.65628629  22.17233995 -20.22083577
   9.3477332    4.56778712   5.26636161  -9.36642431  20.35155417
  -6.34043138   1.68134136  -1.29142419][ 15.5634851  -21.45768829 -15.54901639   9.07267677 -26.44950814
  10.53758936   6.34892905   1.43641301  -2.97234996  17.57938834
  -8.34154238   9.46778437  -0.30275994][ 18.3936304  -32.2556619   -5.80253047   9.89634434 -23.0364555
   7.09462215  -0.14147234   0.55146155  -6.37547591   8.05660467
  -8.89863242   6.33980218  -0.58931324][ 19.62434125 -37.49629092  -1.0686306   18.31415825 -16.83898087
   8.21256411   9.98476392   8.52718498  -6.10791097  12.68079965
  -3.66090199  13.64793546  -2.22533685][ 20.98324501 -40.31029229  -2.18341507  19.16593714 -24.16385511
  10.08648245   9.25102091  11.26250115 -22.13837612  10.66237986
  -6.17873572  14.26475097  -2.90713653][ 2.16611635e+01 -4.18064451e+01 -2.77143482e-03  2.17042910e+01
 -2.27033569e+01  7.78233824e+00  6.77313090e+00  1.43848078e+01
 -2.29321322e+01  1.45509886e+01 -9.65115040e+00  1.27835088e+01
 -4.89073888e+00][ 21.7900585  -34.51383683  -2.15021024  23.49523318 -18.6313974
  -1.88060908  -3.32645442  13.0413732  -17.0065836   22.84843497
  -3.29835063   9.59093158  -7.67670631][ 21.53603869 -30.33111287   0.72500627  31.55264564 -15.44037865
 -11.07120473  -6.18944957  20.15224412 -23.67929496  10.69481661
  -4.31665146   9.3520971   -7.92740354][ 21.07417012 -25.93275414  -3.58413137  34.221528    -6.88855826
  -9.59742876  -8.84620546  25.29549756 -11.33719356   8.17889315
 -11.31229604   9.12711583  -7.13933836][ 20.31622448 -21.63440384  -5.83705066  30.07426169  -4.22588125
 -10.8060607  -15.30717725  24.79816175  -4.86863813   7.00006594
 -10.03167994   8.16287737  -6.32739304][ 19.15947894 -15.54909448  -6.91087814  26.04612829  -0.67833012
  -7.16755733 -26.05588944  25.78360528  -4.05883293   3.84471171
  -7.07584399  10.80932176  -3.68187148][ 17.61845445  -8.91265026  -5.50108928  25.22560903  -5.01967578
  -4.50223651 -19.95233321  24.18878948  -4.93801452   7.06842609
 -12.29729249  10.90146814   4.10180289][ 16.21256586   0.2860209   -1.09205088  24.75144128  -5.59610898
  -0.66729408 -15.06840337  17.00820439  -0.56127132   1.9793355
 -16.61949611  25.16779879   1.59203747][ 15.41089124   5.6019748   -1.19977856  21.97437351  -7.34703652
  -1.32791864 -11.13691172  14.3619941   -2.42686197   6.18419596
  -9.3520153   11.66861394   3.52148828][ 14.84744518   6.53385939  -1.11925303  15.39399613  -1.75145641
  -1.08131825 -10.23045276  15.94924936   1.40815197   9.76400267
   2.34215276   9.54597371   4.69513185][ 13.78576176   6.42701292   0.99347964  15.36621968   3.10577952
  -3.17376479 -18.19046186   9.14099276   3.53243354  -1.5859551
 -18.39892475   2.55242246   9.96991848]