[ 1.69326064e+01 -2.03629989e+01 -9.16755018e+00  3.39943264e+01
  2.17891511e-02  1.04207288e+01 -1.89616250e+01 -5.68524806e+00
 -8.82384022e+00  4.39472624e+00  4.15969551e+00  1.18306938e+00
 -1.71212568e+00][ 18.19908861 -27.44842172  -6.56760875   9.70818809  -8.32805402
  11.1370609   -6.67756385   7.71927505   2.25717792 -21.60190734
  -1.60983759   9.32492738   8.83554125][ 19.35107071 -33.56803771  -0.21428841   4.3091595   -5.10190109
   4.81254212  -4.3467375    3.81740736  -5.27780441 -10.94472905
  -3.64027573   9.40331075  11.59421466][ 20.14034128 -40.26580861   2.22685756   2.74012597  -5.5786782
   3.462165    -9.00129061   4.69673707  -8.92428779   1.06324836
   1.45113135   3.72834991   4.97467252][ 20.69991784 -38.02534358   2.15211198   6.71929126 -11.39929862
   6.70645277 -10.60920076   2.39189059  -4.03827912   7.92799962
  -3.60865842  -1.58731608   3.05248128][ 21.16758965 -40.69036184  -3.64623815  11.24587929 -13.39687231
  13.87371132  -7.88557976  -2.27064295  -1.62459778  14.44456273
  -4.50470654   5.44799354  -0.11589546][ 21.46783731 -47.62826305 -10.2963816   14.72165251 -12.10944906
  20.48382168  -7.61879842  -2.16797827  -9.05448718  19.4851956
  -5.02656275   5.15447261   4.83981075][ 21.56909934 -46.17635982 -10.08500485  18.34695114 -11.27652364
  18.51530287  -3.67177661  -5.59963041 -15.1923257   14.60487324
   0.92821792  -3.13935637   1.65066323][ 21.4727215  -35.68431192  -4.11984098  17.12215904 -17.39406844
  13.53586409  -1.37967335   3.47890886 -16.30885711  14.33693722
   1.53789972  -6.35303748   4.49513455][ 21.29377113 -43.44787012 -10.39654992  18.75242084 -12.59007689
  13.08421258   3.29315957   3.31861773 -24.11094735  11.07709331
   5.86038063 -15.38098354  -4.18248945][ 21.38301813 -41.33142522 -10.63958814  19.9253735  -13.87803489
  15.181961    -1.45302187   2.80964697 -19.67378867  12.52473354
   5.05489339  -9.04785456  -5.47298182][ 21.57388935 -40.87170792 -10.84792378  21.08806701 -17.18944518
  10.21986048  -7.73911461   0.76375823 -20.4427305   11.19406616
  -1.50169869  -8.18357383  -5.5889543 ][ 21.62039812 -46.54318242 -15.37118784  22.11819482  -7.64992462
  14.43974127  -7.55811301  -6.40733626 -20.3881765   19.72509974
  -2.49538778  -4.50241882  -4.0972957 ][ 21.66593363 -34.85139683  -8.87173444  20.71689461 -16.8895749
   7.83643148  -3.51704033  -1.3968972  -20.22712184  21.25458092
 -10.46633999  -8.3796319   -1.75823869][ 21.80125955 -43.95503343 -14.47176232  25.18435119 -11.58007462
   9.32817904  -4.05871548 -10.51318464 -21.04399622  22.99281599
  -3.72175028 -11.22762205   3.04156789][ 21.77516352 -42.35101371 -13.33863577  25.45673887 -14.87871365
  10.05130775  -1.50096465  -2.1697225  -14.36962266  21.37112897
  -3.45776815 -11.40808176   3.19741025][ 21.49498559 -45.21572778 -13.78866812  26.41263816 -12.00964759
  16.23811535  -3.00100651  -3.16219858 -19.17782106  17.65352596
   0.42884397  -8.82013196   9.92589514][ 20.80158563 -31.74552418  -0.93533619  27.19378648 -12.22058379
  13.51490487  -9.05999125  -7.72966089 -18.11591014  11.71738761
 -11.3743107  -12.99169125  -6.1751873 ][ 20.78720739  -7.97307506 -15.14422814  20.69050033 -11.33704699
  -9.10898371 -23.49451072 -14.0122057  -22.61005263  15.82571235
   4.52446843  -3.47738102  -8.02914373][ 21.58961502   2.39806621 -31.65751581  23.9078256  -13.18185733
 -28.85975118 -19.40786789 -25.87395043 -25.58876576  23.82012452
  -3.9850165    1.41375772 -10.70046127][ 22.28083266   4.48316554 -37.36670319  24.31856264 -12.147995
 -36.8679497  -18.32447347 -23.69801428 -10.20796285  22.09460711
  -0.06546177   5.67599492  -5.37081112][ 22.362898     1.47103184 -31.47551001  21.86140279  -5.09299764
 -41.8079163  -18.79589    -23.25937635  -0.87820497  21.98473688
   0.79133694   1.70742414  -6.76396893][ 22.43604262   5.02903841 -39.3984881   23.63235952 -11.14339462
 -40.2285108  -19.9595805  -17.91422985  -3.22328322  19.42781641
  -8.67400453   7.24112482 -12.52899681][ 22.12368509   4.08025693 -37.37023775  20.62298685  -7.29341416
 -46.77792393 -18.17248437 -14.88957108   5.35152947  16.81556784
  -8.05281738   3.67892424  -7.47237828][ 22.11679731   2.05831809 -37.36775305  18.3802742   -8.084862
 -49.68173226 -19.11551968 -14.62932182   1.23008174   4.83655435
 -11.72695827  -5.48513477  -6.55915749][ 2.20479747e+01  6.52987022e+00 -3.50120764e+01  2.84607921e+01
 -2.18141020e-02 -4.53835060e+01 -1.21281700e+01 -5.20603246e+00
  6.82836916e+00  8.36905839e+00 -6.55115309e+00  3.55231209e-01
 -6.30832701e-01][ 22.0428107    3.723126   -35.66628993  28.63936222  -5.95159401
 -48.70221923 -15.73127433  -8.44126473  -3.77141642  -9.79376639
 -17.85875336  -6.65278841  -4.67893665][ 22.03835371   5.35753103 -36.65538786  33.98970617  -3.54018928
 -45.6687719  -12.15396803  -8.7281319    0.1927241   -6.95008426
  -7.74552715   2.48511258  -1.09866994][ 21.82829334   3.06243891 -29.63524705  33.82255029  -3.80705332
 -49.20607287 -16.20133447  -9.45989193  -3.72168178 -11.50593502
 -12.35840608   3.77677283  -2.43943716][ 21.95630239   4.50801125 -39.12476591  35.55851202 -10.24760002
 -53.92390471 -20.94148157 -13.94563475  -9.31406058 -16.13497266
 -20.32008771   4.25960144  -5.49314678][ 21.70912341   2.26804043 -30.17096787  35.65105317   0.05493217
 -49.21663926 -19.31690054 -12.45527992  -8.48105649  -7.62229386
 -13.60424418   4.62845264   6.19708781][ 21.53261486   4.89460269 -31.9895921   41.69224185  -1.85504624
 -42.63554102 -13.30214121 -10.18172213  -2.71230919 -13.33877227
 -11.27328304   6.58320469   5.85248935][ 21.2412926    4.32632989 -31.68434094  41.42394213  -6.26485221
 -41.06089112 -10.63204748  -7.87265558   0.89932282 -12.7600869
 -10.92113617   3.48394807  -1.38920259][ 21.05837104   0.96564231 -30.6516961   40.64038988 -10.6023486
 -31.03374239  -6.05252626  -9.14886846  -2.89711955 -20.4164948
 -19.68936829  -3.5635867  -10.9399727 ][ 20.83496761  -4.58479944 -27.5495649   46.73791385  -4.28502451
 -26.21262807  -6.4203719   -7.46188945   9.20374863 -19.75778766
 -17.66923857 -12.31649395 -10.91576041][ 19.10934565  -5.5653418  -19.03274386  39.2848104   -5.51089873
 -10.37440389 -12.84966837 -12.17308824  13.7829271  -25.88302305
 -15.33069209 -15.87447693 -10.4927855 ][ 18.02861224  -2.71582507 -10.99829491  41.31492174  -6.9715333
  -8.4970859  -17.14217214  -4.44123726  19.10725464 -32.09851724
  -7.5219622  -14.82299104  -5.68870413][ 16.95371829  -3.1430215   -6.78906663  37.37456545   4.66270092
  -1.18031418 -17.94830024   1.54910107  13.57321398 -17.42533034
  -9.8952601  -11.69453642  -4.12875731][ 16.09075675  -2.57991998  -6.23088457  34.37804638   6.88028474
 -16.90277574 -16.94832796   2.25781269  -2.07822152  -2.80517553
 -10.91916032  -6.09333428  -4.03433903][ 15.47212461  -4.13717036  -1.50970496  28.59322888   4.32962803
  -8.63514011 -22.18968227  -0.74608111   3.439726    -2.34859582
  -8.72874674  -2.08362168  -3.33566257][ 15.19770876  -8.0876139    1.2205322   25.68490064  -0.0907061
 -12.17729035 -27.59742391   0.53849495   6.80056731 -11.29308087
 -12.91082584   5.24849703  -3.85502087]