[ 15.06154359  -1.46752038 -21.97650655   8.50075109  16.19253847
  -3.26802403 -18.97575007 -17.78991223  -3.21228392  14.75654973
  -7.77468029 -11.93697586  -3.49050565][ 16.15322502 -13.29046789 -19.18538651  22.74960362  31.07957336
   0.58095698 -28.35580445 -14.34436263 -15.59225797   0.3479758
  -2.74156398  -3.27262475   0.29225678][ 16.9384985  -11.14667644 -11.81841046  35.38489097  22.44930594
  -3.28273085 -19.08750493 -22.80667516 -20.80149559   3.28907155
 -13.99323212 -13.27533776   2.97535318][ 17.48996607  -6.11060218   5.13452426  45.25732301 -11.34664485
 -25.54278826  -0.55207687  -0.48567009 -15.55298321 -11.07509547
 -18.18127887   1.08580309   1.33575931][ 18.1263143   -0.68248364  -6.37514373  40.94365868 -11.52498267
 -35.26678623 -12.47565782 -20.06405132 -26.79896828 -18.38511344
 -21.90961152  -1.71152941  -3.00470962][ 18.72370487   5.86635015 -13.14606078  46.89736369  -5.14515381
 -35.76526109  -0.43493472 -21.81883664 -20.77265937 -16.07388072
 -20.7218022   12.31053836  -2.73703612][ 19.41654368  11.00639043 -23.04557063  42.5639424   -0.62153769
 -40.97883216  -2.22517186 -24.38012103 -11.88954236 -12.0274972
 -19.6712543   15.90094309  -2.46887421][ 20.28539694   5.07199548 -23.64128949  35.33870068   0.23611566
 -49.44396825 -10.0531005  -12.78362664 -11.77919471  -9.29508503
 -11.1105906   12.50020978   1.09847094][ 21.22713713   7.25689241 -33.66536214  37.25151562   0.54195226
 -61.97936146  -1.28339868 -15.2542986  -10.01825612  -4.30282862
 -20.82357688  19.5586913  -12.94622701][ 22.43044158  -3.13709891 -33.85589528  30.60653611   0.48670712
 -55.85455467  -4.19096906  -3.68641933  -9.72740539  -3.60344732
 -13.99760915   2.66387613  -3.3001907 ][ 22.74550892  -9.94886276 -31.21181115  21.89480042   1.72776414
 -66.85374783   1.37662908 -11.12130878  -9.8244914  -13.82566216
 -15.83846652  -4.00805603  -9.83474364][ 23.09552277 -12.0750876  -29.04517585  22.22518169   3.11435302
 -58.4492391    8.21237241  -1.95639811  -5.7250823  -18.06058549
  -4.42774862  -8.365478    -3.80094676][ 23.0063366  -10.46110362 -26.30577635  18.36285901   8.5270171
 -41.60367805   7.75903146   4.57637242  -4.5506309   -1.20299772
   1.04212513  -7.44704047   0.35476825][ 22.74299708  -7.92122635 -27.94657846  23.63799626   5.85382156
 -39.30392226  11.47593292   2.36478923  -3.19422337  -9.20010769
   4.52091419  -6.74433661  -2.96723353][ 22.72897829  -1.27683328 -41.94426782  34.82240681  -6.86224864
 -61.58341119   5.96912845  -7.35736952  -9.62450639  -7.8646403
 -19.81856259   3.0569497  -18.05024381][ 22.46619751  -3.2549204  -36.32078643  36.57618907  -8.69368915
 -59.7511187    1.37476715  -7.38661129 -14.35790843  -8.02140169
 -19.934603    -0.89652075 -14.05934834][ 22.51442033  -2.12450969 -32.56375174  39.06895921  -2.92362801
 -53.25095201  11.92853427  -3.68651645 -11.73719321  -4.24412133
 -11.14479852   5.39262924  -5.7808364 ][ 22.05541612  -2.43804209 -33.01368443  39.80823541  -9.23329106
 -63.66139716   5.2835363  -12.11696192 -14.07750031 -12.00525788
 -21.2724495    4.83833027 -13.08264747][ 21.81819972  -4.61519101 -26.14085122  40.76203917  -4.84538146
 -49.35986644   7.69680989  -5.21141987 -16.76714752 -13.03284705
 -15.82074262   4.48740088  -0.93055337][ 21.00186888  -0.48025515 -28.03914175  34.82113148  -2.53368149
 -28.75728147   5.44289534  -5.77359797 -12.98452041 -10.17642658
  -9.86804252  -1.93163386  -1.53514509][ 19.7900567    2.84269839 -18.79662407  42.97204211   0.91959855
 -46.93612908  16.80749671  -8.23628974 -11.97146869 -22.59742127
 -20.79282633  -3.05869215  -8.84653497][ 18.48633493   2.91313865 -18.29507515  35.78727171  -4.71277978
 -33.44670243  13.10561715   1.28343847 -21.0256242  -38.54242793
 -25.59745083  -4.20053765 -10.71760731][ 17.15926126   9.31368395 -12.56693974  30.73460928   1.86684034
 -23.04515297   6.41617311  -1.27581232 -20.15931303 -28.57836235
 -25.51779706  -0.54870024  -6.20727937][ 16.92690771  15.43997905 -15.09641579  31.96893604   1.6453131
 -21.2530691   10.7130673   -8.2146628  -21.53785874 -24.96795678
 -29.46851187   7.67624002  -5.17968792][ 16.60588731  14.98199328  -9.7453591   25.07218195  -3.39037608
 -22.77424563  14.07090451   1.03658371 -22.48452309 -29.24685058
 -27.17287304   0.34660888 -13.89237393][ 16.38257338  15.75280678  -7.1199873   23.4247067   -3.92758007
 -20.95621172  11.4688657    3.95757831 -27.36977555 -29.80838402
 -23.1431179    0.66968974 -14.07226462][ 16.13630172  15.96135819  -2.56073884  21.99751148  -3.52680046
 -19.80790201   7.02372651   7.65496466 -21.15215301 -21.8035782
 -23.27910374   2.13233557  -7.05321417][ 15.32653151  11.66856214   0.74142458  26.01569556   4.53744162
 -15.52584417  13.35125382  22.21209125 -17.48588823 -16.07796166
 -19.57244873  -7.6965788    0.27592873][ 14.53029891  -1.62942397   5.36724483  23.72574995  -5.70844813
   1.6811915    9.93033685  11.76372831   1.50383006 -14.18305033
 -14.77384278  -3.6482703   -2.09123552][ 15.40813889 -11.37113156   2.6798034   23.59026892 -12.88905162
  11.94245572   0.43407267 -11.74181814  -8.56629445 -12.1342801
  -4.74978665   1.41907013  -8.57938652][ 16.78151955 -21.43014288   6.4944492   22.30546449 -14.71416475
  10.59403345   0.51399434  -9.14549891 -16.00600763  -7.83473475
  -6.50733169   6.27531286  -6.94112265][ 17.63235702 -29.79045125   8.92260291  22.64240612 -18.03789185
   4.12620882   4.72376422  -5.01438289 -10.69661958  -4.32820926
  -1.82134935  13.95329298  -2.06643139][ 18.43123463 -36.03578261   4.48033462  19.74900752 -15.94354963
   4.04608105   9.37305546  -3.39415052  -5.09021438  -2.98839806
 -10.89065706   7.52975083  -7.43430184][ 18.84795089 -36.98945129  -0.35075623  17.58384164 -12.75409383
   4.41982251   9.00825009   7.66328853  -8.95902474  -3.3555997
  -6.97455855  10.06515489 -10.31419289][ 19.08366128 -40.08307203  -2.59380614  21.548442    -7.10193213
   1.83299537   2.92357896   4.93002566 -10.14579306  -7.39598369
  -2.77268783  13.38387973  -8.3618463 ][ 19.08494095 -36.31116845  -3.82960038  22.4128991   -9.22730538
  -3.63554919   3.63180522  10.04250592  -5.67212505  -3.63308137
  -1.7224242   10.89974282  -5.63450536][ 18.73700964 -37.65433327  -6.65160518  27.54126962  -5.75991379
 -11.97814026  -1.19686484   2.05703482  -6.99325594  -2.26249697
  -4.85048368  10.44339583  -4.50740768][ 1.81813753e+01 -2.95675454e+01 -6.76204857e+00  2.21760625e+01
 -7.21724734e+00 -1.15278495e+01  3.92125759e+00  4.67992567e+00
 -1.13776002e+01 -2.07374456e-02 -1.86817830e+00  6.04569692e+00
 -7.49458361e+00][ 17.23495962 -31.39411526  -8.44617509  27.2497667   -2.32718365
 -20.22024926  -5.71753336   8.63721794  -9.51380233   0.71691412
  -6.36323819  -0.07540997  -4.43785201][ 16.43908512 -27.35840256  -6.83581276  28.1541429    3.31168834
 -22.03806292  -7.51894175  10.28567313  -3.01228484   1.60515337
 -12.23923517  -0.32470136   5.28989226][ 15.66738549 -20.94703928 -12.28541156  25.46089767   3.19249402
 -14.33843128 -12.42123017   2.07924039  -0.06037029  -0.76725568
 -15.7201286   -4.06905222   1.47988339][ 14.73692986 -13.0916711  -12.95179686  23.29090449   5.66682205
 -13.28760912 -13.44347     -4.44007096  -2.83654723   0.54091079
 -18.25420455 -11.28614294   4.53062822][ 14.04768188  -8.16095918 -14.4956915   10.94023519   9.75691412
   1.64580588 -12.44381879 -11.39700898  -8.28168909  -1.9682799
  -6.71512342 -11.00135144  -6.65990589][ 13.37838191  -7.84245766 -10.83090812   5.92687839   9.88853005
   9.41780675  -9.16958025 -10.73126849 -21.77845826  -9.09255369
   1.17941347 -17.28174147 -24.47794771][ 13.00158767  -9.26455875  -4.9245912    5.97625593   3.23514398
   8.6218164   -7.2023694   -6.21424203 -24.834401   -11.58065074
   1.1594038  -14.57628249 -24.89688994][ 12.5243231   -9.58154052   2.74077743  12.06647201   0.2586172
   1.43915577 -11.88531416   3.85081971 -21.44052636 -20.02852161
  -2.39946591  -5.18284207 -16.77289158]