[ 13.98560165  -6.87449557  -5.80490912  13.66350379  -8.68500757
  19.0130583  -17.2849255   -0.48877033   0.93203398   0.52351143
  -2.00957404  -9.55597406  -7.25386346][ 16.54530992 -20.97827894  -8.86274624  17.27295974  -4.50855284
   9.40026375 -25.60877217  14.39889371  -8.63001885   8.41717319
  -4.72616907  -9.35319988 -11.71378765][ 17.65676235 -27.03487171 -12.67116109  21.34461295  -6.03840497
   3.38235135 -23.69317364  16.64937895  -8.38301651   4.4427967
  -4.91487071 -12.60471667  -5.64986046][ 18.35106036 -28.20659931 -14.94368363  19.48417114  -4.18121192
  10.21265875 -16.99979217  17.71890877  -8.67981143   3.90405336
  -2.51927017   0.20062546  -4.15903775][ 19.26319566 -37.72156301 -20.63796215  22.90244547   2.71325367
  10.89816168 -18.37263193  28.95803671   0.54531635  -2.72934186
   3.08180998   2.97651116  -0.97396046][ 19.81733083 -35.05276033 -16.66047064  24.73149694   1.21396648
   9.8370318  -21.10743765  25.38389776  -7.13845297  -5.99427356
   2.33425347   0.27918974   4.05248392][ 20.12088593 -32.38965459 -11.52994552  23.50693438  -6.44903086
   7.62925724 -23.41006575  27.85864733  -9.22522559  -3.43953705
   0.55569647   0.94639605   8.40102182][ 20.22838277 -41.12712406 -15.28134539  23.84426346  -3.48487012
  10.65069314 -18.08781424  27.31420394  -9.36418897  -6.21638336
  -8.60891226  -2.81723233   3.54482562][ 20.34919773 -40.54960434 -16.54871898  20.82951451 -13.34014902
   5.00909594 -20.41282342  27.56303088 -13.96253582  -1.54479709
  -5.63253051 -11.46099122  -8.72648055][ 20.03163964 -41.19454905 -19.25867597  19.81558216 -14.40228595
   5.72378216 -15.22814762  30.15231017  -5.56165843   8.42377705
   1.26505624 -10.91716605 -10.15947825][ 19.4817759  -13.01915581  -7.14203588  15.11290665 -25.97486884
  -2.21369479 -33.81760403   9.08097984 -22.30430994   3.15696938
   5.28060718 -19.82458044 -15.54715554][ 20.00567865   6.10803493 -26.42187315  11.85645804 -18.39784919
 -13.29053644 -21.51361861  -7.5770542   -9.82428607  17.57955718
   0.78198494 -16.13050117  -6.25824181][ 21.41800949   3.18620305 -34.77031241  10.01653958 -14.37463262
 -26.55064911  -7.48787597 -19.44384628  -6.64438856   9.26785608
 -13.10031339 -18.80854864 -13.67512944][ 22.02667788   6.85193379 -41.2029173   12.82443078 -14.71168984
 -34.30167916   3.53430007 -22.49088778  -1.84393684  21.49124493
 -15.3826226  -28.21378311 -11.23324278][ 22.1808164    8.0704871  -43.5027298   15.43753036 -11.57647767
 -32.13636533  13.44265631 -16.36960025   3.18163241  22.77592729
 -17.95444527 -31.5483287  -14.96594595][ 22.41689592   1.57377635 -38.77909622   6.31728386 -11.29663496
 -27.87548493   5.97951832  -6.83009547  -2.72203128  15.01838194
 -13.03918124 -30.02385265 -14.74390595][ 2.25123559e+01  1.66246223e+00 -3.79433780e+01  9.71154187e+00
 -1.02037935e+01 -3.17886689e+01  4.81419171e+00 -1.42360500e-02
 -4.14297108e-01  1.91893004e+01 -1.04155169e+01 -3.00694819e+01
 -1.55946710e+01][ 22.53000556   5.97596168 -42.58692313  15.27894902 -11.84196227
 -34.83857582   7.94416766  -1.78432768  -1.9399057   20.33534201
 -10.20482994 -26.60938426 -18.3051305 ][ 22.47545386   6.66225361 -43.09206376  17.4078203  -10.84399669
 -39.01033287  11.45221737  -2.48108817  -1.9673577   19.3417837
 -11.78944799 -21.16832333 -20.12949866][ 22.62118347   5.06783464 -36.68010361  21.10092005  -7.91775397
 -40.26002305   5.77752554  -0.40568926   0.91173365  18.88048202
  -4.1426891  -15.9141261   -9.80714131][ 22.31960264   6.29436038 -39.38324399  23.14976524 -12.6893143
 -51.44066162  -1.61816161  -7.61329175  -3.88106021  12.66184555
  -9.77479333  -8.42942169 -12.30321441][ 22.26837594   7.79527222 -39.01434174  29.83391824 -13.70962672
 -50.3069711   -3.97407399  -8.15739478  -2.17177578  12.54139736
  -3.65258474   2.93782444  -3.36254277][ 22.25047991   5.95012162 -37.49327646  34.40156989 -14.41599872
 -54.12963179  -6.38853484 -16.5302384   -6.05428089  10.05667519
  -9.17528935  18.57355952  -1.89093348][ 22.16587195  -4.88657843 -25.06488935  28.31033509  -9.84429406
 -40.09517363 -11.98696035 -13.77588127  -2.67633183   9.67142201
  -4.15992253   6.52956908   4.4598015 ][ 21.43700414   0.05574098 -25.08882607  45.20315717 -14.53182614
 -40.6153898  -10.66136985 -15.86889576  -1.6830654   -3.31951256
  -5.6776888   13.32485272  -0.97995482][ 20.66464205  -2.91800437 -22.96929106  49.21222701 -18.55671873
 -34.23237476  -6.05152943 -14.06555769  -7.10574864 -17.08831327
 -13.32377564   4.91029987 -13.38485576][ 19.46906967 -12.06335528  -4.6954105   40.70039168  -8.91953723
 -21.77838575 -11.76926852  10.0706871    3.73100404  -5.84183597
  -2.95087513   1.68315706 -11.25118449][ 19.60517309 -22.7921542   -0.37862746  20.99176737 -18.15576456
  -8.81954778 -10.81123204   1.64889667   0.74986451  11.22546661
  -0.2120332   11.89006907  -1.89100236][ 20.34533383 -34.43133803   3.54859066  29.58000109 -20.81899696
 -19.25179159 -11.51164672   0.12406447  -0.38772044  10.61547325
   6.2545068   17.70199335  -0.66290895][ 20.48405458 -38.50238233   3.30243936  29.65316433 -20.37668702
 -18.90807331 -11.48115876   0.32466456  -3.26823706   4.78652731
  -0.37040109  12.28674912  -2.74337224][ 20.57090665 -42.0884937    5.49796826  32.30172421 -17.57865598
 -19.82302188  -8.14516319  -2.3079328  -14.80045072   3.22225495
  -3.37298332   1.1623326   -4.44613112][ 20.66796855 -40.90239416   0.95043725  22.62501017 -16.26503813
 -10.69800213  -3.9764704    2.15557373 -15.81873581   1.82334476
  -5.11560857   5.57667195  -9.14881215][ 2.08899666e+01 -4.39979465e+01  2.82406061e+00  3.16906632e+01
 -1.59749613e+01 -1.09491964e+01 -9.12163827e+00 -1.50140479e-03
 -1.55199128e+01  3.09424294e+00 -5.82375147e+00  6.62190118e+00
 -1.81052812e+01][ 20.94179143 -46.81256612  -0.30749105  30.15769815 -16.2114339
  -8.55056282  -2.47620148   0.98096933 -12.20493964   0.8257258
  -9.16007667   5.39692638 -14.09649763][ 20.76002525 -47.73915121   0.86935608  33.88421654 -13.2550032
  -9.05519856  -4.58600227   1.48222078 -13.38354587  -2.09466269
  -9.71816262   0.99287326 -12.93568422][ 20.4946455  -45.44575983  -0.78611042  28.67310142 -13.60670202
  -9.37787648  -3.45642872   1.56795244 -13.59465617  -2.42722308
  -8.0679587   -0.08416553  -6.25722755][ 20.09952027 -37.10975569  -0.30485036  20.74573319 -14.23767799
  -0.37462471   4.09573374   5.72457769 -10.31181887   6.22645649
  -4.52857704  10.0073904   -2.97547747][ 19.65951503 -35.39595633   2.76700337  17.16396176 -17.14842344
   0.30524064   6.54272894   0.36210257  -6.51189711   6.02911266
 -10.92384929   6.01665506  -6.34591911][ 18.967063   -43.47158017   4.71298577  24.76369918 -11.94670757
  -8.46578212  -3.69182295  -2.00692741  -8.35531303   4.81062569
 -16.40365345   2.22699044  -9.90088722][ 17.26513286 -33.6791254    6.19730626  20.13365876  -6.52728492
  -4.36185318   2.79159701   1.16979722  -6.61736373   2.46271693
 -12.40221976   1.16633197  -3.04294732][ 15.31866896 -25.88462156  14.97804974  27.68032929 -13.111935
   0.11098304   5.40746176   3.1473666   -4.7162229  -11.22104359
 -14.53461512  19.90680654 -10.50194188][ 14.40346895 -19.79934575  15.43107732  29.80166765 -12.71560246
  -1.22505086   4.58404217  -6.9883532    0.18831713  -3.38824059
 -15.83999401   9.74463582 -17.68909483][ 13.37122611 -13.49486911  12.8530747   26.92660532 -16.3056072
  -5.11958098   7.76407565  -5.17996515   1.84196893   2.05900977
 -12.27641806   2.52203847 -16.58201472][ 13.09895828 -11.21031859  11.24115707  25.0084773  -13.42486471
  -4.12186637   7.09973483  -2.56824209   5.16135728   5.8257238
  -6.91451405   6.29032558 -15.74829833][ 14.71617099 -12.10690635  -2.60593484  16.08425056 -19.25025954
   5.79757374  10.91469863 -11.68529045  -6.70493246   1.19503238
  -6.76716802  -5.81565359   2.40940696][ 16.34116228 -23.18311398   0.7770135   10.13883515 -22.68362542
   0.48119415   7.73198861  -0.29142609 -11.54176957  -2.81895344
 -10.46282699  -2.07188912  -9.11741052][ 18.1593838  -33.17820647   1.11993174  10.89431138 -23.29900255
  -5.19085058   8.56444152  -4.22831362 -14.87854463   0.10997392
 -14.43629719  -4.35802291  -6.69503075][ 19.42664062 -40.88331284   1.39561992  20.84997397 -15.76238869
  -7.55985591  16.86231993   0.70698632 -12.46338737   1.90576526
 -13.2170591    1.36300486   1.07725605][ 19.59612201 -43.1323353   -3.15937651  24.34351473  -6.70365803
  -8.30632503  15.34104962   2.79834419 -14.73173099  -4.88045804
 -14.92843665   4.62174408  -3.27991855][ 19.13295513 -38.06911894  -3.4520609   23.3343793   -3.45783985
 -15.76317525   7.70751261  -0.70545531 -15.47873914  -1.58996952
  -4.27128516  10.85945653   1.65756664][ 18.39587149 -35.07526831  -4.59256136  20.5789778    1.49660839
 -15.13720254   2.79163699   5.45253505 -13.68185125  -0.99912919
 -11.78483268   1.33095286  -2.90372003][ 17.76306293 -35.73657782  -4.36685319  27.04718425   3.58744256
 -24.79651034 -13.30192373   6.13095373 -11.7548973   -6.00029902
 -16.86155245   1.36366837   8.04034948][ 17.00152115 -30.74217807 -10.32646918  17.09888297  -0.12178607
 -18.04901786 -18.34972584   3.69539573   3.51029703  10.41484177
  -8.41108695   2.02092272   6.69859804][ 16.11971516 -21.2819771  -10.76180895  17.06098707   7.15530979
  -8.70747823 -21.98411655  -2.07154961  12.79586875   8.77653188
 -10.25859271   1.14293664  11.65657788][ 15.10992158 -12.15174833 -10.32364809  16.69228539  13.0633804
  -1.79385009 -24.38542363  -2.38452967   6.92741478  10.22241027
 -11.93102264  -3.40709507   4.18693339][ 14.02448421  -8.45144554  -9.79996262  15.77475006  10.75122881
  -1.2298258  -14.58989859  -0.82566918   6.36538041  -1.72437419
 -13.72260855  -7.05841068  -4.5643581 ]