[ 13.31588249  -0.2860266   22.4088272    6.93202568   7.25145573
   1.40346319  -6.66185802   3.82604461 -18.50282214  -2.46133513
 -11.80252648  -2.87865102 -11.94746775][ 14.67534376   7.28995957  28.22015208   9.70891316  11.16284369
   3.96026988 -10.72932536  -9.97489277 -25.01868531   4.55652101
  12.07613542  -9.84107316 -10.99825507][ 15.71876242   2.04673541  28.10696093   7.67081073   4.96476441
  13.71977276 -19.71863366  -9.29558053 -29.19501377   1.90916097
  10.93894296 -15.23298109 -10.26232534][ 16.13077101  -0.12624217  27.35168306   3.2616314    7.19932245
  10.71047105 -14.76200631  -3.40394551 -23.38250359   9.3640004
  11.68760584 -14.80641616 -11.30874683][ 16.51206425  -7.0436803   29.95646649   0.53308625  10.17860235
  12.45557856 -12.58520992  -2.26943074 -25.31302983  10.52416495
  13.16169805 -15.22025669 -17.47679614][ 16.70827709  -9.47006827  30.4133228   -0.7797829   15.11375005
  11.25844394 -13.90505447  -0.35032279 -25.80000532   4.29594498
   9.25380661 -18.54237521 -14.13939928][ 17.36337333 -13.89896985  35.56847387  -0.79629605  14.53587227
  16.47351058 -15.08483414  -1.68345359 -21.98188981   4.46653215
  -2.43000604 -16.06314915 -12.49702424][ 17.56468375 -15.74936241  33.22117456  -0.85470806  14.07944255
  25.38201214 -14.88943559  -4.53911075 -17.51801171   4.69691911
  -7.94177374 -13.02717776  -8.15671913][ 17.82152205 -11.85070861  21.32799743  -1.52788236   5.60322292
  17.69370388 -13.73229016   2.24145242 -21.12688048   1.36094906
  -5.39266505 -12.1326157   -4.43027542][ 17.99144045  -6.32678294   8.16267617   1.13797502   1.32259126
   1.40781193 -26.49462256  -6.46167144 -30.18300873  13.7085451
  -4.366151   -21.28715243  -3.5134587 ][ 19.79264444   2.84479007 -17.90928157  13.31328875  -6.426543
 -17.49431868 -14.84548965 -14.44271632 -30.63278166  24.68064185
  -5.15514297 -11.92762771  -9.27322531][ 20.79213761   6.41548135 -27.05098575  12.02990051  -9.03399941
 -29.85826312  -9.79908607 -22.77454558 -13.64285029  31.33700213
  -7.43674641 -13.84613645 -15.89041009][ 20.98864966   5.13567356 -29.8918358    5.88796996 -13.75323031
 -29.92991456  -8.83858561 -22.31997124 -10.56692888  28.14237231
 -14.98211165 -24.0037899  -22.42908038][ 21.16517483   6.79963345 -29.71090653   3.43801582 -12.70685595
 -30.34038025  -3.96016046 -14.5356824   -4.1363012   33.50110306
 -10.75799002 -19.24663681  -9.20596032][ 21.72184272   4.71343676 -29.17167962   8.29652872  -8.04134008
 -29.20140512   4.08761064  -6.17361814   3.79164382  29.98799664
 -12.07918664 -21.49487167  -7.7860913 ][ 21.91086231  -0.0597746  -33.9281873    1.92724468 -10.34604371
 -34.77201059  -0.8998624  -11.68469673  -4.41437656  26.06169504
 -21.00510956 -33.82772303 -17.98322392][ 21.96753055   0.89005805 -33.71077469   5.41012788  -6.53582763
 -29.52801284   3.79227101  -7.8037419    0.81838213  32.36924353
 -15.75341076 -24.46061696 -14.07437588][ 21.85059534   2.17222203 -34.40611084   5.91671045  -7.85035451
 -28.56224079   1.37778299  -9.38689435  -0.6536579   33.37944186
 -20.8819339  -23.93626941 -16.02892677][ 21.96133106   1.58455652 -37.50113806   6.68673577 -11.66411837
 -30.28462314   2.27201629 -15.44102502   1.62182592  29.93597328
 -15.06050785 -21.2506586   -8.88413389][ 2.18468054e+01  2.01427710e+00 -3.85185264e+01  8.49879517e+00
 -1.45713927e+01 -2.94529092e+01  2.28822752e+00 -1.88615580e+01
  1.03576086e-02  2.87379738e+01 -1.37535369e+01 -2.60361325e+01
 -1.43898088e+01][ 21.72436345   5.54810104 -40.22858315  14.01933994 -15.43810361
 -24.73763136   4.02464017 -12.72297506  -0.60467659  35.32418312
 -10.98404382 -19.27006132 -13.07202918][ 21.59634352   7.5960737  -42.64014383  17.24383073 -20.70817845
 -25.37315769   1.88782894 -14.14217631   0.17776687  32.94752717
  -9.43602379 -23.62510216 -16.57639042][ 21.39225291   3.37384716 -28.23589199   9.52814996 -14.78051938
 -24.17739426   3.52341538 -15.44203281  -5.4424114   27.37126169
  -1.54547574 -23.67480646 -10.98720889][ 21.06954098   8.11406437 -30.42600203  10.11024    -12.86031801
 -30.38134485   4.92182816 -20.25730486  -3.33090954  35.45043149
  -1.36621316 -23.17706585 -15.73056402][ 20.86274291  10.1247074  -32.85576213   8.87660138  -8.76509898
 -40.25774507   3.7834473  -26.05680065 -12.02961099  41.94476157
  -2.117169   -16.949227   -12.12340845][ 20.71586621  14.64888049 -36.13177141  11.2026417   -1.3783183
 -49.34366105   9.06493793 -38.10648207 -15.70260369  46.31023588
  -9.13043168  -8.97434251 -14.9304272 ][ 20.51235892  17.57849241 -33.82124006  17.57094961   1.12267857
 -28.10586189   8.80549526 -28.79039288  -7.95492841  40.56529898
   3.10065339  -9.00016164   4.09232012][ 20.49458387  10.06678137 -36.64037061   3.92875898 -12.62076981
 -21.67012283  -6.85211976 -33.33731614  -6.29009484  17.38980081
  -9.85421184  -5.9550317  -12.1045451 ][ 20.79060719  14.58925205 -41.94218469   6.8241494  -10.41435598
 -27.43417552   6.85037935 -33.42330088  -2.75503182  18.70466503
  -8.58259801   5.45026174 -22.66060222][ 20.9840142   15.0056022  -38.74599972   6.99231337 -12.69890607
 -23.2496864   16.11872633 -22.57295008  -5.15021612  20.7381263
   5.19758565  16.32373705 -25.66977184][ 21.06500695  15.19651475 -36.17977942   3.56897122 -16.41844558
 -26.78365094  21.17262397 -22.1856115  -12.80474913   9.64472879
   7.71961198  14.79161107 -33.77876089][ 21.04337686  16.36286047 -35.32036297  -2.02080933 -20.37835889
 -24.74065417  25.07653752 -24.36923594 -16.26210802   1.3369135
  16.80412062  14.08002615 -32.45624102][ 20.93602496  16.03529588 -34.19407833  -3.82983588 -23.38279355
 -23.64806134  29.8593654  -18.73782182 -20.689015     4.57480659
  11.96682389   6.92733273 -37.5925471 ][ 20.84261585  14.33348469 -33.12403125  -0.17065094 -28.02218958
 -21.33596375  36.17766396 -12.5850336  -18.8536625    5.83062404
  11.00492262   7.50123358 -33.08609649][ 20.86147416  14.35349676 -34.12703549  -0.35463304 -33.49783699
 -26.53701962  38.08071848 -13.14118799 -21.86894285   3.71619823
   4.45329251   5.33853953 -31.93860725][ 20.94408025  10.3102101  -33.15232459  -4.89743343 -32.27182546
 -23.88064115  21.62307543 -15.52877832 -24.77640967  -0.85512602
   3.28432111   3.21161921 -22.39267766][ 20.750014    16.05824561 -27.85967275   1.0699474  -33.62834217
 -17.94046383  36.08805248  -9.41047957 -22.88533147   5.23404816
   6.8685418    9.61116449 -18.01927314][ 20.49630306  13.00524659 -26.29832806  -1.19221721 -40.02338329
 -20.05598351  36.59265876  -9.54651018 -22.3338553    3.00908897
   7.33064745   9.11930451 -15.29873989][ 20.21631313  15.67100209 -31.90289501   5.2466573  -49.63176253
 -22.52611716  35.20500823 -14.94090562 -21.69478603  -2.25301741
   2.80083078   6.94898639 -18.33496863][ 20.05327415  15.1217254  -23.18114422  10.3915927  -43.93676898
 -16.22025382  46.08543231  -6.19210715 -12.76894358   2.5487109
   1.32172666  13.52709785  -9.06157239][ 19.65462904  13.01127724 -24.95811779   6.366912   -53.52669998
 -19.06398111  41.44002685 -15.84187111 -16.84249032  -4.8280543
 -13.10730503   6.74014789 -12.03594144][ 19.09556175  13.71713065 -16.65302105   6.30090987 -52.74398606
 -14.68020592  43.77020174 -15.01603767 -12.3660455   -2.45515847
 -17.03749292   5.80334889  -1.58900543][ 18.40625017  17.38588066 -13.3211776    7.10201704 -54.43273114
 -15.58909179  40.79388885 -21.34260857  -4.61395146  -4.21009455
 -18.76757626   8.91873932   2.18326137][ 17.53012856  17.61753797  -4.79532761   6.50309379 -48.86793723
 -13.65177174  33.40339623 -14.08115406  -3.8820791   -5.07201115
 -15.14027529  11.06643403   7.41184658][ 16.32536522  16.91614214  -0.56346239   4.73638595 -31.38407189
  -4.66961944  30.60223694 -10.65473508  -3.24986887   0.42578451
  -7.77060259   4.47146426  12.10736755][ 1.48886522e+01  1.38126555e+01  2.42977036e-01  7.09141123e+00
 -2.56796311e+01 -2.67768641e+00  3.20341069e+01 -2.01225770e+00
 -6.85298088e+00 -2.83672834e+00  1.15885511e-02 -1.67498866e+00
  2.85568517e+00][ 14.06534968   8.49936814   1.09633485   4.33870891 -22.83654121
  -0.42833122  27.49360546   8.59444711 -10.55709816 -13.29987238
  -1.10925532  -1.02230694  -4.20061262][ 13.64035783   6.46769473   1.81434316  -1.4178     -21.63214312
  -3.269934    10.01216706  14.62126284  -9.9557191  -20.42816498
   6.2343155    1.91082053  -4.24276838]