[ 14.18183424  -8.52781671 -13.04439394  16.47349237  19.38277199
  -8.66513556 -13.54433068  17.63921166  12.60563382  -6.21334467
  -4.55437376   0.66244237   1.06585281][ 15.5644583  -17.25424966  -8.69523378  33.18134639   6.67776211
 -10.41139129  -8.41785179  20.45640124  12.44866562  -2.21161075
 -13.70693968  -0.57433189   1.68896915][ 16.98067455   0.89376099  -6.23415603  29.25341914  -3.23242488
 -31.52549431 -17.9392297   -5.05537959 -14.38344243 -16.82406213
  -9.26928259   0.37829671  -2.85929009][ 18.06137104   2.4813189  -11.19735753  30.1662939   10.74727245
 -46.64968844 -16.27005305 -27.90341018 -12.63903827 -22.85899621
 -14.25091007   4.27405637  -0.24031932][ 19.23201886   2.26747412 -18.05936704  34.90497552  11.05332882
 -56.4814272   -7.03417401 -32.55134723 -13.64664744 -12.31372164
 -19.90374253  13.04617193  -4.54774158][ 20.32471413  -0.46150522 -25.73033966  28.07605833   4.28835385
 -57.86014153 -12.19458822 -24.03904366 -15.94080157  -4.87386749
 -19.05621707   7.69553122  -8.07624133][ 20.99284785   1.3637442  -32.43003316  29.72788888   2.10586346
 -62.41622236  -5.84513673 -24.19527418  -8.1227062    2.95269136
 -18.50695196  12.06711394 -11.06669244][ 21.4235408    0.82590709 -37.53775864  28.658271    -4.56020899
 -62.83135612  -6.18257712 -22.81463161  -0.43173877   1.05180958
 -14.20244382   8.59670311 -12.87366464][ 21.97459772  -6.40502211 -30.30250511  22.64317045  -0.56997342
 -50.10837062  -7.05232769  -6.67294572   6.07362858   3.955808
   0.30329915   8.26993945  -5.29370937][ 22.09908845 -10.0008934  -28.94995362  12.38770704   1.78427065
 -52.24756833  -6.91085395  -3.36086946   2.35778231   6.78716513
  -6.60588947   7.91419528 -16.58634336][ 22.12637938  -8.83254458 -28.98787575  10.74049561   3.7833483
 -48.38111505  -5.22294805   2.96745892   6.20659252   5.58472561
  -6.74525386   1.54959966 -20.82117207][ 22.51414866 -10.39831807 -33.19168141   4.71654722  -2.16836012
 -54.79177247 -12.99763192  -2.99347656   1.53605961   1.76109812
  -7.11521803  -1.47878302 -16.10146871][ 22.42496791  -5.74581089 -30.64203728  13.12550588   3.74097097
 -48.38793879  -6.67145766   4.0994272   14.20871838   6.38238628
   4.69323111  -1.71273549  -3.3818195 ][ 22.35290423  -4.78040837 -28.73212951  16.41163229   5.11239138
 -45.75837882  -8.76272025   5.87157531  16.20186017   7.66437221
   4.17579074  -4.31959874  -6.67247289][ 22.63632564  -7.27408338 -33.96462822  13.74992747  -1.05351183
 -44.82755881 -11.65571522   3.67850079  13.53967276   5.44589863
   7.08373025  -7.85537873  -6.16362727][ 22.44611319  -9.78976926 -38.18985275  10.24889611 -11.97903628
 -48.48949147 -22.64968169  -3.59530571  -0.65482622   0.25756381
  -8.16217555 -12.39393723 -18.44304277][ 22.59510748 -10.1809016  -32.76661139  12.11868736  -5.62463874
 -42.06696153 -12.19165478   8.31125085   8.51720961  10.75892242
  -3.14526826  -9.1017454   -8.16769331][ 22.50017867 -12.53426952 -32.58957183   9.33584361  -8.58699533
 -42.82658139 -16.22499055   4.62796683   3.28153127   8.73652751
  -4.58249583 -10.57059298  -5.66625294][ 22.16990444 -10.09180344 -32.30899748  15.22859277 -10.31381411
 -46.32301368 -20.871378     3.02741507  -1.16336961  10.34976537
  -9.15397637  -9.51385135  -6.49206744][ 22.03590405  -8.73750405 -30.5841818   19.53896438  -9.73734852
 -43.84191453 -14.91331661   2.18562181  -1.318573    10.95172132
  -8.37990482  -0.90170918  -6.31290803][ 21.62460704  -4.83157123 -30.34166321  27.15145215  -8.28437279
 -51.6585809   -0.93026936  -9.10626152   6.27937319   8.76939027
  -9.51991985   5.6622967  -13.28029144][ 21.34669867  -6.00833144 -27.63964711  32.64990723  -8.27091943
 -47.04246212  -4.75808845 -17.47660555   6.84191077  -3.59878927
 -11.22901987  -2.20029482 -12.33876344][ 20.97597564  -4.80949609 -28.49774491  46.0098837   -5.4186772
 -52.57339881  -3.24563058 -21.66786137  20.78847607  -8.23050856
  -8.89889466  -1.41695588  -9.62413479][ 19.28070222   1.52587427 -29.53275288  36.69810441  -4.67393095
 -36.72271052   1.07948358 -20.89273848  24.71011145 -16.03649866
 -22.22603809  -6.95590508 -16.68688046][ 17.72321305   8.07850404 -21.42592779  40.17288438   7.0658199
 -36.52328663  -6.86482949 -13.85054053  12.459649    -6.93232512
 -16.08504178  -5.46051224 -17.67463501][ 16.98695395   6.58993443 -15.51129794  36.97135792   1.44833521
 -31.06078425   5.48893055 -11.99606415  -7.82739978 -13.48060547
 -19.93107005  -8.86095377 -20.5582144 ][ 16.59426957   4.71201298 -13.88078777  31.02932704   5.43828071
 -25.20573685   1.48919358 -12.81040142 -18.62087513 -25.01846653
 -32.20727468 -12.9585064  -16.60556686][ 16.48086212   9.22298304 -13.0324514   27.74954142  -0.22774899
 -33.0650967    1.62603869  -9.18747446 -17.86443663 -22.68147199
 -32.67582912  -2.93031325 -12.86852025][ 16.0636458    9.89725452 -11.69796516  27.00813258   1.74152488
 -27.87806453  -1.0037915   -4.03921358 -12.25265967 -20.89174687
 -31.55531217  -7.31372067  -8.81369506][ 15.70956126  10.19560127  -8.01729889  28.21569955   3.87961904
 -24.3741454   -2.70901078   0.45309695  -6.73891957 -17.36941588
 -32.12690702 -11.87635936  -0.56243267][ 15.18969307   4.2740953    0.106606    23.97465065   6.24227206
 -22.44848123 -12.12424316   8.68560065  -5.5363729  -15.51453986
 -30.62608904 -10.38924844  10.13680012][ 15.68471227  -9.60337713  -1.04824558  19.96884757  -8.4918471
   4.39720744  -9.6613799   -3.39565796  -7.13075185 -11.91899371
 -12.57159847   2.52786471   1.00981991][ 16.97248157 -24.13979093   3.24477227  11.33532901 -13.91304077
   8.50611102 -11.64775183  -6.39438065  -4.68852681 -15.01020107
  -9.14284746  -2.50491211  -8.28802342][ 17.88238415 -30.67712436   3.07056619  11.99472598 -16.29222678
   8.34255179  -4.06084418  -3.11378658   2.46899939  -5.95974458
  -3.26794079   2.20488217   0.30312609][ 18.31768035 -34.62636993   2.48597506  16.50606328 -20.06564362
  -0.11295337 -11.45992228  -2.70105854   1.75985389  -0.98937384
  -0.49390985   0.64335585 -12.24460006][ 18.56097228 -41.51263578  -1.23554149  18.10994215 -19.02887163
  -0.92675589  -6.03344601  -0.70456806  -6.69403191  -3.64654947
  -4.87040582   5.83834223   0.71339018][ 18.78740572 -38.50310199   2.02578051  22.59654094 -15.35644786
  -7.25492087  -1.1579214    0.87506974  -9.32659359  -3.33107849
  -6.65136845  15.0257924   -1.51064818][ 19.40490613 -44.21079958  -1.30485687  23.52910573 -17.64232779
  -5.41751019   2.00145954   4.8298771   -7.61876951  -6.76278567
 -13.49411605   9.27621719  -9.52711844][ 19.59387491 -43.16863298  -1.93297248  23.9714927  -13.97038173
  -2.82812031   0.14456009   3.86092561  -9.99233957  -7.73958212
  -6.08195131  10.21184613  -4.81597239][ 19.56758902 -40.89521236  -1.77760562  22.63730221 -14.69716899
  -3.8315595   -0.40448268   5.4717322  -12.47160395  -8.33150308
  -2.33330429   1.93103454  -5.77897759][ 19.25471132 -44.42562793  -1.10509763  26.28156799 -10.69427131
  -9.12946982  -8.54264009   7.00318151 -10.23339765  -6.19617085
   0.97604375   6.20147709   1.24364273][ 18.8385823  -45.01991433  -1.84762572  27.72284586 -14.79421658
 -23.65992419 -17.23064086   7.64951258  -3.75835876   0.45384504
   1.48614117   7.44556133  -0.50611126][ 18.24220434 -40.41018694  -3.66823002  26.20951676 -18.20532398
 -26.20141507  -9.05294035  14.87447563  -1.35998164  -0.48325414
   6.99063132   9.21288127   6.01382495][ 17.20806231 -33.55800074  -6.61992251  28.77929491 -19.37836765
 -22.8706434   -8.83442606  10.97951976  -7.02637391  -1.02637246
   1.87368582  11.73361919  -2.42138807][ 16.11011471 -28.52107251 -10.67679219  21.14582524 -12.07110557
 -17.45626144 -10.99562166   8.07405414  -1.92972811  -3.00582921
  -1.76371666   9.25080841  -8.32152296][ 15.49115184 -25.61655076 -12.23705592  22.56362095  -8.59539593
 -10.56736037 -11.49119927   7.76051173  -0.68733616 -12.04024735
  -6.95324152  13.65381355  -5.92502131][ 14.48590395 -23.29551579 -10.48819434  22.37656104  -5.45020019
 -20.73228594  -8.58345857  16.68270792   7.33450004 -10.58082645
 -11.31159588   8.79715354 -10.90587798][ 13.62833668 -19.00628164 -11.28649919  20.55527796  -7.37229664
 -18.17238265 -10.76203789  19.45383752   4.58001789  -4.00195644
  -4.03795459  -1.03333579 -16.66835468]