[ 11.55094127  10.9194535   14.21630928  14.89897147   5.74608671
   0.99116667  -4.37292973  -2.36281141 -11.93840035 -17.03821763
 -17.68632716  -9.43767418  -4.07848635][ 12.71492025  12.94382451  16.29122393  26.70341543   5.45019205
  -8.56762239  -5.00507879  -5.9303916  -11.27457066 -12.32776713
 -12.37416601 -10.63338398 -12.36718714][ 13.15801642  14.12609829  13.57233563  22.70793777   2.54979796
  -9.93283135  -4.85041564  -9.77588458  -8.89643157  -9.75491132
 -14.64663528 -14.55281398 -16.46902873][ 13.11945035  15.49981267  16.48511727  23.83273344  -0.04741044
  -5.4351725    1.97308536  -3.07878515  -7.5504848    1.65963039
  -9.1078175  -11.19060274  -8.23920933][ 12.85192938  13.73711531  18.02155364  23.44718538   3.9446172
  -7.47019386 -11.05089304  -4.41825881  -3.38131603   4.93155825
 -13.64981325 -17.54372299 -10.6663976 ][ 16.46659072 -16.45800728  18.80799997  13.00140583 -10.2821951
  32.06187499  -8.75674369 -20.33121593 -26.93137918 -12.76971847
  12.67377075 -21.17212164   1.53062167][ 16.64109812 -15.93892997  15.65215166  11.24093083  -5.92306595
  21.60644822 -13.7908512  -12.91639993 -19.182492   -13.80218397
  12.2282148   -8.2694381    0.65779235][ 16.50888536 -13.09174125  13.41194063   7.9834569   -3.59893317
  21.61078575 -14.4405131   -9.04503794 -10.39447101 -13.35433523
   7.53172974  -4.20927956   0.44287168][ 15.3191831   -9.38294775  15.68868294   4.70142651   1.98674266
   9.69836819  -7.43427934 -15.81371694 -15.5759546    5.2786698
   2.90577807   1.23284478  -6.02765778][ 15.26312845  -8.40432553  17.75845402   2.78934135   3.83786256
   7.08752382   0.76343601 -14.09475116 -21.07445972   1.12461324
   7.0495209    3.07822665 -12.48742308][ 15.25297424  -7.70382948  14.35861237   1.79566205   5.46174832
   6.73240016   4.58991907 -18.690524   -35.15247155  -0.66838485
   8.05586151   4.91081479 -11.15786491][ 15.60135709 -10.26038311  12.87916261   3.32132315   0.71540817
   6.46195313  11.50008587 -18.58987441 -42.29775524  -0.54593841
   7.84849391   6.96885481 -10.06878576][ 15.72883114  -9.83458624  12.23621348   3.36290429  -4.85277842
   8.97124579  13.47100749 -15.70664763 -42.10691735  -1.93327002
  11.16086827  11.09787199 -10.37626352][ 15.80343581  -6.63757216   8.18804795  -0.16491105  -7.59483975
  10.50457687  14.37938933 -12.94678261 -38.87587585  -2.9062792
  14.09320794   6.06674551  -5.8151474 ][ 17.38900607   4.99563632 -10.63755868  -0.77025608 -22.18770738
  -6.77097844  10.33545608  -8.03705346 -25.64304603  -5.52623956
   2.46347742   5.44889918 -10.84734559][ 18.90547857   3.49144952 -27.60733368  -7.48670347 -34.85138484
 -20.84938314  14.89867202 -21.39864887 -41.07976609  -2.22474366
   8.22044546 -10.20762838 -16.31812235][ 19.56054806   4.86659627 -27.30389189  -3.70127922 -33.05292993
 -15.55158776  16.57399245 -16.56203891 -25.34059289   7.42824992
  18.24714211 -11.94364071  -6.98613369][ 20.04482438   3.19573854 -23.88582211  -7.18923855 -31.87648445
 -12.2801475   14.28517069  -0.47873324 -13.71458669   9.02483887
  13.59362075  -8.07191903   0.06202254][ 20.23432462   2.46175533 -22.31578129  -7.27769103 -30.77521674
 -10.92499193  16.77726587   3.92085663 -10.45925094   8.21614829
   7.32476187 -11.58478089  -4.17336442][ 20.62647802   4.04941456 -29.54349132 -13.66051369 -27.06681916
  -4.64295724  22.29346232  -4.77785804  -4.61511507   8.76377822
   3.17501056 -17.97364433  -8.99514335][ 21.0229257    3.25809851 -32.69404877 -15.24031936 -23.37385539
  -5.16557306  20.67262316  -0.42114669  -9.7312953    2.771183
   6.99803929 -13.8939382   -6.13899668][ 20.91190763  -0.77793976 -36.38523327 -17.17174398 -20.31529735
  -4.20222107  32.90530433   6.21689556 -20.04449122  -1.37047151
   6.65311673 -20.40557492 -11.57889779][ 21.04088445   3.15857793 -34.43119761 -18.53014169 -17.63823037
  -3.25459079  24.02740263  -4.65489906 -11.71910851   4.68088032
  10.74043992  -9.45876515  -0.07461418][ 21.03198112   5.63459491 -33.60895557 -18.19607986 -14.6527778
  -4.6128131   32.04785601 -12.28109568  -6.35436811  -0.24669344
   7.39265554  -5.72399676  -3.50505197][ 20.83729309   3.7096976  -34.30372673 -24.31513951 -18.47205507
  -3.53076468  27.34468556 -15.98056218 -10.42680124  -3.08932362
   1.70387712  -9.18927539  -5.57819702][ 21.13214686   3.96193226 -37.60112544 -26.71532254 -19.44614871
  -4.23473427  26.37144648 -19.08119798  -4.45294836  -4.9346831
   0.90072918  -4.36866049  -2.98745538][ 21.05039576   3.99219993 -40.6428972  -26.21441088 -20.77579031
  -6.248786    20.6212805  -22.22021796  -4.69061997 -11.56695591
  -0.28404292  -6.52687443  -4.83802175][ 21.13193682   4.96489023 -36.65414293 -23.95826643 -17.124123
  -2.51227015  21.32994101 -16.41522662  -0.40913872  -3.60657268
   5.63443705  -3.85184605   0.3769313 ][ 21.05637291   6.85141463 -27.76528644 -14.99257862 -12.51751067
   5.89313414  24.00877285  -4.57765251  -9.63972839  -0.87477008
   4.91341713  -2.67533177  -2.43940877][ 20.84106628   5.10837716 -36.19421112 -21.33406382 -20.33142467
   0.87512207  26.82953738 -14.17248458 -12.06935914   1.17518624
   0.99125889  -4.33101646  -7.12748221][ 21.01398084   2.19210052 -38.04549852 -28.18040013 -24.50920135
  -2.76561266  18.40266049 -18.18489358 -10.41976952  -3.19464992
   2.39630167  -0.06505302  -8.1337344 ][ 20.85828038   1.79683066 -35.29739827 -25.29547107 -19.82441966
  -1.16825654  21.69479371 -17.26392799  -9.06967821  -4.6128841
   6.49311431   0.92971012  -8.58948766][ 20.82282632   6.83249181 -27.55758659 -17.83913066 -14.34548891
   6.60901073  20.25132145 -14.32679025  -7.73686439  -5.97682001
  12.38121927   0.06601467  -5.97820406][ 20.80282043   5.32492356 -30.96939821 -18.77093553 -14.89684624
   4.46981034  25.66722169 -11.53767214  -8.72943144  -5.80862966
  18.76906047  -4.19310698  -5.83506639][ 20.36407413   2.21538459 -35.86567983 -24.63874774 -28.30756241
  -0.93588596  25.84260896 -16.56165698 -26.28503416  -2.57861167
  13.91556175 -19.43402008 -11.26382714][ 20.22962218   9.03826154 -33.53411565 -16.67038209 -27.73140733
   3.7394452   33.91932117  -8.28452946 -31.87113447  12.90628838
   9.67349967 -11.12890595 -15.58435238][ 19.96903687  11.86688557 -32.91158522 -11.40435195 -20.72455387
   3.20961391  34.54706109 -13.60734918 -17.79149118  10.18689545
   7.95245701  -0.15114038 -11.92960269][ 19.64653118  10.44281265 -32.42483355 -16.35071497 -32.87259753
   2.97082239  33.75446    -19.72185013 -18.38273054   8.91674916
  11.04569906  -5.2492125  -13.17241818][ 19.40261897   8.37751763 -31.86118367 -15.9559817  -41.29438593
   8.66159507  26.38333431 -29.2915092  -14.70041968   3.71482575
   4.20346118  -7.49588663 -21.10653713][ 18.5184943    8.61998315 -24.74483627  -7.53771362 -39.20727056
  24.62716094  18.32514261 -21.31906266  -3.03127072   3.34476795
  15.85483064  -7.59297946 -11.83034672][ 17.42578936   4.11792928 -18.95914447  -3.81888306 -45.44744475
  21.84439551  12.57585852 -19.66035808  -9.2524499    1.52296549
   5.62315884 -14.72499161 -20.10990066][ 16.4741078    3.10541303 -10.7067908   -1.19736702 -41.13788789
  31.6114077   11.58289106 -17.75478806 -14.17429183   3.53785034
  16.13156045 -17.49844632 -14.12072418][ 15.69293743   0.30186156 -10.6387612   -0.62502903 -32.15732106
  34.14858306   2.12433303 -12.27687334 -10.32545825   7.2466882
   6.33870619 -20.0255516  -26.00995889][ 14.99841345   3.81998148  -7.81015536   2.35549944 -40.2379833
  35.43475222   4.05865295  -6.26524764 -16.07997006   9.82959174
   7.47755245 -21.37904802 -19.05820545][ 14.48961461   5.88343463  -9.65538977  -1.66884365 -34.65889788
  32.99259793   1.0526931   -7.15057085 -18.43132464   0.19026592
  13.7038314  -14.54621111 -19.28004577][ 14.03789112   7.87224509 -11.18577502  -5.40611557 -30.78825093
  36.94718551  12.71112003  -0.27656165 -12.33417401   1.37023233
  12.82869332 -12.3429257  -15.16473687][ 13.40990112   8.07180567 -14.3216279  -10.93597101 -24.77943765
  26.84207466  19.58882077   3.46187986  -6.87615543  -2.52190346
  10.67670052 -12.06766064 -18.85109907][ 12.54862986   4.79438545 -16.49622135  -9.01765304 -25.79311386
  21.31171934  13.46315268  -7.1235455  -11.66878498  -3.17118814
   9.77975708  -2.56194514 -15.67616781][ 11.61710229   2.81452503 -16.42370566 -12.80246841 -23.30332637
  11.39267423  11.22262003  -7.29822907 -12.11453368  -1.87562495
   4.20983583  -2.82986339 -15.14916072]