[ 13.35847615 -17.3776481   -5.12927199  15.64847978 -12.03648646
  -5.31765544   1.15658885   4.22211793 -23.24828947  -3.11211405
  -7.05582997  -8.45521804  -1.01672322][ 15.11855263 -31.44088723  -3.22881997  20.70179642  -6.54363978
 -18.94058976  -3.24556356   4.82230833 -17.05766139 -17.93925121
  -1.37442834  -1.65188702  -6.17650704][ 16.55916078 -37.74046569  -2.02524197  19.12924145  -9.34167313
 -17.43719849 -12.41846275   8.81365822 -19.07707693  -8.2756149
  -0.71333429   2.03185125  -5.96276497][ 17.69555949 -44.12994489  -2.32331763  26.56494631  -5.48093142
 -19.34751981  -8.87162728   6.5575144  -15.00996504  -8.5840714
  -2.68932443   0.31546139  -4.25286063][ 18.56391741 -32.59857226  -2.36436671  17.16501482  -6.61778361
 -11.30458319   5.31700345   8.21598651 -11.19062637   0.71065517
   0.43706509  -3.61390574   0.83228741][ 19.27212361 -46.05278193  -1.71240517  21.69480873  -9.54866146
 -17.76682914   3.58386076  15.31332786 -16.48603487   0.98928544
   4.95186607  -0.13626227   3.3572147 ][ 19.75114963 -49.21120966  -4.93141898  17.84608714 -13.46267633
 -18.87940314  -6.97278947   7.52964187 -21.62608014  -5.04217023
  -5.1063952  -14.08397728  -8.16097507][ 20.11859158 -37.09683383   2.33503572  16.82217557 -10.88047554
  -4.48394212   2.49223044  14.25334711 -17.77099377  -0.89574536
   4.68753578  -4.48121614  -4.67164551][ 2.03655105e+01 -5.25106893e+01 -1.02730625e+00  2.38309632e+01
 -8.86690430e+00 -1.13631600e+01  3.72122109e-02  1.17624197e+01
 -1.47577713e+01 -5.92285107e+00 -2.74706965e+00  1.56823969e+00
 -7.99741852e+00][ 2.05327398e+01 -4.71670352e+01  2.68477104e+00  2.08558512e+01
 -6.11354686e+00 -1.11978984e+01 -1.34094636e+00  9.42517583e+00
 -1.52116428e+01 -4.09799049e+00 -8.02470610e+00  2.28650427e-02
 -8.38865278e+00][ 20.5309729  -48.23614924   0.43667551  16.39189803 -10.86108983
  -7.71075046   3.57137114  14.45344616  -3.91731163   1.10492013
  -4.96192006   7.31365394  -6.33999002][ 20.87156007 -44.12492853   4.65417774  18.78454547 -12.80162302
  -7.47548966  -0.24010741   8.51040616 -16.08437615   0.05792686
  -2.39843429   5.45944349 -10.74741082][ 20.88244763 -51.14429373   0.16877254  17.91990268 -13.72858529
 -11.00458554  -5.65901046   7.17990744 -19.36614539  -2.59476017
  -0.77115597   6.1894796   -5.32936035][ 20.99479132 -43.48516326   2.20481086  17.38700221 -10.88133924
  -4.1739593    2.5861099    8.89534914 -15.37662319  -2.89404135
   0.1092639    4.62034038  -6.37902851][ 20.91310903 -48.34746777  -0.85769287  16.90859355 -14.18589665
  -9.21464797  -4.66252586  -1.76182723 -17.87432476  -8.78855342
  -4.69311415   4.44384083  -4.97652809][ 2.05723608e+01 -4.29812384e+01  1.27489931e+00  1.77338008e+01
 -1.17497011e+01 -6.79726252e+00 -3.83989734e-01  8.27554785e+00
 -8.60633457e+00 -1.53662001e+00 -3.66098358e-01  1.03381076e+01
  3.48277767e-03][ 19.96623483 -43.09920885   1.09549272  19.01443641 -13.39251918
  -8.64856303   6.34789147   5.89024523 -12.70561463   1.44573624
   3.26748803  -0.05078272  -5.92187822][ 18.73424256 -26.04396317  13.03655944  29.99049749  -1.05172794
 -14.92313237  -6.96435489   2.45155122 -19.23704804 -12.85520733
  -3.04285305  -4.11410844 -15.12732797][ 19.36490493  -3.87461696 -11.34236708  27.59012685  -7.29395431
 -34.2517779  -23.86710113  -8.26339854 -15.93893376 -10.63621211
  -9.70881148   8.95553088  -5.09352605][ 20.01166747   3.29897454 -20.98990613  29.11356582 -10.44889244
 -49.33665614 -18.34379155 -18.41776541  -9.77970401  -4.80452746
 -15.68862473  13.16700584  -5.1253038 ][ 20.41602008   4.78231476 -22.78791766  28.76212806 -10.55593007
 -48.28676404 -10.19094633 -11.17021944   2.39591234   2.72936711
  -9.55428176   9.56794235  -1.8355976 ][ 20.93155548   7.08949371 -29.84363212  26.79633528  -4.97988875
 -52.79081961  -8.15463721 -11.72455238   6.8854575   15.67460433
 -12.93344477  10.6864037   -6.85999953][ 21.22400834   5.59836154 -36.04917676  14.80174322  -3.93585827
 -60.3686006   -9.42316581 -12.77279651   6.7871001   12.96110316
 -17.60551522   0.8884604  -15.65592521][ 21.74983512   3.39440929 -32.46606788  10.57894564   1.78382781
 -47.64649391  -6.46760271   3.95544149   8.9035171   20.50938923
  -9.06555713  -4.91401176  -5.11016724][ 21.78342285  -2.98713848 -31.39944339   5.98981999  -9.73004966
 -43.82696564 -18.5688036   -0.39506684   9.04057035  16.99736403
  -2.58295035 -10.06354118  -8.76183685][ 21.71866625   1.98372681 -33.76806657   9.82801322  -5.2752843
 -46.47523081  -6.46579268  -3.8219337   11.01648748  19.53958478
  -5.78109822  -9.45924198 -10.85666855][ 21.61519021   5.63526214 -40.66100077   9.14555522 -14.13068474
 -52.56791682  -4.04247638 -14.15003357   9.0620022   13.18507292
  -7.52390794  -8.97744381 -14.76759652][ 21.28445488   4.3650733  -26.80268989  14.95769298  -9.01801894
 -43.08780428  -1.84740931 -12.95592981  11.11612634  26.04929352
   3.97470831  -4.55424896  -7.99622428][ 20.95900645   4.81090604 -28.09146331  12.79351148 -10.83149081
 -45.50522244   9.6210237  -19.80847072  13.85341913  22.97994588
   1.7601637   -3.93219145 -19.43449688][ 20.51837491   4.07426342 -19.23046826  20.40128613  -8.39199187
 -49.28169296  -0.30546957 -26.64487714  15.07805833  29.25529742
   0.88888117  -0.23736611 -15.31961151][ 19.3644851    5.21710329 -22.22385937  10.5887733  -20.64238776
 -42.73217457 -12.80695917 -29.6146019    9.63330524  14.53688745
 -14.07426915 -14.21766708 -16.69163481][ 18.24875015   8.56704789 -16.2424952   10.58799079  -6.95364863
 -42.18648455 -19.06832177  -9.55724459  10.21490483  23.61471178
 -12.55999055 -20.24077225 -10.81692467][ 17.4641088   17.37074821 -24.14138204  18.40044343  -4.01782857
 -45.11750096 -19.14128379 -22.21329135   4.94003043  17.37983845
  -7.31002491 -20.16990793 -26.84853069][ 16.87760722  14.41690558 -16.32086888  19.52812126  -4.54759947
 -38.81047185  -7.67992698 -10.45363699   5.52191255  18.35189313
  -7.96043829 -29.09534652 -24.10012016][ 16.25669488  15.49935411 -13.64996856  18.55920473  -5.76717343
 -33.49851804  -8.11454616 -12.08763259   2.90774352  14.52662941
 -12.41405792 -22.36150791 -24.36956502][ 15.45348664  14.62473711  -2.56347336  23.78191865  -4.81216647
 -33.54970526 -12.3682424   -9.09940277  10.64148189  13.27139232
 -16.95045498 -16.47604702 -16.2814139 ][ 14.82001888  13.36399878  -2.88506976  23.38109251   0.61641084
 -29.84778096 -12.73881003  -9.64281903  -2.64034625   5.30056323
 -14.09657384 -15.34117368 -11.48392154][ 17.99445286  -7.10349053  -3.13776162  23.69231671  -8.42896112
 -10.89299941 -12.62228468 -15.93684988 -22.16228333   7.28019766
 -13.4076384  -19.55889672   6.35050756][ 19.44863529  -3.55266599 -17.8710752    9.06855991  -7.72541684
 -19.79354763 -16.04462708 -21.41077301 -19.69194288   3.78285958
  -8.62555451  -7.14743802  -0.05785611][ 20.52560003  -2.1437027  -21.8019329   11.07305772  -5.92075316
 -40.69978508  -5.43044182 -33.03343117   1.09057911  16.17374444
  -7.72745898  -3.26047479 -10.61399904][ 21.24528042  -3.98947592 -28.77994906   7.33469045 -15.00786273
 -44.89555418  -3.39791376 -36.27263114   6.79373991  14.25341032
  -9.87541962 -11.11118467 -18.48786713][ 21.65343541  -5.13501281 -31.26755904   3.70978655 -18.87955693
 -33.72837316  -3.64323875 -23.78511653   6.53537533  16.06519147
  -6.0185656  -11.99974014 -17.46042261][ 21.95873766  -3.57895946 -31.2807475    5.9574631  -15.80749329
 -36.95409447   4.35170189 -20.66016839  14.84045046  27.40108263
  -6.32499112  -9.14954056 -18.96841082][ 21.87732573  -2.94284499 -30.71335364   4.89237834 -12.76698769
 -40.28904395   1.41100514 -18.14797873   9.81245192  33.5889343
  -9.83002888  -8.4568788  -15.13653394][ 21.97232701  -3.54906539 -28.34466187   2.69415747 -11.06371118
 -37.82940501  -0.52713985 -16.63747183   6.10553971  26.74359995
  -6.02213166  -7.99712792 -10.3310419 ][ 21.82323526  -2.58592396 -26.87293067   4.19957042 -13.06252866
 -34.37214201  -0.04500242 -12.61408873  10.76391212  28.55360628
  -3.16369431 -13.06767416 -13.49165058][ 21.76140792  -2.19172147 -28.09142819   3.64909481 -10.34934186
 -36.19564429   2.07148941 -12.26653758   7.49101416  32.40052214
  -3.92085135 -14.33357318 -14.68953013][ 21.81715205  -2.88427216 -32.18505077  -1.02063765 -15.77873136
 -40.3267567   -3.70330757 -16.09181956  -0.36045818  24.88427799
  -7.23938757 -16.97014766 -13.74508645][ 21.70508567  -1.35211195 -33.36698111   2.33238797 -14.78383944
 -36.91049432   3.73667585 -18.15801823   7.1270593   25.6614
  -7.33347143 -17.1130954  -18.93727771][ 21.60195353  -1.77598209 -35.87770191   4.64211968 -13.70299771
 -35.39780612   8.06325327 -22.25877973   8.38115708  26.28406848
  -6.65760725 -12.18077842 -20.14637772][ 21.48332598   4.25618897 -36.4283293   11.19730011 -12.89086824
 -36.65545398  10.34124173 -26.14431302   8.27035739  26.07233111
  -9.06091175  -3.00055779 -22.99580666][ 20.94237692   3.89962179 -32.79094863  12.16863119  -8.93783044
 -30.8528997   11.4850501  -26.69992302   6.79885281  30.59966564
  -7.24996314  -1.19118112 -21.32766396][ 20.14692036   1.86355456 -35.79515489   4.88789485 -19.18204439
 -31.98393976  -0.89010497 -36.84148879  -7.34862815  10.64483282
 -13.27299584 -11.18487372 -33.303013  ][ 19.45622101   6.7544839  -33.35863538  10.87692415 -15.65064392
 -28.7392135   15.14863857 -38.84779352 -12.11495339   9.743523
 -12.04012177  -9.79243696 -29.29166045][ 17.63729224  13.79729548 -28.50006424  12.44607378  -9.23782012
 -18.78135067   4.63014837 -46.0686422   -2.52814159  10.37073993
  -9.65135271 -18.17255181 -25.2642584 ][ 16.80212608  13.51485912 -18.14558075   8.30044679  -1.55306309
 -13.3910739   -4.56675058 -33.89909357   0.27120761   2.38577882
 -13.5672463  -23.51401595 -26.421758  ][ 16.63303128  11.68299185 -15.53683693   7.74945224  -0.08336209
 -12.57182286 -11.02968192 -35.52775702  -9.35302238  -3.69071896
  -9.40863078 -22.36244987 -25.31103868][ 16.31684578  11.4863539  -13.50728146  11.9690542    1.22595131
  -8.73881031  -3.2166515  -35.21847801 -14.0635331   -9.30272185
  -2.96608158 -14.14144707 -32.22697362][ 16.29154851   9.97317835 -11.97213367   9.39825644   2.67287643
  -3.81413659  -7.16632844 -35.68799033 -15.51509804 -15.71176519
  -3.46803711 -15.15115994 -36.69595864][ 16.38825266   9.12869683 -12.46794198   9.35409126   1.15566092
  -4.97137317 -11.56974774 -43.02743472 -17.30443098 -13.95138469
   1.87559629 -14.57050759 -33.67578108][ 16.113793    10.53470121 -11.36432267  12.02348799   2.7565099
  -1.01058406  -7.37898552 -35.30204703 -12.45471458 -11.0464845
   2.22991541 -15.50413349 -24.64793281][ 15.94416082   8.6653733   -6.20909294  14.8448518   -1.19762999
   9.2971741   -6.55701685 -35.55347784 -14.85676864 -10.96492761
   0.38784309 -15.25217111 -21.13940806][ 15.74897904   8.28246863  -3.73062553  13.96891298  -5.34352865
  11.33744383  -2.98113455 -33.48535784 -13.74115198 -12.33082031
  -5.21422926  -5.18211527 -15.35351845][ 15.5624072    6.66954211  -3.73893175  13.7930763  -14.4440703
  15.76800377  -3.62657636 -27.87347759 -16.76248227  -1.88008935
  -8.91164362  -3.48388295 -13.69778047][ 15.47228951   2.52340994   0.25766584  13.48803748 -14.44276232
  20.50088779   0.50305366 -23.9609431  -18.46032965   5.70737259
  -6.23268697  -6.8521875  -15.02686068][ 15.19593248   1.72747381   0.66319289  11.918776   -12.19420665
  22.47624263   0.56664901 -20.07070819 -15.93427587   8.30023308
  -9.96113066 -16.2796594  -17.93953533][ 14.71379637  -1.97268339   0.50104011  13.23403983  -5.92793135
  28.98187088   8.71912509 -12.75782371  -5.40562938  19.13975795
  -8.19559957 -22.7802658  -17.45555087][ 13.88926503   3.9191331   -0.72479178  10.37080865   1.8483213
  19.10908822   2.85290144 -15.21887379  -2.2624426   17.37334706
  -5.17445827 -17.02476846 -18.24859556][ 13.33312699   1.08200143   2.03721605   5.19207199  -4.48364392
  19.00527154   0.11699293 -18.29951325  -7.57260964  15.34166243
  -8.75799942 -16.85124331 -19.54008742]