[ 15.20656959 -15.01570801 -28.30032149  14.23023972   4.44612747
   6.09089688 -19.93246498  13.45425652 -11.87378718  -6.63507583
  -0.68213481   7.3943713    3.53535707][ 18.73438198 -37.132094   -15.76310039   5.44293397  -1.72108015
   7.04179646 -27.09741341  13.21202187 -16.91847574   7.54912963
 -11.08426343   1.12777183   8.12018202][ 20.22438803 -40.91134247  -7.59604941  12.01886327  -5.48091372
   0.09330912 -15.99230072   2.70791223 -12.7693807   19.04908194
 -10.37690564  -1.41772542   5.09371669][ 20.98661454 -48.96975948  -6.97474605  10.45711931 -14.17466129
   1.9006542  -11.20161919   7.22684913 -12.08055805  21.45825521
  -5.08430908  -6.23845584   6.46257217][ 21.3220962  -43.58897408   1.61921398  15.150121   -17.22345589
   6.71648998  -7.33387295   8.99513009 -12.56257706  15.93289948
  -8.03059742  -9.196958     2.72813352][ 21.52477059 -39.24178017   7.19578418   7.91213555 -15.26076073
   6.69636241  -8.44157512   4.05720254 -11.00425349   8.8753062
 -11.8771315    0.50110463  -1.26002324][ 21.33248296 -39.31275693   8.48196137   7.28801855 -12.06200594
   7.38583958  -8.49808838   2.41898269 -10.53945024   8.06726046
  -9.81885619  -1.68155303   0.78899665][ 20.70073855 -50.417367     9.21891688  11.97168702  -2.81388672
   5.92950611 -10.73245792  13.06164315   5.23238993  10.3634203
  -7.22675536   2.48758715  11.62575551][ 19.27527364 -42.49993292  12.04021564   9.82001838  -1.87167137
  14.15061994 -10.44439613  11.83760771  -3.31057014   6.04703854
  -2.06623295   0.83885502  12.25870531][ 16.45914315 -32.0126285    8.02440132  10.77530892  -2.51391232
  18.27492129   0.46651658  -0.79625796  -5.01230984   7.78776469
  -6.79350812   5.59122151   6.81338364][ 15.6266939  -32.05920417   8.65175115  10.70426384  -3.76910991
   4.13245596 -12.31389678  -3.22416887  -3.29181675   5.70612892
 -19.62638806  -7.33636955   1.36863616][ 14.55127013 -26.14799448   5.2853781   12.55985456  -5.92109167
   6.90759016 -10.35894407  -0.80828201  -4.38573906   7.14855858
 -18.84895619 -10.55707188   1.14589853][ 14.0762244  -23.08053831   7.24870977  10.35586228  -8.22351354
   2.69674343  -7.04644917   5.78390499  -6.9985017    5.97047409
 -12.27417257 -10.04666662  -1.26985543][ 13.46480623 -18.79368343   6.47571494   9.71766673  -7.14459844
   0.90689084  -4.29455022   7.15277968  -4.62685952   4.71038374
 -21.87010022  -9.74035495   1.21007536][ 12.96007641 -16.78619289   3.58226139   9.45143575  -6.42004753
   0.9831565   -3.42986221   2.02373577  -2.24767522  -0.58177431
 -26.96628265  -5.74096845  -3.75288357][ 1.26726981e+01 -1.67093449e+01  4.16221868e+00  1.32095554e+01
 -3.06955823e+00  7.12488943e+00 -3.70126620e+00  5.94989587e+00
 -6.19597431e-01  7.78101317e-03 -1.99505203e+01 -8.25121707e+00
 -9.00775465e+00][ 17.958981   -28.44479626 -11.64136204   1.21968753 -11.97960723
  -5.85041554  -3.80556572  12.80593583 -13.84891341  -3.6361454
  -2.44390491  -4.41114845  -5.5616328 ][ 18.8745757  -10.07317915  -7.35306324   3.07877042 -11.92827773
 -18.08233772 -31.70630688 -18.06155647 -16.54487969   6.53006748
  -8.19970454 -17.97760334 -16.31287317][ 19.95826045  -3.80831609 -17.54952466   0.72948046  -6.24811108
 -34.7329464  -17.8332751  -18.71090655  -8.14865925  16.78148351
  -4.88590253 -15.03506226  -6.58379093][ 20.58617857  -0.29305595 -17.56405532   3.51628314  -7.6045855
 -29.7444011  -11.6105461  -15.2914892    5.1882485   16.17071094
  -0.68216374 -14.23907552  -8.95077768][ 21.38096237  -0.11564933 -32.23834906   2.5989319   -9.69381313
 -49.36112231  -6.13169527 -28.39893581   4.85393371  15.83571305
  -9.63138112 -18.33598041 -11.51115741][ 21.72176264  -1.42647988 -31.16252994   5.49165326  -9.4691454
 -45.71327162  -5.17812835 -20.92231032  10.90767985  25.52100394
  -6.47170694 -10.59609179 -12.04517202][ 21.92832611  -1.52538503 -34.40814814   0.3856537  -11.7762935
 -47.66651478  -4.98141275 -17.20010334   5.60406504  23.55743568
 -13.47285381 -12.44606484 -16.88806041][ 21.8875983    0.15731894 -33.25133981   2.4723671   -9.43299343
 -49.59659853  -1.84126618 -17.03987175   5.06244341  26.67900297
 -12.1960221   -7.98270723 -16.69170485][ 21.99427231   1.23235481 -32.64532479   5.63330266  -6.59850718
 -44.93335795   3.03208903 -10.27463595  11.52837236  24.44026403
  -8.81502955  -4.67339313 -16.41539192][ 21.90748322  -3.20976063 -31.58594776   4.10299388 -15.76379269
 -42.84208567 -11.48504695 -10.91090851   8.34522053  13.04507922
  -2.7952954  -15.07593579 -12.44045016][ 21.93284922   2.95679903 -33.32358113   9.62976849  -9.65142013
 -42.16716131  -2.73741092  -8.8456554   11.42970938  17.49428332
 -11.9813522   -4.31494611 -16.56904557][ 21.91824952   5.02300405 -31.31250806  14.68842967  -5.70123662
 -42.31275407   0.50390316 -12.89725332  17.70907289  18.67629458
  -2.91685734  -0.84348934 -12.96110206][ 21.87355498   2.03786384 -33.58526518   6.52128315  -8.43007248
 -48.01477338  -2.79394316 -16.1274482   12.72108221   7.49736829
 -10.12308876  -8.20464904 -17.67395322][ 21.88226199   0.79647384 -36.07621573   3.07328342  -7.92369247
 -52.8126012   -0.32988731 -21.14478105  15.43227702   9.41318644
  -5.42520246  -6.38021802 -16.39421758][ 21.71140936  -0.04911731 -29.95570561   2.60050703  -8.03319502
 -44.21116277  -2.29671892 -13.2955226   10.65424714  10.71632272
  -4.07927769  -8.30998179 -12.32916187][ 21.79671597   1.42030168 -33.10359226   4.13118233  -4.48136123
 -48.62108626   2.74354283 -17.58477077  17.32564665  15.3898119
  -1.6353856   -4.09039079 -10.00445402][ 21.54421845   3.35625399 -31.7984339    4.7096452   -2.14702756
 -50.29830151   1.22872723 -21.56141868  22.49697533  16.28752585
  -2.03062574  -3.7003774  -13.09378426][ 21.43656738   3.79804703 -35.37685205   1.20704272  -1.35087878
 -57.0470728   -1.88988381 -26.85664851  15.42306793   6.23737076
 -10.60090901 -13.34276032 -16.41514977][ 20.77703448   7.16411118 -33.13568753   5.80903057   6.88360514
 -55.24735974  -1.44941467 -26.24521215   7.17171171  13.47403899
  -6.46879702 -18.03940857  -9.89630004][ 19.7445323    2.19866341 -21.85374699  14.37106401   4.69545436
 -34.4779302   -4.33325284 -16.28001234  -7.4716316   12.22274173
 -11.1023538  -17.03449291  -6.45305899][ 19.80448124   4.73563844 -27.21920011  25.85937506  -1.01211685
 -37.52836745  -8.14876471 -41.21851247  -4.40518759   7.22428465
 -11.54126999 -11.49994045   2.0370514 ][ 20.37622671   6.42047267 -32.50296794  26.71303375  -6.18851487
 -43.29990169  -9.37587661 -45.89940983   2.66903232   0.20111837
  -8.57028936 -10.62151619   2.1059232 ][ 20.92150014   7.57640685 -33.57700052  29.13358003  -6.21775787
 -41.5481625   -8.12164687 -41.65658529  12.78953144  -3.84452046
  -4.37937592  -5.98159791   5.05693873][ 21.15704471   7.13978376 -35.85096058  32.09350617 -10.05550831
 -40.07501664  -7.28527517 -35.45309096  20.94152728  -0.64379378
  -2.35873147  -2.03421532   4.59344279][ 21.26601071   5.89496086 -38.45316906  30.00405933 -14.64158863
 -43.74908434 -15.46861225 -34.72760469   6.77325305  -8.20019973
 -14.71611605  -2.27789135  -7.64176721][ 21.2455094    0.83015094 -29.11765836  25.89228073 -10.49916839
 -43.04691989 -14.74753182 -19.88341441   4.61970615   5.40325745
  -9.34319991   4.72777635  -0.30837384][ 21.09564887   3.97661999 -30.29943745  26.44380914 -13.64353558
 -37.60525306 -14.99746536 -17.66226156   4.96411467  -4.51897958
  -4.14355723   1.82150843  -3.44267507][ 21.207087     3.16759674 -33.56462247  26.20802061 -15.70082087
 -46.88195961 -13.5254279  -22.88831448   6.76767621 -11.19604703
  -2.36022529   5.02717602  -2.38203235][ 21.17396021   5.82384596 -28.13756622  31.70901025  -7.53584845
 -41.98873022  -3.65919587 -16.30837271  17.27664174  -6.65699262
   0.3525842   11.30480355   0.63882406][ 21.38621605   2.67659213 -29.99315997  26.98995566  -7.79160201
 -47.89531046  -8.03556246 -20.5539584    8.74337178  -5.41544224
  -5.45862858  13.92267326  -0.2428644 ][ 21.29356688   0.70779089 -30.96835112  22.26574491 -13.23611093
 -50.26423051 -11.33399627 -23.03647511   7.04645694  -6.30751894
 -12.1727363   10.42378106  -7.07706564][ 21.5315173    0.84237564 -29.16636453  24.68480011  -7.76512149
 -47.16200074  -8.20465435 -18.49871133   7.19331818  -4.27071601
 -11.58425535  13.32186803  -0.88974116][ 21.4840438    1.00251191 -29.32237135  25.37039986 -10.55068441
 -46.7373239   -8.38342365 -15.14730995  11.60671131  -1.11014188
 -11.5366768   13.50010129  -2.48469492][ 21.5572626    1.43672096 -30.69011475  26.12786904  -9.96314383
 -48.05485847 -10.9488964  -22.03993662  10.70573031 -12.76182824
 -11.81188108  11.93270119  -7.9090115 ][ 21.63303393  -2.57372927 -30.56667896  20.841776   -11.69044484
 -44.8826464  -11.56370884 -17.8563764   10.23607338  -6.23622389
 -10.99894181  11.51019429  -5.08621061][ 21.67736787  -0.62748227 -31.09227235  23.8994246   -7.78746036
 -50.08904239  -4.6198255  -20.88965714  13.17595033  -7.5575389
 -15.65315724  15.3934823   -7.70572678][ 21.93058306  -5.48870422 -32.29721745  22.89984159  -9.5985155
 -52.76094774  -6.53167441 -22.87806146   7.10284108  -9.74956712
 -16.82956291  12.15169779  -8.33885487][ 22.00394683  -8.02256782 -26.59853838  30.35832579 -11.14736368
 -42.04474677  -3.83172342 -12.47720714   9.94061607 -11.75614603
 -11.88208365  11.18098601  -6.40231115][ 22.17551052  -9.79520974 -30.80780461  33.02628901 -15.37603638
 -44.58733183  -5.64773849 -18.51216063  12.61823505 -15.17280893
 -12.34649779   8.91122523 -10.67526063][ 21.58033272  -5.46671559 -27.55094563  35.96253378 -12.40966979
 -26.90860533  -1.33695191 -13.6785933   17.50942115 -13.13215395
  -3.79249047   8.82799686  -2.6254907 ][ 21.13875343  -9.34243899 -24.49772464  33.90995176 -20.35207921
 -29.66196281  -7.01172345 -17.99744209  14.91340104 -27.76183919
  -7.62588152   0.19024274  -8.54592   ][ 20.12340523  -8.65642397 -15.96323762  37.33569482 -12.31472297
 -22.65544066  -7.54696646 -14.34094465  22.90439028 -27.07379989
   2.82735745  -3.00818221 -10.64100744][ 18.8850402   -7.85772077 -12.9655895   33.97092403  -7.8216896
 -24.50369897 -16.046438    -9.32914412  19.37981016 -39.66223917
  -5.63525667 -13.85781525  -8.75861644][ 18.22487818  -4.80043343 -13.77813958  33.04013566 -11.19986602
 -22.91575787 -10.76912324 -12.17520963  23.73259381 -37.46059359
  -2.24887189 -10.79677639  -4.09422144][ 17.25389119  -5.39099647 -10.60900934  33.74676428  -6.50200334
 -17.60369834 -11.94052395  -3.29462576  29.29927559 -19.84006811
  -7.13059649  -5.04056373 -12.60159604][ 16.36940101  -4.22617605  -9.93157854  32.49038918  -2.68826936
 -11.28512849 -11.9437651   -3.26851353  28.80202898  -7.926674
 -12.19006259  -5.33945679 -10.85977428][ 15.62917417  -5.40419468  -6.66334437  34.82710697 -11.36634311
 -13.28797755 -15.69195213  -0.96963703  15.65566379 -10.12528609
  -8.47859273  -0.54054834  -5.52944458][ 15.16838505  -7.30536898 -13.29881806  24.71860025 -12.7589769
 -19.14756757 -16.13614451  -0.43778112   4.13794573  -8.68430365
   1.59469645  -0.65955026  -3.28588746][ 14.75852329  -8.26425851 -17.04211488  22.62476    -14.44463952
 -23.26756745 -16.94276845  10.85880435  13.716944    -2.95940858
   6.79125786   9.73493356  -3.01382705][ 14.25500662  -9.9693868  -16.97690867  22.22724267 -12.8766203
 -24.1678907  -24.97567338   5.7500898    9.88898698  -2.18022124
  -0.31251705   4.25967815  -6.22780982][ 13.52416876  -7.35859548 -15.96055126  19.83551762 -18.4513621
 -24.62083356 -21.46935332  -1.46722052   7.58866127  -4.97405681
  -7.7765337   -2.94152321 -12.30251716]