[11.52631949  3.74467025 10.34814691  9.36295244  0.73419508 -4.4517966
 -4.50358985  1.20382609 -4.09601939 -7.89340274 -8.90393108 -4.20291782
 -7.06230668][ 12.84205806   9.068042    15.16027425  13.64296861   3.51794916
  -5.76912369 -13.82708695  -9.25847628 -19.96697013 -11.25439582
 -15.95587725  -7.55250804 -14.34381352][ 13.83155976   9.25721766  18.59699594   7.39831894  11.76944259
  -9.80539813 -14.36505579 -19.95231645 -16.83026539   8.96393261
 -13.37134362  -5.71639516 -28.0110488 ][ 14.59662415   9.49271476  16.66593543   3.22102593  12.02919958
  -8.4675134   -6.76456145 -20.65651229 -20.31667929   3.9427618
 -14.47550358   1.23585332 -28.99543457][ 15.28357039   3.278651    23.90550592  -2.21629565  11.97629156
 -10.86546466 -14.20968032 -11.90002096 -23.10619038  11.24889909
 -13.69845246  -3.75820554 -25.10372034][ 16.53813759  -3.88933171  35.57385113  -5.11390736  13.6397904
 -13.97733586 -16.85739759 -16.86956887 -27.33723318  14.40558428
 -16.11495982   2.44842608 -36.19753035][ 16.85685183  -7.05939144  37.41461867  -5.58122934  11.75311136
  -7.38257474 -14.79883213 -12.72182465 -22.06314921  12.52293996
  -9.14085646  -1.53856713 -21.69628468][ 17.45145445 -11.79444659  38.75973215  -4.33639817  13.14271273
  -1.67873601 -16.02926535  -8.83851267 -21.25346987  14.94205144
  -6.50305531  -4.8339579  -19.70408542][ 17.92026596 -14.5255094   41.80037789  -8.19150816  11.38727227
   3.93411366 -15.32101589  -1.73331102 -22.92072728  18.30396348
  -4.62868763  -8.66855522 -19.82041327][ 18.33586694 -18.55722044  41.5214759   -7.93236452  13.30024921
   2.96346458 -18.97347551   8.80720346 -20.25735256  20.56575911
  -2.45586384 -11.10497132 -17.46804767][ 18.69154743 -21.79169898  37.95258088  -9.9415385   16.65968027
   6.85579704  -9.36543824  14.72447388 -18.48117045   8.31913534
  -8.77472686 -11.73364245 -11.58512912][ 18.92759979 -24.20066631  38.34592558  -7.95884805  19.40203298
   0.70942845  -6.0974254   13.13365314 -13.60619265   9.44118608
  -7.92376913 -12.26174765  -9.22804358][ 19.52269816 -26.50410016  34.788777    -7.65742308  18.4403895
  -0.76845485  -5.0753462   17.12667144 -13.41075049   4.67312038
  -6.75738456  -2.85444343 -10.83116228][ 19.58598955 -24.94672767  31.39287016  -8.61030946  14.3674517
  -3.17471094 -10.10210339   1.18041788 -27.25819255   4.71037342
  -5.25488501   3.23914131  -4.65701465][ 19.27973632 -18.06886737  24.70228741  -5.86077552   7.62172327
 -12.4703924  -18.55282962 -12.17865176 -36.93445999  12.37818333
  -3.19112736  -5.88244897  -9.20606454][ 18.78899246  -8.16796297   7.27990923  -3.79063914  10.7313993
 -18.561833   -17.8953473  -26.89641549 -18.42250143  19.16729069
   0.15887041  -6.56300884   0.15308512][ 19.53759022   0.42888036  -7.25075595   4.58131562   3.62595427
 -17.90654099  -7.506781   -29.45689008  -0.39984566  23.41494446
   0.48354828 -11.70933593  -3.24566247][ 20.65077229   2.04814921 -24.53741202   1.18897977  -7.40370051
 -28.02249081 -10.49780485 -35.25899342   4.36707441  21.54878399
  -2.06644606 -17.29175718 -12.74961835][ 21.17549324   1.73327443 -29.42051931  -0.07958728 -10.77675312
 -27.08111306 -12.10154977 -29.06351337  14.44140496  15.83526158
   0.1280469  -24.64610349 -12.83653448][ 21.2596754    2.80518882 -26.98323524   2.88729142 -10.05291451
 -22.65863615  -6.57401092 -18.75369601  23.02768771  18.95054327
  -0.66018797 -18.93937702 -13.29956681][ 2.13594818e+01  3.46706390e+00 -2.32390132e+01  3.44802924e+00
 -7.71094816e+00 -2.66815054e+01  2.58383618e-02 -1.37248337e+01
  2.32668548e+01  2.16893866e+01 -4.33807774e+00 -8.62784950e+00
 -1.15013235e+01][ 21.10437771  -2.27936893 -26.65146709  -4.39752152 -17.30800624
 -31.4970789   -8.39404654 -14.68922875  15.71779876  13.86170844
  -9.51887539 -18.31233    -15.35763031][ 20.97697944   0.70859258 -22.44351543  -1.3975408   -8.32233626
 -27.78592334  -4.58672313  -7.73522971  18.26655471  20.17082644
  -2.80567073 -14.91168253  -9.32389538][ 20.90338226   0.88536999 -25.74386949  -4.55937008  -7.12807554
 -26.40534666  -4.38289813  -5.32555813  19.43450102  21.25010928
  -5.9210579  -14.85709117  -7.70860143][ 20.59565986   3.2891658  -35.99640108  -7.81036848 -12.53153534
 -36.87195053  -3.94256292 -26.42078746  13.91536519   9.43332458
 -19.92607384 -15.3924097  -22.75800194][ 20.49760937   6.97291424 -29.28862676   3.34726679  -5.83441795
 -25.76165243   5.51203954 -20.2465565   25.45149901  16.15621572
 -12.0458077   -2.92150065 -19.3720364 ][ 20.71522707   5.62670711 -31.55017279   1.55214089  -6.46125405
 -27.80056371   5.52442785 -21.60753177  24.59682681  22.03970647
 -15.05940603   0.80595587 -22.23651601][ 20.73326447  -2.78118343 -28.82827816  -7.5975622  -11.62290985
 -25.02128965 -12.99389338 -22.37883342  11.00119909  20.28260366
 -20.98582152 -12.0270989  -21.17418343][ 20.84966328  -0.49708026 -20.98032427  -3.06633172  -1.10399569
 -18.91742294  -6.60568997 -18.50534231  18.52227953  29.27313652
 -11.34877955  -9.35683747 -13.77235722][ 20.87922535  -0.3084321  -23.44616758  -6.74384877  -0.28236402
 -26.79381945  -6.06553348 -22.92972708  13.36064098  32.73724089
 -11.27203694  -5.36446852 -13.04003773][ 20.40020417   3.41027186 -27.90345162  -1.76379167   1.71448703
 -31.25388455  -0.61294861 -36.07006283  15.66830013  23.32294855
  -7.36371432   1.90196646 -15.51315987][ 19.92539019   3.57072286 -27.55523822   2.61304603   0.13516077
 -26.3600493   -1.5417747  -38.3324525    8.34791793  12.55582286
   1.56539949   5.28533775 -15.47149909][ 20.06055442   4.97025043 -29.42137379   1.36313697   3.30117002
 -20.85650573  -5.67334254 -37.08862938   5.16888792   8.86935759
   3.59422595  10.74432065 -14.47306114][ 20.55895532   5.63503896 -36.04364016  -9.1736219   -5.37849531
 -34.73434846  -3.15798853 -46.49072657  10.33103312   2.52771459
  -1.29524698   3.41188479 -34.6463135 ][ 21.13272987   3.28571939 -30.63111628  -5.74967922  -7.33243893
 -23.72315765   5.62012938 -25.4043525    8.34203893  15.23654625
  14.64998901  -5.38913341 -23.67121076][ 21.23473946  -2.02519647 -32.38856102 -12.92165796 -21.47813356
 -25.75928232   2.10026725 -28.77718368  -4.2594879   15.53738752
  14.32670563 -11.59238602 -34.47172414][ 21.10720178  -2.51941193 -28.4950798  -10.53635313 -26.38724398
 -20.40256167  13.46151819 -21.63322247 -13.22473325  20.08662418
  13.33062016 -14.68203633 -35.00700077][ 21.29570003  -2.24867258 -24.97729629  -7.51865867 -28.45491341
 -18.28298487  15.31749012 -11.14383405 -16.06034863  17.25646497
  14.55745069  -3.44834135 -16.46954119][ 21.37023117  -0.90518465 -22.17012684  -5.52175993 -27.69527724
 -12.89175183  25.15587977  -8.07301174 -16.41393453  22.16689818
  19.50633561  -1.66629101 -14.87402146][ 21.27004978   0.59387857 -21.30340259  -6.3103286  -27.59729585
 -12.26363811  26.30726783  -7.07481422 -12.36763172  17.28788424
  15.36526392  -0.77081859 -14.88496348][ 21.20229581   4.36504162 -23.0434551  -10.06476336 -29.33966677
 -13.59223415  23.98237411  -8.41753353  -8.38582103  18.86390411
  10.14177221   0.46353812 -11.46144876][ 21.00520805   7.77742426 -25.97169076 -12.38277771 -25.61875934
 -20.6053291   26.34458029 -14.544506    -5.06379764  19.9527298
   8.27192355   4.68433802 -18.54462081][ 20.98774014   6.34707439 -20.8803154  -11.08731053 -31.35767962
 -15.38176495  31.75315647 -10.86998511 -10.18142752  20.90179299
  10.18822385   3.55797969 -18.74751514][ 21.06845761   6.62780052 -19.42628907 -12.07307603 -32.89700706
 -18.3773537   33.60820707  -8.97423021 -15.40927942  17.6467314
   9.84179854   5.87334383 -15.00147746][ 20.78309009   9.3190548  -21.13175562 -10.64895708 -31.21060447
 -18.15723621  33.51305196 -11.99484003  -9.35437221   6.35460168
  14.1939138    5.24418909  -9.02157723][ 20.52414855   9.83922499 -20.71584847 -14.73019865 -33.06218676
 -21.96270063  43.10201808 -13.61208075 -13.19144468   6.64747152
   7.75678092   3.8277059  -12.08088847][ 20.35389408  11.47552577 -15.87810218 -15.32785996 -30.47934316
 -21.80243217  54.59763731 -18.36809141  -7.6423073    4.24127644
   1.30581355  12.87614093  -9.46129995][ 20.0043019   11.49106788 -11.42902241 -11.93867482 -31.40283716
 -16.21239047  54.4825681  -25.3002589   -2.83031514  -7.99517868
  -3.87829758  20.4091876   -3.59405802][ 19.80962682   8.197631   -12.00711207 -11.85520343 -42.78408449
 -15.74935523  54.67204329 -32.06621583  -7.56867187 -10.81501211
 -11.77560025  12.57369456  -7.13833521][ 19.46604101   7.81643261 -12.32169347  -2.63458767 -50.02292983
  -7.08958453  51.76027361 -24.56001063  -5.11043534  -7.4608813
  -9.9489112   10.54256775 -10.54546176][ 18.38178448   5.62812978 -15.92345708   6.79838502 -50.95011264
  -3.58263869  31.3516904  -20.41185353 -11.90965615  -3.37838424
 -21.99334744   1.48218421 -22.1826742 ][ 16.86238779   6.05635512  -3.21668054   7.27641735 -43.62403278
   9.54218545  35.27148795 -11.99844023 -10.45338093   4.54881025
 -15.29539493  -9.59302194 -12.79096042][ 16.10553483   6.95626548  -4.81225973  -1.60369212 -39.21051085
   9.95929402  27.83902818  -4.54887992 -14.31746381  10.82111276
 -21.78018374 -17.77659151 -19.1261066 ][ 15.38150847   4.57845689   1.82455355  -5.14779551 -41.5917697
   4.92189085  21.42231413   9.86203595 -12.10062135   4.76571252
 -15.70509915  -6.26419924 -18.95321173][ 14.87743432   3.79063968   2.56839244  -6.2787209  -42.99078498
   4.64987226  13.06091161   3.16156089 -22.82176505   5.64785297
 -16.44916641 -11.27737221 -20.27036689][ 14.03569425   0.22877023   2.22136173  -3.89412583 -34.41017509
  13.46613583  16.99593492   6.91634446 -16.79657791   1.22381476
  -6.55392559  -1.00757542 -21.66545338]