[ 14.40153683   5.11323945 -19.89573288  13.52252534 -37.93289553
 -18.91109056  21.8535554   -9.46582942 -19.6282524    3.71504767
  -9.2657596   -3.25491534  -1.2575624 ][ 16.91999208  15.04110538 -24.06387938  -4.23739404 -37.86225635
 -21.05490588  43.34313442   1.18920244 -28.26393428   6.27424892
  -6.31919476  -1.52555685 -14.68984504][ 18.83194876  17.81638652 -33.07247765  -8.25639834 -38.03734943
 -17.54713906  42.99822499  -7.14159515 -30.47165281   3.37173249
  -8.01507873 -14.34651274  -6.47659197][ 20.15478235   8.08646698 -28.72426609 -12.0463358  -26.30641782
 -16.66379137  28.72457484   6.41769058 -24.46610969   8.78481425
   2.90961072  -2.23874163  -0.3710921 ][ 20.74049037   7.77147746 -21.97622585  -8.36055607 -32.07383757
 -10.7682111   41.40136626  11.17231534 -26.01471148   5.96228539
   7.11261403  -8.36463566   1.11192106][ 20.88485361   5.34598325 -25.62110331 -14.38360529 -36.34528981
 -14.97993978  41.25789883  12.93010068 -22.81931964   2.07197061
   4.59985075  -8.23422827   0.19394689][ 21.15209725   9.09524103 -27.66342008 -17.67221637 -30.59222205
 -17.14625393  31.02347321  11.65954744 -11.90773616   0.43620232
   3.96363718 -12.11315439  -1.51757483][ 21.15738313  11.55264068 -24.1490073  -13.54651357 -27.76707513
 -16.18836511  36.91594025   6.75769066  -0.292759     1.58625045
   5.79058516 -10.81877712  -0.74153793][ 21.0436097    9.58737059 -24.40774304 -12.78590854 -28.76860124
 -17.04999042  30.07024335   8.44383645   2.35328217   4.3328049
  -0.54916817 -15.57081382  -3.29975425][ 20.97861485  10.03499658 -25.48607846 -14.32938496 -29.74320841
 -22.07851739  28.0827445    3.90036307   6.19762042   5.44396478
  -1.66745764  -9.60500277  -0.36321203][ 20.60485719   8.47070407 -25.84626033 -14.1243478  -39.85208015
 -26.00909869  31.97789928  -3.02240224  -7.7163953    4.38824554
  -4.29547772 -12.66140802  -3.12144698][ 20.52687955   3.41401224 -23.08736288 -13.54043513 -47.2863198
 -23.26891131  26.74509188 -10.06819291 -19.87950656   4.2251502
   1.59802938 -12.55205934  -7.8839838 ][ 20.54311642   2.93932011 -24.42024958  -8.75717129 -42.57599091
 -21.67908879  25.86988102 -22.57658434 -20.84936298   9.56087661
   9.05553124   1.6975961   -9.62252963][ 20.37436424   4.19924173 -21.95878148   0.2994465  -42.16250056
 -11.93247102  25.4636646  -28.80925027 -22.704685     5.03051521
  23.1020177    4.72809018 -17.03406573][ 20.04544963   6.43887157 -26.96604892   0.56858946 -33.13052293
 -16.47481022  25.24091267 -50.29844984 -12.54679155  -9.39984989
  27.81128256   2.636576   -28.66626629][ 19.60157257   2.87328801 -24.50563022   7.86533396 -22.8419814
 -13.20772608  13.85465229 -40.30523538 -11.82694204  -1.08920525
  18.78295784   4.00673671 -32.31336959][ 18.9735361    0.75905928 -19.41792748  15.87689677 -25.70182664
 -24.30553918   5.15626593 -27.36215608 -10.63843212   2.2076325
   1.36336669  -3.0589244  -29.11900317][ 18.87490618  -8.40291455 -10.6094624   19.61242709 -19.65385181
 -19.786965     3.44536306 -11.29200246  -3.13051665  17.67525732
  13.71172769   1.70544697 -18.55834655][ 18.5808927  -20.44502038  -0.12800943   7.17336699 -13.32177601
 -23.82081785  -5.89295352   6.9685952   -0.31974777   7.19138463
  21.66758592   7.69346938  -9.47424469][ 19.44565725 -33.83117911  -5.82542137   6.31977698 -17.52019503
 -26.53762973 -11.47199709   9.08909076  -4.96458355   6.90270514
  22.01998015  14.36328623  -1.6834811 ][ 19.78569018 -36.86310634  -4.48654793   9.44509907 -12.12657417
 -20.10742182  -4.9561869   11.60925769  -4.72613442   6.26088344
  10.4091597   12.51482972  -4.85905169][ 19.78324355 -39.19560515  -5.0441822    7.97509598 -10.24925312
 -16.12491203  -2.49796934  15.38794713  -3.82312302   6.24342231
  -1.45955734  13.04812543  -8.75470163][ 20.03786462 -44.86913728  -5.53660432  14.22643673 -11.70602273
 -23.94553562 -11.3038587   11.72580697  -1.12814433   3.60920261
  -4.90849683  10.35257409  -5.51598709][ 20.16028075 -44.42106687  -4.20461625  18.73766806  -7.64881801
 -18.26126487  -8.38385282   8.66286836  -6.5437874    2.67567437
  -6.4313117    8.34017873  -5.43518982][ 20.21813905 -49.33198216 -10.48812209  15.93347236 -12.18701951
 -22.17466773  -3.26945798  13.72085374  -7.10467625   5.88983011
  -3.7402177   14.64102349  -2.35540612][ 20.05426983 -39.98294684  -4.71344933  20.30430066  -5.02935817
 -15.13486232  -2.44970396  10.17107547 -12.52645122   2.65068584
  -5.44255071   6.11392169 -12.40692529][ 19.95933682 -49.65412122 -13.23078888  17.97087882 -14.63701362
 -26.10204446 -12.12753495   9.37707843 -12.17574515   1.40668596
  -1.14580925   8.29728374 -11.81670406][ 19.5425182  -50.6373884  -14.78520422  14.53265741 -16.41703335
 -21.10164635  -7.35215155  15.21675378  -6.45796033   2.75704231
   2.42107432  12.77616543 -12.95448529][ 18.74923988 -31.3764      -5.60011724  17.735059    -7.42710621
  -6.12051376   1.29426126  11.2776894  -10.99726858  -4.8775708
  -2.37222189   3.55878377  -7.46981751][ 17.54071915 -22.21324439   4.5116833   26.92591878   1.9446644
 -13.0118432  -17.19242822   1.0379424  -16.17880951 -14.48838718
 -10.89133441  -3.95518425  -7.30640104][ 19.17833014  -8.13310192 -15.93562514  32.19409263  -7.54499163
 -36.11919079 -20.59227491 -18.93097195  -8.67453735 -14.22818113
 -15.5291257   10.58928618  -8.00790515][ 19.83307851  -2.09571521 -22.9648831   40.73877337  -7.55330927
 -43.97420561 -12.0881593  -27.43395158   1.51805848 -10.75271656
 -14.09171533  24.94272334  -4.3837894 ][ 20.61806551  -7.3226548  -24.28220424  35.14001666 -16.13888064
 -42.58491922 -17.25040273 -20.73320715  -1.59917508  -4.74376877
 -16.59952982  16.41824312  -4.17153302][ 20.87308447  -2.73276967 -27.64862714  35.98184329 -13.36680354
 -33.41169804  -3.8337761  -20.37522553  11.37877246   4.22355757
  -9.0518908   17.72708263   1.34710844][ 20.88206842  -2.1273095  -31.56609098  27.16562429 -19.03947021
 -29.82444992   2.06952726 -14.58333632   7.29020189   2.06835355
  -9.84799686  12.54260352   0.1018015 ][ 21.10992054  -4.25530163 -33.34847393  30.15042097 -15.43907062
 -42.08585968  -1.67008148 -21.3090272   16.80878035   5.21113404
  -8.52419682   7.23000507  -9.40094956][ 21.05320849  -4.53619679 -34.29200453  26.97784935 -18.08215619
 -46.37230765  -6.37355676 -20.51226237  16.21229717   7.6397152
 -13.19412199   2.58410483 -15.86447831][ 21.46317381  -4.57577027 -32.31575862  26.14783123 -13.29037576
 -40.47848053  -3.66864343 -13.84805735  15.05523709  13.76871889
  -9.16076654   5.45902229 -12.45884794][ 21.54906981  -3.26318644 -35.13932431  29.03580093 -16.06337707
 -36.49597031  -5.10311287 -12.34720839  18.13135396  14.53367409
  -3.33220891   0.66712405  -9.53734974][ 21.56384547  -3.44321535 -31.19693513  26.95681664  -9.8134949
 -33.89889282  -0.17890527 -10.00173968  17.11385611  18.12358907
  -8.03579209   1.08827644 -12.17762874][ 21.81655281  -8.40938399 -38.28185063  16.71155333 -19.69401995
 -40.88471036  -9.52725513 -19.28621605   8.47571569  12.54344179
 -12.26733118  -4.50960102 -16.49637036][ 21.63130634  -6.53195803 -37.85253217  19.58718046 -18.3099703
 -39.75623641  -6.51663534 -21.58956951  10.98758455  14.27390683
 -10.13355188  -5.00267066 -16.30546724][ 21.64209506  -6.92300736 -35.78931383  18.19256822 -15.27290309
 -35.75156244  -4.35447881 -18.48413643  13.02881441  18.15601952
  -6.12061874  -4.61273494 -14.42378688][ 21.41618148  -4.54001548 -34.12020373  22.29558495 -13.54362541
 -31.7898935   -2.24471427 -18.20265329  13.13743966  20.45225465
  -2.25104073  -4.04121748 -12.81684176][ 21.01457682  -0.39064958 -38.20301987  25.24431213 -17.7663309
 -28.80720024  -4.34691839 -19.56340014   5.27595504  21.1514589
  -7.91225027  -7.00047061 -19.78757603][ 20.64810681   0.69012694 -41.08772184  23.00196812 -21.76155055
 -29.4298075   -9.60713445 -26.46555882  -2.40656801  19.60850817
  -8.71371972  -7.33913289 -21.50823724][ 19.61736528   2.95209988 -35.2153041   22.92740868 -14.23734941
 -27.21291143  -4.65543971 -32.16962268   3.35224742  25.18006499
  -3.98401698  -6.7862499  -23.45640254][ 18.52917389   3.38753695 -28.69912553  18.32856267  -9.45273353
 -19.62433617  -8.25424064 -29.6107039    9.91160651  23.14767944
  -8.14918545 -18.6391387  -26.72452085][ 17.31324386   9.30940555 -22.62608693  13.12646723  -1.7262646
 -17.57964639  -8.26436226 -25.62057778  10.12263428  14.82302504
  -5.69732692  -9.00777002 -23.61111713][ 16.77327722   9.08390409 -20.65911564  15.37563965  -4.06562827
 -21.39367498 -14.13298071 -26.58895647   2.93429013  16.95681667
 -10.38846023 -14.4536368  -25.53412198][ 16.4563688   10.69258643 -20.76613234  17.21873893  -4.0027524
 -17.08509626  -3.64718145 -28.978385    -6.22564843  11.98407636
  -3.13432408  -7.52724023 -24.16162552][ 16.11012263  10.337112   -18.71226957  18.20295664  -0.83684601
 -12.48288824   1.96690437 -22.17537704  -7.54136547   6.38046086
  -0.35318043  -6.0009369  -31.20397459][ 15.81709612   9.28467045 -18.42654019  19.11132193  -2.54469375
  -9.75048669  -0.65893221 -31.21198779  -9.35736977  -6.22856453
   5.50199303  -7.85811984 -34.5626956 ][ 15.77291907   9.33772903 -17.15238895  20.14106774  -5.92268716
  -5.09240863   1.36588136 -36.03556735 -11.36151978 -17.12069953
   9.72902379  -7.35024962 -30.9595587 ][ 15.55075787   9.12251984 -16.66138679  18.46639931  -6.97993767
   1.32904258   4.63496138 -28.52192448 -10.20459111 -24.40008032
   6.05470321  -8.81815456 -27.81718894][ 15.26741336   8.45411356 -13.16498229  12.98517869  -8.25755317
   0.68423538  -2.81556381 -39.82343415 -14.96472901 -22.94497012
   3.58056343 -14.20047127 -29.99120608][ 14.98550845   9.43343932  -7.01808517  11.55602827  -5.80349838
   4.22394445 -11.29170096 -32.78226764  -5.62803365 -25.19242738
   8.49222891  -5.34564559 -23.10472051][ 14.60481751   6.61129068  -4.27040841  15.37138846 -10.7489819
  13.67521273  -7.93550981 -24.56877985  -1.4029506  -22.70618683
   7.48993395  -7.61388718 -23.07666628][ 14.44095119   5.82173516  -1.19533498  15.88488691 -21.22739742
  21.21384003  -5.46579078 -15.76535835  -9.50744662 -16.37532694
   6.61236413  -6.1298552  -19.57821271][ 14.39155563   6.77284825   0.57847709  13.1997534  -22.66113178
  28.09521668   0.30293207 -12.66493246  -9.49995227  -7.99077267
   4.04789759  -6.95009462 -15.21369322][ 14.07982117   6.83472454  -0.05153122  11.76178216 -12.73400387
  32.34935105   2.42736865  -8.55762938 -15.10945491  -1.83142768
  -1.97802391  -8.70739126 -15.85923664][ 13.75929954   6.36156491   2.58242761  10.9225926   -6.80930206
  32.44681077   0.40668626 -12.88293679 -18.01435843   0.243508
  -6.82869863  -8.83300885 -14.71212228][ 13.25598422   2.86403237   1.93995295   8.70396286  -3.29913391
  31.46020099   1.51322235 -15.67996325 -25.04409594  -4.09082687
 -12.0302498   -4.97479489  -3.59106404][ 12.73173792   3.00948863  -0.58092671   9.43763096  -5.967178
  27.50403266   1.01528018 -14.09566647 -13.95300466   7.58526775
 -13.71280917  -4.39611054  -2.78768446][ 1.24192192e+01  2.27108483e-02 -3.57681018e+00  7.23634036e+00
 -6.25059297e+00  2.97548188e+01  6.88052402e+00 -1.29290334e+01
 -1.68331870e+01  1.17106757e+01 -7.78371064e+00 -2.84929011e+00
 -1.03992668e+01]