[ 16.91644927 -30.93304508   1.46085574   9.55913748 -25.01516777
  14.30383601  -5.13360096   7.74300064 -15.7717427    1.12662468
 -12.80591668  -3.65424723 -10.96826294][ 18.46597053 -34.36884211  -3.7956643    2.41065407 -17.9791322
   7.97413187  -2.21017541  17.84551349   0.80717896  -7.11598896
  13.69445612  11.9042117    8.10556143][ 1.94527185e+01 -3.90751667e+01 -1.90161854e-02 -3.09072101e+00
 -1.20172382e+01  3.93120420e+00 -2.27952993e+00  2.04622077e+01
  1.39354288e+00 -4.40074695e+00  1.01193577e+01  1.44469496e+01
  8.33396999e+00][ 20.74766465 -37.11281189   7.03009486  -5.59279554  -0.69007556
   6.18724566  -6.62110587  12.80374607  -6.16066617  -2.43382844
   2.08711127   6.65243359   7.09939639][ 21.55021066 -41.13842459   6.45928301   0.76220253  -5.46296632
  10.21543071 -10.31848308   1.38400753   1.64348396  -3.85511381
  -1.11626698   6.72105239  -1.87671515][ 22.11027009 -45.62216446   5.59594403   5.50496762  -7.53416391
  15.52028786 -13.25122655  -0.69981094  -3.73262302  -0.28038541
   3.03289023   8.35956368  -0.85157382][ 22.54318648 -55.36177383  -7.1222807    6.30603384 -18.28848036
  15.78001977 -15.50359148  -0.30193569  -6.37110672  11.25110325
   3.45205293   5.18077321  -1.05390494][ 22.70360764 -54.23899527  -3.55197239  14.06507309 -13.04141103
  18.65781791 -15.20454524   0.68166146  -8.3149014   12.06924894
  -7.65131849  -0.92092407   3.15623431][ 22.66392823 -40.78307342   5.47500185  12.84186049 -19.32126228
  11.26787867 -10.98076124   1.886165    -9.73992953  14.94947402
 -15.19995385  -4.65666938   5.18114868][ 22.56450399 -44.37301657   0.1201244   15.76481618 -14.00697016
   9.70973385  -9.59517881   1.73688561 -14.96386781  16.3401304
 -12.85372232  -2.47023936   5.29035651][ 22.46806928 -60.95166776 -14.64588448  13.55541989 -12.50643369
  14.65741119  -8.86333595  -1.02482357 -10.39274764  21.19264212
  -1.44661521  -8.86495872   8.03989433][ 22.3356266  -44.65983433  -2.1203664   18.38789882 -11.70301379
   9.70812235  -8.648424     2.10774292 -11.10189968  13.6290185
  -2.13777837 -11.66859265   6.84604999][ 22.4007665  -35.81271188   2.7689241   15.18416189 -19.40779826
   7.70830164  -8.32224025   5.03928236 -13.11119175   5.49252811
  -3.30611937 -10.43364858   2.21340268][ 22.24473927 -46.68086244  -2.58257763  20.75227799 -11.82087502
   7.39735753 -15.49070409   3.51172262  -7.84248288  10.22200216
  -1.80577028 -13.54585305   3.0211831 ][ 22.21401222 -48.09164746  -1.67273361  17.87270204 -10.848339
   9.69521399 -15.11755467   2.51166864  -9.69539629   5.24908319
  -1.07065146  -9.21373721   2.06272667][ 2.22859676e+01 -4.61335539e+01 -2.74807761e-02  1.69179771e+01
 -1.05667635e+01  1.13019336e+01 -1.36927255e+01  8.17320625e+00
 -5.63464326e+00  1.42365622e+01 -1.30309372e+00 -8.17843227e+00
  4.24195118e+00][ 22.24428666 -47.27480841  -0.32134355  19.54070832 -10.67380258
   4.73023852 -13.74713637   7.69752103 -16.25821407   9.68615947
  -3.74840123  -6.43774239   1.83148037][ 22.19341385 -51.71266769  -4.27879216  21.95605209  -8.18055872
   2.62032281 -10.01842711  15.89044306 -17.63747429   3.83259062
  -4.95857395  -9.86102192   1.45920068][ 21.72450305 -55.99388029 -11.21402214  19.93956049  -4.89479256
   2.94799916  -5.63493193   9.25576695 -17.06838082   3.4161302
  -8.35638871 -11.84950667  -3.74912298][ 21.32289185 -47.69298064  -8.83212477  17.98568708  -7.05492869
   8.10086678 -11.23525378   2.21736151  -9.00346176  15.09126626
  -4.30258376 -11.1349565   -2.7631018 ][ 20.42289055 -28.5624589    5.11707662  19.3609798   -4.81391262
  10.08666606 -13.9855713   -0.54086688 -16.08694625   4.61474071
 -14.21145613 -20.80710373 -17.12885659][ 20.1854698   -6.38996191  -7.32497995  15.06185369 -10.09062216
 -10.43836979 -31.35089535 -17.04394945 -17.27495258   8.1625131
  -2.77818351   8.2530901  -14.71562161][ 20.67264603   4.80128418 -22.3741842   21.4876238  -14.18703247
 -23.56021236 -26.00084077 -22.64795942 -13.28460513   9.42045456
  -4.0663375    7.15669887  -9.35814649][ 21.26984202   7.64435572 -27.90582687  21.28157524 -12.84614633
 -29.24247162 -18.52384022 -28.82443262  -1.24252589   6.3261548
  -4.18712546   9.16199672  -7.33128453][ 21.42448323   6.53498662 -28.96650381  18.2740019  -15.38442571
 -33.33403195 -17.50609372 -26.64556322   6.97399491   2.59661617
  -1.755721     5.83045599  -6.43436732][ 21.65362306   3.98705954 -34.35228144  15.37140226 -14.1316828
 -46.10008153 -18.83595036 -37.08271428   4.65166077  -7.39022366
  -7.54370927  -0.87749972 -12.04549937][ 21.8808004    6.93829067 -31.5795392   21.96985175  -4.42376358
 -44.84231719  -4.89913717 -29.06552393  17.61298916   2.88892987
  -1.14612549   6.39492846  -1.00842697][ 22.09419533  -0.24714488 -27.76883941  19.52588959  -5.11998452
 -38.77075437 -14.5374819  -22.10437127   8.50364852   6.49575185
  -2.72556429   3.70993207  -3.76539084][ 22.25596242   4.15918416 -37.12992844  20.1844012   -3.99841721
 -50.94355249  -2.77748347 -34.93702969  17.01084292  -3.90597095
  -3.96658154   4.09101408  -5.31348715][ 22.05249095   1.32290491 -31.3667804   18.27796539  -3.18424956
 -49.63132239  -6.7494752  -25.10227615  14.753876    -0.15129081
 -11.60433266   4.22558208  -8.32623274][ 22.08665032  -0.53666191 -31.88100488  14.82628346  -1.27432991
 -52.83809578 -13.46240996 -27.77622551   6.70188663  -2.13892657
 -16.12059626   4.79335945 -11.11813236][ 21.96747389  -1.06024828 -26.77553267  17.10545098   1.19607028
 -51.58707987 -10.3245342  -22.26727794  18.46979486   0.28256558
 -13.09598857   4.9596755   -6.6773176 ][ 22.32492783  -5.56762289 -28.74104167  17.59164029  -4.60997335
 -49.08376161 -13.98527847 -26.26915323  11.36009229  -6.53657762
 -18.24029762  -3.52576959 -13.17475715][ 22.55514474  -6.58358587 -29.79309678  17.32688533  -4.24863414
 -46.07880366  -4.17066641 -26.63024614  13.26846659  -5.01087528
 -17.82787005   9.41484419 -13.07259093][ 22.52735806  -8.4188662  -25.62712015  23.41033619  -4.08194492
 -47.84430819  -7.82504871 -24.04145335  13.434771    -2.21423076
 -19.33772903  11.69090842 -16.00730985][ 22.74665141 -10.76695626 -25.58173735  22.85231876  -4.40390525
 -45.95136389  -9.73003705 -21.53500866  10.51697386  -2.53147013
 -18.97513792  15.0651195  -12.0123913 ][ 22.45611037 -11.58991707 -24.70337144  22.21093347  -7.53675498
 -43.67705554 -12.13631211 -19.12399539  10.12722177  -2.16424399
 -19.3840779   10.3181798  -10.85191679][ 22.36371785  -9.99870735 -21.47573884  27.53864723  -1.70383436
 -39.254117    -5.49888091 -16.4324084   15.50372282  -1.62730932
 -17.95141215  15.57639376  -8.709526  ][ 22.13786096 -12.7068862  -20.58748905  23.45821012  -5.80857522
 -32.36418958  -9.27347248 -13.93010179  12.65839885   0.29500434
 -11.70421107  11.77774943  -5.74862988][ 21.88076034 -13.3129855  -21.89427541  27.91070552 -10.07467283
 -40.92821569 -13.5846126  -19.9000291   12.2494895   -9.98687619
 -22.15186105  11.69057168 -15.05257907][ 21.75165012 -13.62647066 -22.32267679  29.46480443 -10.72558332
 -38.28003334 -15.47744111 -20.99397928  11.73729228 -11.5365976
 -19.8431473    9.3033589  -19.32764745][ 21.00032141 -12.10959969 -20.74336437  25.9145719  -15.53650976
 -26.3904533  -14.04361688 -11.86881847  11.81170769 -16.24671972
 -17.75568806   2.8674777  -23.44666712][ 19.92137952  -7.52093264 -16.24587958  28.96463086 -19.23456886
 -20.53184966 -17.24142666  -5.39310571  20.86181697 -19.03605512
 -15.30788088  -1.89833842 -22.65887901][ 18.89039366  -6.36478742 -10.04061068  29.32349581 -14.69010886
 -11.6284944  -12.0746002    4.47233507  24.83048854 -13.18440223
   2.49802306  -0.80263547  -8.77073303][ 17.79509444  -4.48630718 -11.3218594   35.20690267 -12.17082776
 -11.52322828 -23.72229341   6.59141648  21.82772015 -18.06680188
   1.16706032  -5.92847408  -7.90958202][ 16.89439981  -3.09726928 -10.43846757  34.72537905  -6.55229199
 -12.71049292 -19.75001934   0.91919905  18.42697294  -7.0009446
  -0.42893576  -5.54240331   2.59641861][ 16.32913433  -3.08813687 -14.27745677  34.91520959  -5.88668557
 -17.17633599 -14.68404351   4.7664815   19.02019044  -7.01993859
 -14.58329435  -8.851627    -8.82177762][ 15.81596564  -5.2326811  -17.65633613  26.15202102 -10.50670625
 -16.18837094 -18.8028732    5.58096698  30.00292619  -1.65812723
 -13.51964694  -1.41037876  -2.84706282][ 15.15779962  -6.62532824 -17.99779954  21.03211291 -13.00558299
 -23.69176967 -24.87439041  -1.82844069  19.32136902  -8.15115185
 -11.56279178  -6.68130954 -11.25877937][ 14.11749803  -7.07711906 -16.27137843  13.89637811 -10.96808675
 -19.72896962 -21.98001877   0.34551536  15.89239595  -7.68345826
 -11.99187453  -7.02747759   0.78649999]