[ 12.71939662 -14.98678473  -0.87191563  21.32558172   8.38619247
  -2.89699681  12.80505739  27.34456269 -22.94610685  13.80182779
   6.43180791  -7.26762413  -3.35020449][ 14.57883783 -28.21211859  -0.32235739  31.96985257  -2.8629783
  -6.00133911  11.78329984  32.97888732 -21.57177663  12.55976378
  -1.38376767 -14.21020532   1.28980478][ 15.60406171 -27.63663937  -4.37032559  23.09460266  -3.35133098
  -6.77187869   1.37489671  27.10544646 -29.96740127  14.7319923
  -4.71886816  -6.41968672   1.51094122][ 16.64758755 -36.91719971  -6.26486815  24.83564426  -1.98401354
  -0.87242208  -1.2518834   27.02715625 -18.45943893  18.44339271
  -9.73306754  -8.62065539   7.34922557][ 17.70168387 -33.26051077  -7.91094549  20.96966877  -9.31284716
  -5.02076566  -8.94860765  24.99042466 -28.8601396   10.03366394
  -5.5047859   -6.2684223   -1.69193876][ 18.53596855 -43.18110252  -7.86052805  28.73831746  -4.1325958
  -8.62122192 -12.6784127   29.26736812 -30.32642832   5.63544805
   3.31500381  -8.3008872   -4.79470593][ 19.19535096 -37.03720977 -11.51451464  23.86747455  -1.8246193
  -9.57267301 -13.93104889  31.98213842 -24.46455753   7.90255754
   7.19208479  -2.27415498  -4.54139067][ 19.48920527 -41.0391453  -15.30679193  25.16647966  -0.76140321
 -11.70416754 -15.36466758  27.0641142  -23.09005418   3.72002168
  -5.26819148  -5.35397868  -0.72938594][ 19.97526103 -37.0590039  -13.49382102  25.38784041  -4.76384892
  -7.99690308  -9.23016375  29.95009639 -21.24717442   3.95184975
  -7.33703595  -7.74977455   0.43632555][ 2.01046147e+01 -4.46408198e+01 -1.45554792e+01  2.62118121e+01
 -2.30283092e+00 -1.05611517e+01 -1.96011063e+01  2.39626312e+01
 -2.34730474e+01  1.33956177e+01  3.31012325e-03 -3.82091873e+00
  3.24861395e+00][ 20.22766496 -34.61794143  -8.50712857  22.00936529  -4.85208023
 -10.64206583  -8.16794992  27.48191398 -28.37535635  14.28864474
  -1.24900597  -3.52051793  -1.54072679][ 20.34819169 -42.29901702  -8.70495716  23.96870588  -2.83547823
 -11.88640736  -6.24326924  32.51324843 -28.72966059  16.64005592
  -4.64552692   2.7339283   -0.24818071][ 20.32756709 -40.96172983  -8.4048047   22.50229251  -4.90434822
  -9.22996914  -8.65923805  28.26178249 -27.13860362  12.00844368
  -7.1443802    5.1050526    1.70750223][ 20.52155397 -44.36460665  -8.36971905  27.27159464  -3.77156305
 -10.7865321   -8.53700692  29.76538336 -30.03397946  10.77254777
  -3.31197656  -3.10177747  -4.84021559][ 20.54915293 -48.91088229 -12.26277104  28.86324794  -4.15995844
 -13.16085741 -10.79211472  24.48918738 -33.11245746  10.92449449
  -4.52662188  -6.71266469  -4.41786718][ 20.15784597 -41.07239616 -12.33855977  23.88132404  -4.83573338
 -15.50613781  -8.26594016  20.02049833 -29.00773937  14.70866717
  -3.80806235  -2.93140677  -0.69438025][ 19.51558962 -28.94213763 -11.23501529  21.13005503  -1.45383142
 -11.78404636  -2.06197372  15.66889011 -20.81438272  12.78586031
  -4.87582445   1.48084743  -0.40137566][ 19.07889591 -40.59714016 -19.15479475  26.82668132   5.32734329
 -16.13346208 -11.81081492   9.53822072 -17.66874443   8.52225033
  -0.68933536   3.23722507  -2.92316394][ 18.46074824 -30.14727942 -13.31668872  32.42028827  11.80511546
  -8.53302208  -8.45612379  13.9830241  -13.21402809   7.94148025
   0.06961689  -2.68985382  -6.92581158][ 17.81517494  -7.49111907   4.68692411  37.73115467  13.02587637
 -15.29039547  -7.45312405   4.44968982 -12.95102307  -2.48737693
 -17.84557614  -8.65226773  -6.4410266 ][ 20.301359    -8.64020247  -8.50248708  39.02478973   2.31180301
 -27.57096979  -9.94351199  -5.06548613 -12.40458166  -6.8655013
 -19.26808547  -2.48573108  -4.4311083 ][ 21.2053724   -8.21108166 -12.35653132  34.25175558   4.22849996
 -36.48447429  -8.83111292  -7.54833269 -15.72764277  -0.81664141
 -26.08052397   1.95920007   9.19638738][ 21.63145481  -8.61976361 -12.77064275  31.37639176   0.03722649
 -33.84477512 -11.26645682   0.46381065  -8.16227372   5.72340586
 -15.61068685  11.26715275  16.89285938][ 22.04023266 -10.57268266 -19.19498614  22.85409921  -5.54615172
 -37.24970183 -20.759568    -3.91257402  -9.1339636    7.66764695
 -11.41740303  12.25006486  18.6494181 ][ 21.98584873  -9.19442574 -19.84744453  20.26822353 -10.56870165
 -44.57018859 -32.5506677   -5.6626416  -11.82166457   7.65113992
 -13.79933516   8.91410052  15.14183717][ 22.07841821  -6.33549314 -18.76465615  18.30431269  -8.48421373
 -40.99863921 -31.33663056  -4.61990733  -2.92652262  12.27362885
  -6.163812    11.8885834   15.28616585][ 21.68399473  -2.40411931 -21.57568262  17.02811244  -5.83013945
 -42.50029189 -27.61583785 -10.58921988   6.61688701  15.28729162
   0.83611248   8.44943025  11.19026345][ 21.21293462   3.88395381 -26.16158149   9.34243249  -3.46611676
 -42.58255632 -23.39153086 -11.49354237   2.02539334   7.41642544
 -12.33895975   6.49729246   6.36277676][ 21.20825203   6.00931069 -29.32725884  17.26187531   2.48089974
 -46.5218591  -14.32093372 -16.40746169  14.2139617   19.14897288
 -16.03396866  14.89009661  -0.49454008][ 21.18471354   6.95403529 -29.80310787  20.95661338   1.29752088
 -39.94285005 -13.12962037 -18.52863249  11.54807799  21.4049073
 -10.72957105  13.66695355  -0.96615743][ 20.99875257   7.25264552 -32.85686066  18.9987574   -1.68766811
 -45.60404255  -8.0135303  -28.61196034  10.38887286   9.50658167
 -11.04410716  15.26166436 -13.44132657][ 20.70452402   2.86902723 -26.87821343  14.4860954   -6.26065682
 -32.96741619 -19.44223769 -22.79372732   0.19097866   0.85583322
 -11.98810616   1.22214047  -9.40084168][ 19.64360074   8.84125958 -23.92583473  17.48637784   0.51428778
 -35.75717086 -12.56415766 -25.13573813   7.99338832   8.04649129
 -18.50229959   6.11346916 -11.981504  ][ 18.81119659   9.88888125 -18.99125555  16.14626719  -0.33186754
 -28.32349076 -14.34611469 -17.16567539   4.56487134   9.24365866
 -18.06624596  -4.87418414 -17.24558551][ 17.31542722  10.28936152 -17.9409276   20.5444136    9.19963004
 -12.14038801 -22.21999481 -11.90079172   1.54435636   6.80366098
 -13.38036624   1.6729774   -9.10133759][ 16.57625485  15.6010906  -18.92064608  26.38836816   9.08487234
 -15.76823167  -7.30177653 -19.01042135   6.66526364  -2.25501892
 -20.6553157    3.84100577  -7.29825776][ 16.03615499  16.69976351 -13.4582621   23.27546454  11.93704226
 -15.17474433  -3.52862414 -10.55179777   3.42416848  -9.03770682
 -20.50193641   0.77710244  -9.43580334][ 15.9144126   19.22989974 -11.34080602  24.58471602  13.0634679
 -16.61969588  -6.0425668  -16.11513894  -0.64718218  -8.60845339
 -15.97624239   7.50208932 -11.5549169 ][ 15.66431016  17.05687404  -7.48091744  29.05368842  18.12659707
 -16.21281719  -9.7472671  -11.1095936    4.56059261 -12.52247965
 -23.43702203  -0.36832151  -7.20255539][ 15.4660698   17.38924667  -2.70418349  19.77202168  15.15655269
 -13.98369658  -8.60585831 -10.20066547  -1.62685134  -9.13360044
 -18.87773914  -6.13532673  -9.58421347][ 15.40590363  19.36202038   2.64272319  22.73889477  19.35763291
 -14.60449523  -1.22004359  -6.94219456  -7.6160157  -16.83573228
 -16.91732679  -6.64107223 -12.3587256 ][ 15.40384868   4.01940535   9.04764396  20.25825439  11.67345535
  12.37935371 -21.57306821  -3.18520111 -15.64531487  -9.55958502
 -21.38508592   1.9732853  -15.15513517][ 15.69818371   1.32400512  -1.77733916  22.64724284  17.15379276
   3.74577489 -26.6300875   -7.12307074 -19.27880433   2.50665477
 -14.27961447 -16.02655943 -19.69853033][ 17.25913431   4.85677476  -6.81070679  18.35406495   9.87258619
 -14.75378391 -19.86936435 -19.78026226 -11.33924673   9.65835699
 -16.40819328  -1.90098823  -9.21307487][ 18.69645685  12.01489611 -12.44876445  13.01361262   7.77811172
 -29.302023    -8.50145222 -24.62081109  -0.85852547  12.40013229
 -12.84687302   5.29444642  -8.27704199][ 19.69582447   9.87066073 -18.24055038  14.43392084   4.04106069
 -40.72291603 -13.00672425 -29.93243395   8.60623161  17.42150484
 -10.05651671   1.90695023 -12.21037157][ 20.14811142   9.15211516 -21.22826018  12.96395325  -2.07155447
 -44.09306366 -12.17009175 -29.02252652  12.85182245  16.71617989
 -11.5836133   -3.4780138  -16.79973639][ 20.21507277   9.70005095 -23.54852147  13.85618642  -4.76028796
 -41.34424995  -9.23802592 -31.1183089   20.18438777  21.0051523
  -3.41640301  -1.79143087 -18.17617389][ 20.05744114  11.48469867 -23.4528842   17.49914771  -5.05481495
 -41.54189288  -5.72740026 -28.71182386  23.29582784  24.30928149
  -1.62207612  -1.45402621 -20.70243802][ 19.90837527   6.76345118 -20.613623     9.54068785 -12.01016607
 -30.07902281 -11.90818795 -18.56344503  11.46937086  17.22091605
  -4.49194748  -3.35022039 -12.87209235][ 19.69987871  11.76115682 -25.81659963  11.00184914  -8.00893156
 -34.08316591  -4.75729189 -25.47048637  18.40358107  18.85017001
 -17.27012697  -4.44627077 -23.27532212][ 19.64521113  13.24792236 -28.87540182  11.36313493  -7.61207902
 -35.64042363   0.64752959 -31.16972089  21.69148689  17.98267929
 -17.67724076  -4.64931146 -26.40388623][ 19.5797917   13.79677384 -30.45079571   9.79757751 -11.83867177
 -36.5248668    5.90182013 -30.76488438  20.83953806  13.35861687
 -22.08555545  -7.13091344 -28.54094831][ 19.65928837  11.1659043  -30.05971886   3.50911685 -11.44286191
 -26.22295717   3.5849166  -20.15831909  12.61958573  10.37266414
 -16.10990811  -8.01462898 -15.81020241][ 19.46955757  12.68730585 -27.4721321    3.52555862  -5.71856686
 -19.85880272   2.05673403 -17.99165601  12.61487418  14.94999055
 -14.56387879 -11.60200326 -13.87600987][ 19.42214507  13.91504542 -36.75604864  -0.59973094  -4.24392
 -29.4766936    4.88416067 -32.01554275  11.05472597  12.97800845
 -24.24255732  -8.94870707 -22.1148057 ][ 19.40391747  11.03871832 -34.66233612   1.41224631  -2.64183381
 -19.6572349    2.68724316 -22.04816322   4.07633335  14.68583165
 -19.06275106  -6.78483319 -15.64331314][ 19.09055386  13.72358084 -38.16777902   4.40250569   0.62088851
 -26.0180373    9.520922   -39.09140248   4.92343725   9.99523803
 -18.42178128  -2.90290967 -22.51399376][ 18.37943361  17.13667493 -33.52487035   8.49280441   7.57262472
 -17.66019451  16.40689552 -31.00171403  -2.27273179  13.08523624
  -7.19502916   2.69323947 -17.68453727][ 17.87165837  19.26072206 -30.65832964   5.39718934   7.1976616
 -10.7564084    1.42345017 -27.78899455  -7.6280798    3.6722269
  -1.46702105   1.13600266 -19.27970051][ 17.53018784  16.05987786 -19.52225369   4.02226731  10.02727103
  -7.02512701  -7.283179   -20.38738425  -4.41578149   7.91723585
   7.7656663    0.1095345  -18.97557434][ 17.28801273  17.68023248 -21.57101053   4.91949219  11.03737394
  -5.98175396  -5.75256433 -25.60022363   3.43500247  -1.25472391
   3.80528082  11.78243163 -23.81180212][ 17.25001453  18.06496245 -23.27775279   6.76541338  10.16094649
 -11.82493121  -5.44023447 -30.00247268   1.64385071 -15.10703957
  -2.95201535  13.02192213 -32.12240593][ 17.01324639  17.67946988 -18.42011736  12.72269317  12.8019177
  -2.74054774  -9.00207535 -29.1345062    1.59403841 -11.90432936
   3.58501912  12.49066813 -26.50955484][ 16.86532515  18.17865356 -15.78558647   9.35521826   9.78785087
   2.19351429  -8.8201481  -20.49335968   1.24110224  -9.59339234
   6.43092837  10.36105669 -25.16690785][ 16.71324952  18.72168996 -13.53203846   9.44344186  13.03886902
   7.04489529  -4.40178568 -20.0294812    0.5705667   -8.87628151
   8.0256462    5.48323474 -26.34262974][ 16.55199013  18.43491367 -10.5074774    6.4489978   15.4364164
   9.61904563  -7.59575431 -18.35216875   4.29269232  -7.14369257
   5.64773445   2.04162196 -26.44681576][ 16.35026004  20.10038631  -8.54951381   8.52245521  15.55901272
  12.4056796  -12.06267571 -19.27629251   8.830169   -12.01578184
   4.67386802  -0.89606579 -24.60837466][ 16.12455052  20.33625702  -1.98430884  11.91595568  11.71806753
  10.38657946 -11.49751428 -23.51344398  13.57924825 -15.03698632
   0.70725946  -2.46858558 -21.02268829][ 16.00441696  18.55115914   0.67159692  17.16060108  13.12342039
  14.06861668 -10.88688844 -21.77469071  11.86789268 -10.13210921
   3.11919387  -7.17539347 -25.19375663][ 15.89494043  19.38230723   3.36136259  17.43073483  12.68374703
  15.49327386  -5.06831219 -22.50362607   7.58469876 -12.07495425
   0.72658871 -10.90266314 -29.43310439][ 15.54364766  17.5797994    8.67092639  13.65035967  13.63211544
  10.6266992    1.64327603 -11.98005191   1.1435328  -14.33554211
  -3.88211229 -15.57070887 -27.03735176][ 14.95623454  15.53899317  13.04049025  10.82130201  15.76916788
  11.81044781  -0.77122982  -8.60672463  -4.88968004 -15.70244514
 -10.01692355 -12.19629182 -19.12792479][ 14.10691594  14.49195567  13.28134029   8.40855921  10.46891815
   7.08305143  -2.19364669  -6.49314706   0.45423693 -17.31501739
  -8.38329613 -15.20659861 -21.30981078][ 12.8887945    9.09002094  11.45766886   6.21732758   9.08570511
   5.15825754 -14.64204036 -14.93740359   1.21038469 -14.52768358
  -8.36648406 -15.66822169 -28.1645232 ][ 11.93327804   3.50270123  12.51895996  12.01041253  17.29826032
  15.59935164  -6.73528461 -13.95065516  -3.32598613 -11.03075112
  -5.82838812 -14.82096658 -19.9643675 ]