[ 12.59015601   0.13515899  21.9357143   16.17745753   4.64765391
  -5.68295122  13.46059236 -11.82202818  -0.92374345  -5.39218368
 -22.01831462   4.08253245 -12.61920757][ 15.82653669   8.50206018  24.21748951  19.90620297  -1.48110814
  -1.93128793  11.37311527 -15.35491459  -4.40659244  -5.09651254
 -21.35555328   0.70411635 -17.83373703][ 17.29245144   5.93796429  12.29181146  37.73217574  -4.67248333
 -13.02779682  29.25783916 -18.37234313 -22.97340973   7.05725201
 -37.5424934   -0.49541554 -18.88500706][ 17.75749135   0.56473487  12.7396899   44.19338252  -3.61903902
 -22.21064895  23.68498801 -12.97455668 -26.90941247   1.13084135
 -49.22731598   1.97487927 -25.91109164][ 17.81093533   0.44244513  10.83792872  45.05592188   1.74479212
 -17.57423251  22.82110493  -9.95063169 -22.7747496    8.85294913
 -39.19502272  12.98263823 -13.46878139][ 17.39133907  -0.89583809  16.00758606  45.93690792   9.64755039
 -22.35670598  18.76742379  -4.8300646  -26.84293257  10.96019952
 -36.94743686   9.02492016  -7.06667714][ 17.15782699  -0.80965992  18.648205    40.74411632  -0.50988855
 -20.99376706  10.26161209  -5.82529627 -30.87278756  -5.17073755
 -32.66346847  -1.53719668 -14.46007695][ 17.04570855  -3.22481911  24.39050925  46.15168529  -3.89658914
 -14.27364162   4.04173069  -0.77273193 -25.94295675 -11.44900816
 -30.85024154  -5.73202594 -16.27189278][ 17.19622424  -3.92739119  27.01431622  44.81515021  -0.24395702
  -3.02031702  -5.78831792  -6.43097858 -25.00850532  -6.12044094
 -29.97930302  -1.51551095  -9.08456101][ 17.41526291  -0.10999981  20.60351169  31.9501544   -5.34843898
  -5.24472952  -1.83120279  -5.33319284 -26.84660675  -5.56399048
 -28.80005173   1.60271191 -14.0472127 ][ 17.63030394  -0.82461422  20.77637202  37.12829385  -3.59428641
 -14.41177758  -0.87155545   1.72127144 -30.83694396  -5.41143821
 -33.56965683   2.69815547 -13.51712626][ 17.92663289  -3.7217509   16.71122655  50.15815974   4.52877085
 -29.67690392  -1.73852073   2.83805476 -37.82728929 -11.31193715
 -36.64695374  -3.61160919 -14.94946008][ 18.87743666   1.16915017   2.24827182  42.8937656    2.2465636
 -30.81152794   3.92777507  -6.29195254 -27.29955972  -7.12303026
 -21.1915828    6.50535086  -7.8481332 ][ 19.56268484  -0.90364648   1.50687945  46.09514729   7.37596443
 -44.84826769   2.80636642 -11.27604886 -28.81826264 -13.8599449
 -33.79057755   9.42899126  -8.29672535][ 19.84329885  -0.90467509  -0.79659884  41.71795027   6.82358426
 -54.77511614  -2.76826014 -11.26468565 -32.12579269 -15.21240652
 -34.58808377  11.30771616  -9.5255483 ][ 20.08422481   2.73437068  -7.27155292  31.08399893   8.64031323
 -56.46045048  -0.27991103 -14.21807953 -30.3149782   -7.62114051
 -33.28042757  18.6820351   -7.24490508][ 20.52422794   4.24800315 -11.82123335  31.65267142   7.84973755
 -52.64104017  -5.36394814 -16.13788821 -15.11914391  -3.10883186
 -26.74128021  20.95127718   4.04868855][ 20.7951301    4.96675262 -19.74452073  23.99136336  -3.81899204
 -53.02754442 -19.64665888 -20.5378707  -11.97518742  -6.41720324
 -25.33820665  18.11387512   2.92577038][ 21.04951723   6.4652793  -19.36246951  26.51946807   1.55887007
 -49.14409604 -22.46518792 -15.4321005   -5.01421345   3.25794227
 -13.68390511  25.50912349   9.04517175][ 21.00378406   6.88342547 -22.40692672  18.05632436  -2.49355529
 -48.29557298 -22.54187923 -12.6592327   -0.30584903   5.09704334
 -13.65440154  22.7511627    4.05208313][ 20.79817981   9.20611066 -23.84490751  23.09407436  -1.75353259
 -42.01489448 -20.17704519 -19.5500212    1.17517458  10.57969327
  -9.38554691  14.41884558   1.23246268][ 20.97678547   9.14279251 -33.39152995  25.90444303  -6.88147526
 -45.8991006  -16.92311613 -25.19168876   1.07997669   7.65684766
 -22.68790678  10.86571432  -9.25975605][ 21.21811437   5.86085703 -33.87002996  24.3970463   -5.74070237
 -40.92160621 -12.06135265 -25.76141503   5.83729602   4.89824242
 -16.64667173   2.17843107 -10.24444886][ 21.10442071   4.29601566 -31.29423585  22.16154605  -6.98843488
 -36.51332098 -19.1737787  -24.01234783   3.63387435   6.82289494
 -18.69399943   2.20260247  -9.05692122][ 20.87454982   8.44106612 -29.65039672  19.71344757  -5.70074099
 -37.87801879 -15.10351355 -25.26008638   5.33856815   9.59695778
 -22.27141885   6.68935596 -12.34666215][ 20.56076573  12.63739146 -27.31511952  21.13073007   2.26979905
 -37.02396808  -8.37485342 -25.83309291  10.79218837  16.38194381
 -25.35430352  13.57504232 -15.11807638][ 19.8719026   11.71527143 -23.05632364  20.39989206   5.66245559
 -26.69398026  -7.45254566 -29.30011819   9.46735162  16.15027813
 -19.34120375  11.00672031  -4.44644427][ 18.49453207  11.65231326 -19.47116744  15.34098196   8.46152172
 -21.45699293 -17.42682085 -24.68353512   6.02544392  11.81421353
 -25.16561998   0.15205141  -2.05611002][ 1.73336392e+01  1.81389227e+01 -2.13536237e+01  2.32067709e+01
  1.14391821e+01 -2.02061910e+01 -6.38928705e+00 -2.57224095e+01
  6.34875035e+00  1.55675980e+01 -2.89857133e+01  1.59196289e-02
 -6.00144630e+00][ 16.54750821  16.78402776 -19.72430811  29.64125838  14.79831997
 -17.78735452  -2.57153164 -21.70645093   0.25419107   1.74372743
 -25.01182977  -8.55963341  -8.22115228][ 16.34419677  19.21689368 -16.7086818   25.1001076   21.01728703
 -13.63512567  -3.29446569 -13.67422626  -7.18739127  -4.17089205
 -27.52661153 -14.89825204 -11.69050344][ 16.0042247   20.45136303  -9.29572691  20.40815986  21.04346063
 -17.10319881  -5.37235898  -4.79562243  -2.63031076 -10.5897613
 -29.69219644 -12.66775362  -9.84962896][ 15.7055807   21.06423985   2.24204542  17.9662198   14.69308555
 -15.39742258  -3.98732991  -4.67798368  -5.49474192 -11.365841
 -15.90754035  -3.62249057 -11.53075944][ 15.21809688  18.74987238   4.17106622  19.04121538  18.93023103
  -8.31535516   1.33316246 -11.52903576  -5.41360969 -11.7577801
 -16.6907987   -7.12340439  -6.80422424][ 14.95540294  13.62051673   9.74025281  12.92152686  15.13924448
  -2.09625387  -9.66840266  -1.66154567 -11.41281082  -6.24648989
 -20.05880805  -7.35175452  -8.77550543][ 16.44978804  -6.6392857    0.24196609  11.68788115  -2.86485506
  12.72434152  -1.65659461  16.15061037 -20.52937266  -7.19680401
 -20.90845152  -4.80806899  -9.52219718][ 17.07418036  -1.84096522  -0.35618616  12.30423591  -0.97251823
   5.23669666 -14.13710788   2.80529764 -19.59062074  -1.7524534
 -17.11057062  -6.37607477  -7.34456019][ 18.77903814   4.43659365 -14.610401    22.28465841  -2.48003671
 -25.12968815 -24.05172433 -21.66898738 -15.35991303   5.34217926
 -14.48350591  -7.15474468  -7.23559405][ 19.99944212   7.92692405 -18.82424134  26.4399672    1.24722319
 -41.88735452 -16.53124358 -39.67278412  -2.2181913   16.60029223
 -13.45012965   4.26557786 -10.48630382][ 20.85373184   7.95417989 -24.0072988   27.87755707  -3.47905967
 -39.58256642  -9.92369624 -30.95349312   3.02264198  17.85223798
 -10.41713885   0.55700628 -10.24469991][ 21.19706517   5.98735432 -25.98424819  22.65044234  -8.2835659
 -35.61158142 -10.99249988 -28.83033813   3.73574098  16.37633289
 -13.94322919 -10.62363205  -8.90124624][ 21.28718087   9.87357462 -34.34591678  23.01415879  -9.07117421
 -39.67335521  -0.77705271 -32.5919931   15.23287338  12.07418982
 -22.22467612  -8.62533589 -13.93196149][ 21.35494752   6.67544159 -32.08504025  20.50958974  -7.82394886
 -34.07792265  -0.68469258 -22.29895886  16.39316672  14.46824923
 -22.04721468  -6.29768292  -8.95371577][ 21.49688588   0.12717646 -31.99816289  14.54981066 -10.85428181
 -31.86156127  -4.19277426 -21.73825891   7.95164412  12.40581352
 -22.98243257  -6.65378796  -9.20461025][ 21.33783665   2.37050309 -34.1101787   20.89574694  -6.45564216
 -33.45818575   5.44129463 -22.51809152  14.57803319  14.5097409
 -23.80247285   0.22823113 -13.05824954][ 21.20605438   0.99214746 -31.93221446  22.38069061  -5.47044675
 -32.15538394   6.95994198 -18.28575677   9.32080455  14.82488896
 -21.29290894   0.37543921 -13.02997224][ 21.28545288   0.5071571  -33.66797832  20.17654279  -6.84022152
 -33.32121096   9.72473935 -21.23375721  15.07025588  19.78980642
 -16.44419486   7.40759761 -13.83813529][ 20.86598923   3.06415843 -33.84373551  16.80330384  -8.26826093
 -33.804038    10.13975782 -28.26143113  12.26882143  21.00879878
 -19.24934223   6.66403931 -23.19539313][ 20.65220491   6.00598602 -30.58525881  16.81081077  -5.93519786
 -33.37303845  15.55039846 -30.12587746  17.1013874   25.80094379
 -18.86161503   9.94208307 -21.31257094][ 20.41368299   4.7138059  -27.51750391  13.85174296 -10.89616751
 -28.99901575   9.69693546 -25.56075318  18.13792642  27.01603094
 -13.6456073    1.93179312 -15.82096919][ 19.63379627   9.19957627 -29.07446304  13.37665981 -18.55801441
 -26.85340044   5.69324928 -36.01154923  14.7983425   18.45501035
 -22.8508843   -1.41559398 -30.2067608 ][ 19.02248235  11.41255258 -22.71596511  17.54224023 -15.37426907
 -18.44062205   5.51295681 -27.08923364  17.34643906  16.50500283
 -17.24948058  -1.58865803 -22.95241535][ 18.42722019  14.1568029  -20.95082494  22.4058574   -7.93312292
 -15.68556142   2.09319735 -21.68339821   8.631381    10.14759322
  -6.24467545  -2.45635576 -19.17967005][ 18.02853191  16.28337715 -24.3833734   21.54182766  -8.4817801
 -24.25885423  -0.40562536 -18.24018648   3.52699595  -6.18081309
  -8.20448243  -9.29620138 -24.93296318][ 17.90601501  16.9205843  -24.05322661  23.32262095  -4.63800288
 -17.27455864   0.49011501 -11.80963637  -0.05386764  -2.59821204
   2.20034934  -5.5664084  -18.72119837][ 17.67089845  15.18098671 -20.80991639  23.2833529    1.4582553
 -13.30942155  -2.83161454 -17.51910162  -4.87312203  -6.06851742
   5.41295176  -0.99633588 -15.7801196 ][ 17.50944672  16.54415328 -21.08800305  22.22147948   3.92294311
 -14.62688851  -2.82419556 -23.96431032  -3.18928796  -4.46385635
   3.02560275   0.12316877 -18.42845786][ 17.52260483  16.56829315 -22.58902564  21.24566328   3.06691977
 -18.06206184  -5.37755171 -19.13335518  -2.13581683  -0.09556412
   1.56944253  -8.5424904  -22.79928875][ 17.32606716  17.51159687 -18.06187012  19.84611138  11.05811267
 -19.80665381  -1.36221811 -12.13879721   0.0260329    0.05360814
   6.49592449 -10.16427356 -16.41002467][ 17.12796155  17.03392644 -16.6189503   17.7593508   12.98354474
 -17.64784992  -0.4615663   -4.2551571    3.30887035  -0.07853497
   8.62415477  -8.910327   -13.15859256][ 1.69489098e+01  1.69153051e+01 -1.23424698e+01  1.67867717e+01
  1.46457755e+01 -1.58113063e+01 -1.24932873e+01 -1.50759591e+01
  4.57758844e-03 -1.32837277e+01  1.94079527e+00 -1.16793617e+01
 -1.43817731e+01][ 16.69105159  15.83100937  -6.40451165  18.43160144  14.30422554
  -8.80397872 -10.54933736 -15.03319171  -0.73707783 -25.28268897
  -2.71187329 -11.17615865 -12.26976079][ 16.55888402  14.66067683  -7.09668102  18.0824991    7.48834525
  -7.71661136  -6.19420417  -8.05581236   7.90120678 -15.84537777
  -1.61617854 -19.15885795 -13.78923875][ 16.35295455  14.9722401   -4.78098481  20.0771801    7.57684079
   0.61813376  -3.07882189  -8.22273607   7.47022965 -20.08259277
   6.73464138 -18.08575694  -6.00090356][ 15.96014345  14.07972249  -0.04912034  20.95676196   5.23090505
   7.8329727   -6.06981698 -11.68657726   2.67169246 -18.65922291
   4.66391394  -9.33748839  -7.16441155][ 15.70355867  13.01984366   2.64673976  17.99077937   2.31232011
   4.87619055  -8.89124088 -23.99673301  -2.1547479  -21.55109683
  -3.9076956  -13.1023599  -18.29632614][ 15.28829877  14.21903024   5.9844099   15.25482693   1.31733563
  10.19708653  -6.31874616 -16.42925258  -0.21152422 -10.65088232
  -9.41788811 -12.05382172 -12.76993302][14.58349352 11.89759552  6.25831135 22.1980166   7.67815431  6.19693493
  1.12227688 -7.60019831  0.57015676 -5.11922369 -5.26972402 -7.19537914
 -2.16734378][ 13.46310037   6.90477311   5.15719618  19.05788491   1.5502055
   8.38051017  -0.23527055  -7.24514388   4.25977257 -11.95495229
   1.07896445  -1.56779471   1.15963893][ 12.51341985  -0.7241659   -1.57792334  12.09321791  -5.97257165
  10.04964427   4.48609416  -3.19669818   1.65512449 -13.53692774
  -1.30068966  -6.90873579 -12.6936414 ]