[ 16.14116157 -21.9315281    1.79043421  27.43325507  -3.70732158
  -6.86515854  10.64118091   2.58164177  -3.32539457  10.89394688
   5.43982295   1.17049348  -3.29402443][ 16.04036001  -1.2108522   16.4403198   19.72448538  -4.64882303
  -4.8935993   12.58143033 -10.49131587 -12.42716119  -0.3841546
 -12.08599684 -14.77338804  -7.61719707][ 18.81044527  -0.75221498   4.03227826  43.24598909  17.2452059
 -29.90439645   9.42103567 -15.30215864 -10.697401    -5.28007388
 -28.80739405   3.45872802  -9.26666542][ 20.03838669  -1.42724926  -2.97524507  44.54581298  14.21219031
 -47.58325868   9.91354931 -18.4436933  -13.83751779   1.46251387
 -30.28321592   6.16775697 -12.49143724][ 21.21639407  -1.72674581 -14.91013818  38.90598554   9.06928534
 -41.27793145   7.00584168 -21.83392592 -13.77462911   4.10225955
 -24.13829081  12.91527443  -4.4834227 ][ 21.50447414  -4.74627512 -15.25027737  40.35105951  -1.62221383
 -44.27725713  -5.39319792 -12.14849014  -8.43722623   3.65441171
 -17.5059154   15.89880883   3.49377073][ 21.6910023    2.16513147 -23.01808788  40.69304968  -4.48358026
 -54.32083946  -9.04573659 -16.42415631  -5.68725891   9.80259227
 -26.59834806  17.76028175   5.29289569][ 21.64819583   6.15071885 -23.61200708  38.76761382  -3.72523205
 -57.14366387  -2.96598898 -11.76121052   7.73153856  12.31981421
 -17.30036787  20.29508295   6.73050518][ 21.2608457    9.71828685 -22.75460443  33.20778221  -0.76245785
 -66.76919144   2.28185102 -12.02790537  14.68368941   8.2668436
 -15.18741604  21.12751665   9.14752623][ 21.42867432   8.29051717 -24.62701757  29.80200217  -0.29765055
 -63.56956364   2.29898441  -5.93023496  18.51777396   6.63851936
 -20.04212833  18.5989658   -1.09769046][ 21.2916048    7.78404179 -27.30517987  27.84658269  -2.98043463
 -57.12870068  -2.07330702  -4.71052327  10.90867762  -3.20794178
 -27.45819154  15.75683337  -4.90040855][ 21.32079382   7.81270264 -32.49229038  24.97768582  -2.73241242
 -55.28820375   5.75482032  -6.60051615  13.6825041   -6.14049982
 -32.64145573   9.80785862  -2.89395693][ 21.18015121   0.20552881 -25.10779569  19.86125981  -6.60320181
 -39.04850545  -5.30901673   0.30212651  12.7801397    0.59292567
 -16.4155179    5.26851069   1.5059251 ][ 20.85210677  10.03759163 -30.74852601  23.47012154  -0.92819581
 -55.77987486  11.5871928   -7.94375514  17.44631321   2.65408752
 -24.77791322  20.40671048  -3.15141056][ 21.08449344   4.51489705 -32.41430756  19.26537771  -9.00752986
 -49.33132699  -2.70648084  -8.58398975   8.68764356  -5.97114733
 -20.78016424   9.97473934  -8.4125749 ][ 21.07123494   7.6106953  -31.34142677  25.93120566  -3.28544787
 -48.62056213   0.47103979 -11.57031513  14.32852932   2.37448631
 -23.52362999  15.01382981  -4.1858775 ][ 20.98089137   6.18369667 -31.43516967  25.55430627  -1.15815207
 -49.18745797   0.05310243  -8.10681637   7.26103456   4.213092
 -33.95153731  15.15004086  -5.94299984][ 20.86864239   3.57204889 -29.60784539  24.56631975  -0.93126967
 -38.06844623  -6.09508036  -7.83378172   2.34378387  -0.97120885
 -32.03739978   4.773262     1.91492477][ 20.45178232   7.79293807 -31.2670179   28.81846665   2.33957666
 -31.77937803  -1.28509122 -13.06643788   3.19833555   2.62790585
 -38.91129886   0.87912661   4.21111253][ 20.1249852   11.72868636 -30.92400234  27.48041648   5.98518185
 -33.17315245   5.78085762 -16.39109935   6.23272047   8.03530803
 -37.94186223   5.4280737    6.86576421][ 19.68553583  10.9313242  -28.84829063  24.1114203    2.67056355
 -29.57352783   3.96910934 -17.1281348   -0.77133392   8.85970887
 -36.18686992  -2.0160925    4.35537659][ 19.18757031   6.78265406 -22.44083583  20.17468777   0.38544357
 -15.81294924   1.52850075 -20.39536161  -7.13517515   5.54964736
 -25.7101289   -5.53013031   3.16907646][ 18.53211928  13.83809482 -27.17623231  17.35833493  -0.90219525
 -17.3783775    4.15445607 -29.54707869 -13.73177919  -0.78673498
 -26.50192964   2.39532119  -8.778482  ][ 18.22422901  15.41488697 -25.59131346  13.78830644   6.05963442
 -12.70831917   7.15556929 -26.11367661 -11.8513621   -5.35543136
 -16.91968406   4.68186036  -1.75389997][ 18.3474728   11.49235797 -20.10482527   6.89638991  11.15488994
 -20.87267035   7.27663643 -21.45521228 -11.0151072    2.45996835
 -12.05536722   6.4580892    1.70166111][ 18.18292595  11.10070769 -17.6807281    5.74363514  11.30978556
 -30.38226922  10.17540905 -28.81185461 -16.7942771    2.42466735
 -23.90786908   9.64368825  -8.18685071][ 18.09503845  10.6217572  -15.59422907   9.39754047   8.64141767
 -23.35508672  10.05595242 -18.60570146  -8.0066221    5.57309352
 -15.80648493  11.90379189  -6.88050758][ 17.97736571  10.71892148 -14.12903437  13.04196538   7.7744089
 -23.81658743  11.35612632 -14.10625197  -9.52128594   3.414016
 -10.23529744  13.7891867   -2.91564392][ 17.71304755  15.78455538 -18.39692225  12.54393579   5.46408641
 -25.37087934   3.71633966 -13.26636159 -16.94750021  -1.43214769
 -15.75601115  10.96143829 -16.04955043][ 17.59412137  19.48988362 -18.3909086   10.25966488  12.75994283
 -23.59405852  -1.4097974   -4.58864054 -23.23899614  -4.37176045
 -14.46084349   9.99165354  -7.84171386][ 17.39553219  20.10696817 -11.47510678  10.81180407   9.6834373
 -18.28947746  -0.03438217  -0.54222219 -13.86288912  -5.37400091
 -12.71078065  18.63041697 -10.02269768][ 17.29454274  23.13698408 -10.67353052   9.27064859   7.8641665
 -12.12470568   5.33374356   1.21882926 -10.25305236  -4.57261013
 -16.594569    22.09208322  -8.62129869][ 17.27638273  21.60674523  -9.74983065   8.83580595  13.72372001
 -10.73675801   4.59037436   2.00224667 -12.65349872 -16.77484784
  -9.64177815  12.0363124   -7.54985236][ 17.11570918  23.51840001  -6.52255704   8.00858531  14.92599851
 -11.92244818  -2.83455725   5.85729754 -10.88893059 -27.24378578
  -9.49689835  18.48681184  -8.41636878][ 16.94880721  23.45710871  -3.33449073  11.02764379  18.16608184
 -17.7572015   -5.47794683   3.10107787  -8.63345306 -31.38217227
 -12.09715032  17.18800616  -8.34690959][ 1.67088777e+01  2.25645948e+01  6.18591813e-01  1.30400151e+01
  1.87848110e+01 -1.43875652e+01 -8.61989889e+00 -4.92914254e-03
 -3.20364160e+00 -3.94069843e+01 -2.01010627e+01  1.92588276e+01
 -1.14230382e+01][ 16.01247416  20.34070444   2.37036006  16.47396598  15.43843771
 -18.25856697  -2.85634773   9.05606961  -3.93767216 -31.69502486
 -22.3902115    7.00093988 -19.66373542][ 15.23825584  17.00849318   6.64417008  19.80848223  17.96708175
  -4.83677397   1.88701817  -0.80098936  -2.00259065 -24.76106552
 -18.5543918    8.03788427 -19.48320904][ 13.86484893  11.19556422  10.5350821   14.49308897  11.52526631
  -8.64348104  -3.13709049   1.84552461  -5.24755742 -29.7048718
 -18.83740929  10.00307666 -13.72081815][ 13.15380906   9.7590827    9.57671857  11.89356633  13.07931772
  -9.26781416  -5.8755436    3.45388951 -11.14342712 -28.77984542
 -11.80056621   7.40067157 -12.87188017][ 12.04212122   4.18789216   4.56469599   2.25032167   4.25360487
 -15.1074089   -9.03943432   0.38632871  -8.42943587 -16.9848105
  -5.51198731   8.44724767 -16.19202317][ 15.11343412 -20.22966729  -9.60928606  19.94322976  -9.85308082
 -12.16641619  16.33204999 -11.52138841 -14.508388     3.54934711
 -19.32655163   7.86545349   5.69659345][ 16.17735902 -21.14419921 -15.00146098  17.04830654  -8.77001089
 -12.44234954  20.84435139 -13.43380748 -15.20725205  18.28786337
 -14.74735037  -0.43505403  -0.37213152][ 17.12506238 -30.16419381  -3.03617215  12.10855291  -6.77513135
  -7.09641305  10.50501668  -3.03004647 -28.22770834  22.55091195
 -23.40811069   3.65760367  -8.42124361][ 17.78088905 -39.09826647   1.43225373  14.50370251 -15.1034731
 -15.58954116   4.16811965  -2.75726596 -26.10229461  18.83942089
 -29.42808914  -6.98218176 -15.7898699 ][ 18.10536789 -41.78098837   0.70727848  20.27748876 -10.11865127
 -16.9739958    4.56112124  11.45641137 -10.31017122  22.94315558
 -24.32283708   2.55424759  -7.29721837][ 19.22009191 -36.95457963  -0.39417621  18.44569566 -12.41091197
 -14.65320823   7.33719779  12.69552414 -30.95528855  19.97700188
 -15.29707561   3.00200445  -1.27390489][ 19.86644821 -48.57293352  -5.31198723  27.39335269   0.08225822
 -11.47702638   6.96317087  17.6239404  -19.46970776  26.46217398
 -19.73126924   9.1409033    2.82326314][ 20.24405935 -52.96699168  -6.21260422  32.79472897   3.44413546
 -12.36766972   4.46905966  22.24297209 -26.53177112  20.95512877
 -13.58637555  12.422798     5.262561  ][ 20.31063244 -40.29926322  -3.45882664  23.35124673  -7.75612244
 -15.47033784   2.59697085  21.10489857 -32.33262667  16.46359763
 -12.60279509   5.25164543  -2.00589407][ 20.4514396  -46.60590322  -5.52359555  26.22417169  -4.65389229
 -13.86610675   3.42038295  24.2487647  -29.94081549  17.58479088
  -7.06092496   4.14336933  -4.4963763 ][ 20.44117225 -35.14759982  -5.52416041  19.58393636  -6.13920234
 -10.29399548  -1.0255957   19.6166191  -32.89461892  17.20390902
  -7.54914606  -0.84068611  -1.15400545][ 20.36199529 -45.32212744  -6.9854052   26.37470763  -3.74825781
 -11.27643544  -1.79232651  20.58316776 -33.85383916  15.20251257
  -7.97410521  -0.82914272  -2.84054467][ 20.03237904 -41.88970712  -7.0951107   22.85325089  -2.8010052
 -11.90395419  -1.97392732  24.70709621 -26.20219129  17.12574057
  -4.41542547  -2.47274803  -7.75635352][ 19.80129537 -48.22811733  -9.65742586  27.81651855   4.01805351
  -9.53548865  -5.27936796  24.13063973 -22.39241336  19.21306257
  -2.2447745    7.71981651  -3.11705364][ 19.51527096 -40.33203342 -10.21555683  21.38860369  -2.62354849
 -12.47210865  -0.51343534  19.8361103  -25.8679331   12.64982608
  -8.74181587   1.93025837  -2.12768642][ 19.51378679 -47.31159478 -13.42261187  23.57995282   1.90753315
 -11.23910054  -4.55686012  18.93861647 -27.44782873  18.07064957
  -6.87491228   4.66720757  -3.18528046][ 19.27840495 -42.24614488 -12.72731227  20.4702261   -3.5748636
 -15.2730197   -9.04274499  21.34416876 -30.9107117   12.83261947
 -11.18126883   0.32385447  -5.25836074][ 18.89445276 -38.82471982  -9.43189565  20.46794435  -1.94773592
 -17.5573546  -15.62663947  17.06364462 -26.33645477  19.20925231
 -13.67301485   3.37432154  -4.26119251][ 18.17743204 -33.25436538  -8.96824206  21.44995317   3.116468
 -13.69134451 -13.01624669  19.62944044 -15.73153907  19.13473927
 -10.14651593  10.08182325   3.69122052][ 17.18307639 -30.77256937 -12.71051951  24.45032934   6.65097888
 -19.84464746 -15.29937314  18.89349188 -14.15063753  10.57799839
  -9.23494448   7.0504888   -0.98528556][ 16.25538904 -25.67744352  -8.62920695  28.56755106  10.33164655
  -7.34123922  -6.58381131  23.89686794  -9.57576953  14.67954747
 -10.90912122  12.37046821  -5.39112306][ 15.22162894 -20.21871071  -8.40579166  29.79558145   8.84848328
  -5.37806596 -11.8033129   19.7360368  -10.50452273   4.97161971
 -11.09660674   6.56149939  -5.5340122 ][ 14.25839617 -20.8708973  -10.79519474  25.73697859   4.81915265
 -15.50880056 -19.25184422   8.25463082  -6.12533722   7.40095823
  -6.58152964   5.74290656  -2.17192978]