[ 13.88939806  16.78984973   8.60042445   0.73284691 -38.11529498
 -32.21895315  28.47296761   0.61640651  -3.78922635  11.17908826
 -13.13202796 -23.03625871  -7.18628119][ 15.80465264  20.01427244  -0.99375187   0.57965231 -36.19661371
 -17.92207923  32.54258145   1.28569195  -4.01104799   8.56191748
  -4.88075974 -10.06154655  -8.28566532][ 18.3843015   10.64951888  -6.24804377  -1.66650177 -37.84006783
 -31.04121852  30.20336412  -6.55346972 -21.22211418   2.49792757
 -10.49847086 -14.3115667  -10.4966813 ][ 19.68762085  10.62291603 -14.62972782   3.5177361  -49.04254127
 -46.22915275  34.21623038   1.48702304 -10.06636175   6.82477579
 -10.20691939 -16.8709333  -10.18271742][ 20.18621041   8.6870601  -12.14689214   4.31097645 -55.21173392
 -48.33556971  37.29787751  10.70557503 -11.5576347    7.77848543
  -4.03844263 -11.35646444  -6.76342273][ 20.48288985  10.5338497  -10.25881122   2.95898758 -49.27216809
 -37.02851668  31.18240308   4.321326   -16.20989708   7.63982527
  -1.56876487 -10.31874208  -3.65113121][ 20.45651031  11.75994936 -14.54541069   1.11858091 -43.39121199
 -37.70937578  28.77354188   2.39851085 -13.08608971   9.81607355
  -7.95662441  -3.35871348  -5.53648906][ 20.46938362   9.97662052 -20.98272596  -2.20939051 -33.19516017
 -33.27849007  16.34580873  -3.9131582   -4.28604517   1.65704281
 -13.87654065  -4.13256625  -9.37123145][ 20.57547984   8.94980341 -17.88391017  -3.42811378 -24.84246189
 -26.30994573  16.0611739    0.31259966   2.35720911   4.47392437
  -8.83028266   0.59360836  -6.03180127][ 20.45391734   6.30265404 -15.36850052  -9.47022962 -30.06302174
 -29.33395342   6.58331604  -0.93265519  -5.96299685   4.04079741
 -13.35892798  -0.61164537  -5.57692299][ 20.16810446   8.79663603 -11.13342363  -4.79580142 -36.54756846
 -36.59868434  14.32979099  -4.10092289 -11.95366734   5.98744909
 -25.92253094   2.89498296 -12.6626692 ][ 19.6933338   10.9803848   -1.52155392   1.7280646  -44.67603854
 -43.24401334  28.75486764  10.47238906 -28.29617315   8.6726552
 -27.87781506  18.91448011 -10.17783044][ 19.42763005  11.31388059  -5.68812344  -4.79679428 -41.47773682
 -40.06184985  27.02858195  -2.66196152 -42.77395511   7.5146958
 -28.82332159  19.04017603 -13.22160136][ 19.10195214  13.89842074  -6.29465588  -3.91733069 -28.88983769
 -31.06402762  24.03588656  -0.579659   -39.48351559   1.14949989
 -11.94676906  24.38016608  -1.14508328][ 18.95613157  15.21137752  -9.47587681  -1.40168932 -23.217779
 -21.38070464  16.38230859  -7.24218551 -39.9414279  -17.00756195
  -9.53831391  23.45804635   1.44498447][ 18.93946062  11.78642371 -12.04684135   1.59453069 -16.17320542
 -24.47752381  11.39017787 -21.99983234 -45.98406166 -15.98282015
 -13.94847879  35.00344417  -9.72941438][ 18.81988945  12.06624169 -13.92757214   3.32970924  -5.4922302
 -18.15421601  13.28776645 -34.77239488 -34.91804796  -8.62125135
 -10.82636226  35.87221699 -13.69917489][ 18.29616671  11.75491389 -11.09692291   6.02957609  -1.14664303
 -14.00575108   9.45245415 -41.59419579 -23.55008921  -0.79212204
  -8.97445549  29.61957553 -18.58257979][ 17.53118146  10.72424161  -9.54775401  10.52055897  -1.12067045
   6.72569047  -0.66798945 -32.14365715 -27.4151694    5.68737756
 -11.59564439  15.3913885  -16.36785275][ 16.91769314  -4.05972823   2.58052594   3.35144164   7.00654756
  15.96333356   0.2390238    2.57493854 -37.76364159  12.29870321
  -5.54585339   5.9999007   -4.70560237][ 18.37009709 -16.40182645  -2.58434629   3.63901069   3.05918033
   7.34672211 -15.67709112  25.07045345 -43.02661646   6.98085374
  -3.85712329   4.61933758   6.99591431][ 18.94733759 -25.1872402   -2.30659796  10.97384303   2.6272662
   5.87985161 -19.10480802  27.30592328 -37.25642488  -0.45948819
  -1.64348904   7.05134336  14.29481523][ 19.15938553 -30.63178809  -4.90936198  14.61727885   4.61985441
   1.30228352 -16.5492832   34.03260554 -25.13973127  -5.45845163
  -4.39572699   9.4151744    6.35601687][ 19.12887517 -34.80727044  -8.90915345  23.07901975   6.35605069
   1.18082213 -17.49199057  28.58372754 -25.94747729  -5.34594446
  -0.69357803  12.12127362   1.92619518][ 19.30351906 -33.84864553 -13.08617878  18.15590938   3.39854427
  -3.111222   -16.13496923  35.37853343 -19.61116092  -1.21817907
   3.30114115   4.32762341  -2.3476271 ][ 19.29960753 -32.12342454 -11.90315927  17.45190638   3.41961263
  -5.79772984 -16.61993649  30.36880454 -25.69864648  -1.87850779
  -5.60147919  -0.80185256  -5.49511236][ 19.35526052 -40.47736738 -12.10298519  20.66895222   4.00251644
 -10.52276318 -19.97675201  26.50719917 -22.54929118  -3.17004477
  -5.18432923   1.95464556  -4.15617015][ 19.60621575 -43.2248665   -9.20444239  25.86131002   3.49529075
 -10.12710685 -14.89981881  35.60381009 -18.37372095   4.84302411
   2.55605631   2.40302489  -9.28057355][ 19.61473332 -47.11394509 -14.20426066  21.94652128   2.13544855
 -12.94348907 -17.13210669  32.13842312 -23.36397335   3.19946211
   5.50023507   8.41745192  -3.07029917][ 19.47846527 -34.66849852 -10.62854562  19.08071546   0.88948033
 -11.00773107 -14.14510819  26.71296349 -20.81735306   7.12839246
   2.00650276   1.07730444  -2.61930002][ 19.36029715 -35.40652133  -7.50520259  22.45113209  -0.09135585
 -16.11382587 -11.33544656  28.01468058 -24.16848213   1.44459376
  -3.59523417   5.44665223  -3.75867322][ 19.59891299 -39.10643034 -10.55434471  22.88884901   2.06987944
 -17.53143802 -10.2912489   28.25702744 -29.60374612   9.70544078
  -2.12717782   1.73272565  -9.40475068][ 19.84977194 -46.04726338 -12.36053585  26.17753271   5.2218664
 -16.90723985 -10.68862639  29.56724567 -37.44843165   7.34356531
  -2.24565185   1.75177983  -5.14268482][ 19.76438756 -40.22921593 -10.58785229  22.16928406   1.19272001
 -18.65511033  -8.53989397  31.19838234 -36.83999217   2.83889944
  -3.02651397   4.59682849 -10.26302926][ 19.56866922 -39.96179406 -10.68686369  23.18127068   4.69895804
 -20.49603623  -5.20112843  30.95461441 -27.71105165  11.65175105
   1.58316251   4.82292951  -8.45916027][ 1.92109788e+01 -3.60401129e+01 -1.29072343e+01  1.86594459e+01
  5.80681498e+00 -1.71450450e+01 -2.61307973e+00  2.85148674e+01
 -2.49730604e+01  8.77588913e+00 -3.57303124e-02  6.11663821e+00
 -1.01209161e+01][ 18.88813212 -32.76772864  -9.56708128  18.311372     5.64651408
 -19.0713683   -0.25123454  27.32827747 -28.54602566   8.63038247
   2.30089497   5.57356992 -13.62907669][ 17.84964736 -32.88750613  -7.31439523  27.49312121  10.26912864
 -12.47388034   1.08013984  24.11809786 -20.48846809   2.20055152
  -1.00144796   3.98411627 -14.02921978][ 16.98710578 -10.74764844  10.89952229  35.80942043  15.60146912
 -19.70440557  -6.88030147  12.89454692 -22.96613136  -4.15748741
 -15.67497069  -3.43511475 -12.52254688][ 18.64239094  -5.0542186   -4.38931475  36.14323459  15.33429306
 -41.78302558  -3.10982998 -20.22938527   0.49473244   4.59750199
 -23.02468043  -2.65370838 -17.57893928][ 19.6567655   -5.69591682 -10.17665695  36.70468653  16.15726632
 -53.11053389  -5.11529835 -25.0953861   -5.99506349  -2.14048449
 -40.34338824  13.24834955  -5.61113946][ 19.96234947  -3.30665094 -14.57493029  31.01834727  16.66933399
 -56.45569658   1.79349779 -26.72899314   0.27175677  10.01391683
 -34.83828253  22.93303284  -3.28652704][ 20.11032257  -1.71318481 -19.13713263  25.18147329   4.35419667
 -57.62425582  -8.82009126 -22.46804974  -0.58431479   4.29445921
 -34.0980778   13.7106038   -0.40065593][ 20.06395392  -0.31452099 -22.86795929  23.79906498   1.12511134
 -54.93874848 -15.63637356 -20.98775426   7.21205051   5.2631465
 -28.47375308  10.45203263   6.40760825][ 19.95968247   3.76049779 -24.4797952   20.9696307    7.37434105
 -58.68632084  -5.58295336 -18.38889125  12.67736008  11.57901769
 -26.65474223  14.56769774  11.69214488][ 20.09944591   1.69174995 -25.20887528  21.18433052   4.32877828
 -51.42574938  -4.5544804  -16.05540157  17.91909551  10.36661103
 -26.84699699   5.75373708   7.63374092][ 19.90688122   3.76261898 -24.67732862  20.94224631   6.81675326
 -44.10120721  -1.24795308 -13.45771523  13.43663935   7.56538355
 -33.84963873   2.99261968  -0.91287   ][ 19.82867608   2.33816948 -24.74176187  17.91112703   4.79104482
 -39.17822064  -3.71313319  -3.23003525  13.37753075   7.46087197
 -33.09255793   2.36984387   0.74238499][ 19.73594301   4.88938761 -27.23120032  12.78266736   5.01660676
 -46.26730963   1.22342777  -6.64765563   7.69214132  10.29480041
 -37.58224952   4.1467401   -4.28215992][ 19.87121388   1.99573667 -25.09683056  11.4369128    1.34233046
 -29.39648788  -0.40256498  -8.35585818  14.96408926  13.09185233
 -22.95711603  -1.81469294   0.58217581][ 19.77057339   7.10051038 -29.29911594  11.63882403   1.56754048
 -36.49979534   3.83109827 -12.56420644   6.4759306   20.52445377
 -40.13573676  -0.65110927  -4.39686876][ 19.6592212    7.02390642 -31.22323312   7.81893093  -3.73833785
 -38.54458367  -1.59079614 -19.58914779  -0.67167864  20.09425257
 -44.86862786  -8.06447342  -8.53770185][ 19.43240917  10.81412107 -30.46891226   7.00778228  -2.20757464
 -32.28148344   4.78118479 -21.52926936  -2.5963738   25.74040729
 -38.13912815  -8.53465513  -5.62013718][ 18.85623473  11.40015169 -25.7953729   12.61382491  -2.58823079
 -20.1421719    5.28651026 -21.96286202   5.29204937  21.77934513
 -20.23166031  -7.4319019   -2.60794993][ 18.1352271   14.79284179 -22.63858778  13.41244465   2.73618206
 -14.72784422   0.13817487 -17.11384502   0.83402152  19.60422077
 -12.74908565  -8.06644699  -2.99658215][ 17.45608034  23.42104903 -28.15045403  10.00308292   8.32326451
 -19.5802131   -6.97154158 -26.43206072 -14.9346753   17.24033784
 -25.81855414  -5.58122706 -10.30625738][ 16.88477603  23.26289945 -20.26493095   9.52761167  17.28119163
  -9.70299488 -10.44058542 -26.25420072 -17.32580499   1.42681663
 -16.96214189   4.04721975  -7.20985197][ 16.50921346  21.51994473 -17.02628011  12.51740731  15.38831383
  -9.64209241  -5.47226695 -20.16447555 -21.21504108  -4.17700529
 -14.10555989   6.0503968   -8.76254486][ 16.42450028  22.63652858 -19.259226    18.98847111  21.28073997
 -12.28494726   1.35589825 -21.85154275 -25.24308337  -1.17821113
 -15.39281362  15.92477428  -6.27499554][ 16.4336616   17.74967261 -19.29365027  16.81356048  22.00360206
  -9.61616744  -4.21676137 -22.5055728  -30.98049083 -10.18066957
 -16.41640445  12.30536445  -5.63418475][ 16.51904728  15.52474329 -17.67230868  13.5259073   22.31019435
  -7.81472481  -0.72304486 -16.90068223 -26.70594074 -12.67785236
 -10.59102443  13.5980507   -6.86076958][ 16.4586375   17.13452241 -19.23588724  13.76268028  19.35553258
 -10.93552959  -1.994249   -21.42376671 -23.92656048  -5.5251961
 -11.1655279   17.69125397 -11.36356405][ 16.24372225  14.90460903 -18.06722125  13.5782309   18.65261909
  -8.85638485  -1.71728937 -21.81622456 -16.41717287  -6.20805221
  -6.51800662  22.7204731  -12.21362272][ 16.31800865  15.71337193 -19.58752218  14.72027132  16.78732627
  -9.74848334  -0.59082348 -22.47433276 -14.04217609  -9.88692378
  -9.5802159   21.76196965 -12.67901519][ 16.15159852  17.16015169 -17.71938559  15.62624335  16.42790583
  -7.23864013  -2.23767955 -25.90689847 -19.09495244  -7.96564962
  -8.74683569  20.60508052 -12.0104462 ][ 16.00305578  18.40295231 -15.61509509  12.49809862  16.25944933
  -8.05176415   2.56720725 -21.36158413 -12.2342125   -6.71901013
  -5.54146183  21.2807837  -14.66210315][ 15.87297574  17.39043187 -14.22669191  10.09025012  13.02686034
  -8.2057468    2.0146135  -20.28985888 -14.4974821  -10.36471747
 -10.55564255  14.71189219 -19.87365954][ 15.54197689  16.92574098  -8.56258887  13.7979015   13.78661382
  -4.27634804   1.72998775 -25.39876221 -10.9926418  -15.42133698
  -7.09672918  11.79563535 -19.09664157][ 15.2846606   17.0432462   -5.84219116  11.3631508   14.11569317
  -1.86643514   2.38050986 -16.85632703  -2.3585488   -9.02244173
   1.36879719  12.10754311 -18.72744686][ 14.99362119  16.75897605  -4.64647127  15.28146299  14.24779814
   6.76722214   8.04738383 -18.71300423  -2.34369638 -19.14185882
  -1.64683492  16.42088578 -16.99091507][ 14.79245866  14.44575014  -0.4423572   18.49443977  13.74851107
  13.29710259   4.32349933 -22.21457131  -9.78192797 -29.95669124
  -6.7356112   10.39112996 -15.65689337][ 14.34182201  15.15444544   4.46192146  15.75794811   9.13431626
  13.65122967  -1.64891773  -9.42235526   4.38161881 -18.01264415
   0.11111694   8.15528824 -15.75650687][ 13.56569802  12.81783955   6.09011624  16.02186936  16.85491025
  14.39569812   1.22420107  -6.8784544    1.05199721 -22.79502414
  -2.46137338   8.4567229  -14.8116097 ][ 12.67928866   9.1246989    9.60276134  16.11062411  15.28940831
  16.03927648  -2.8518733  -11.00868277   1.13790283 -21.70668439
  -2.4650966    8.13518712 -11.19174405][ 11.60348933   5.03089956   1.03400462   5.58575584   7.54775974
  15.08592135   0.62682174  -2.54908124  -8.9413242  -16.17484564
 -10.02985195 -12.72776594 -11.2596379 ]