[ 13.68913326 -14.94027177 -39.11342457  11.72987776  13.30296478
  -3.22322574  -5.40454035  12.35773846   7.67319477  -8.0479759
   7.12491962   6.26826913   7.64390115][ 15.7758909  -11.33293002 -39.06503643   5.26923569  12.31746374
  -5.50456631 -19.70793691  21.33879983  -9.14199078   6.76515454
 -11.12723829   3.41916115   2.29450314][ 17.09682667 -27.69121785 -29.83191022  11.40767063   1.31830528
  -1.11473409 -14.09995217  14.41115807  -4.22280356 -12.63570713
  -4.63642843  -1.30929055   3.21288668][ 18.26653781 -32.5954189  -24.94026727  15.60847128  -4.94615423
   0.0590137   -7.84414954  29.13978479  -6.11911621   2.06875034
  -1.76439206  -7.69372226  -3.4396866 ][ 18.59978052 -34.38540326 -15.96288243  20.50886514 -12.8935243
  -5.50141533  -5.18895552  27.25365538 -16.18972045   1.09387707
  -0.44995084  -6.23146311  -4.69653235][ 18.6836276  -36.81603137 -15.38162001  17.64378293 -18.88216686
  -4.99577091   2.21859455  25.40104922 -14.16864294   9.23381372
   2.29845157  -4.64040262  -1.93911471][ 18.94229472 -32.95498418 -13.83282855  21.43566433 -11.9159616
  -2.16663931   1.27920663  15.11582492 -19.00348294  15.6267167
   1.03946626  -3.50714679  -0.83768639][ 19.28168735 -39.9866465  -15.96361605  25.97139403  -8.88675154
  -4.002387    -5.14753361   5.4967639  -25.59338923  28.71589623
   2.06799991  -6.04123842  -5.29036168][ 19.53854011 -45.61095847 -14.09501279  19.54524259 -14.20578812
  -3.904878    -0.93382392   1.58559382 -23.0993319   29.53057007
   5.34520519  -2.02030902   2.11233084][ 19.42827486 -42.51726934  -7.07981653  18.10149173 -12.29203774
  -3.61187661   2.61215273   0.71573215 -16.4886468   21.76713935
  -3.68684148 -11.21544111   0.09280207][ 18.72468002 -35.2769073   -2.01851208  15.21474772 -12.0861426
  -3.97865789   9.62328065  -4.56782479 -13.6660212   19.16818408
  -2.99927216 -11.61115802  10.62332302][ 1.77438739e+01 -4.44056968e+01  2.59943853e-02  1.96427059e+01
 -9.25159296e+00  8.67117277e-01  1.36061568e+01  3.28519626e+00
 -1.41699296e+00  2.83166694e+01  1.37136243e+01 -2.51735708e-01
  9.10541900e+00][ 15.64508389 -33.6644625   -0.52054772  24.69849528  -4.33163721
  14.6485106    7.37137247   6.86504248  -0.68360764  19.94564103
   2.2005974   -6.08563886  12.87087651][ 14.6259498  -33.17101141  -8.75033296  24.09395486  -4.63887386
  11.81463188  10.41443309   1.97702848   0.22237324  18.71273813
  -0.86021667 -13.64618898   3.62044249][ 13.87755454 -28.66000849  -6.16473581  25.70028933  -8.42521481
   8.29784717   7.37246968   5.38301267  -6.35962031  14.4344997
  -0.48342904  -8.86861236   4.99540077][ 1.30484036e+01 -2.85858198e+01 -6.30406939e+00  2.61885131e+01
 -5.58633251e+00  7.96629611e+00  1.32987026e+01  6.22880975e+00
  1.77859624e-01  1.74289843e+01 -2.60873445e-02 -1.21706605e+01
  2.27218181e+00][ 12.35300477 -25.82808873  -2.30586571  24.30635464   1.58159111
   5.1311384    9.365286     4.73374157  -7.99332535  10.54827288
   0.99352529  -2.13770746   3.10028874][ 11.67142101 -24.72663636   0.60920784  23.67695224   1.04198818
  -2.95601043  10.06581876  14.78967066  -6.9103482    6.88146627
  -6.08423792  -6.04047369  -1.9695543 ][ 10.97628806 -23.41668054   5.01203841  20.09157012   6.08050195
   8.84600944  12.09509086  19.38806772   3.00954831   8.9169086
  -0.85911555  -1.70078992  -6.58974512][ 10.21069487 -16.91416611   4.06761516  22.03941254   4.63992908
   9.76745084   9.89310413  10.13523286   3.47804572  -3.74028585
  -3.06035666 -14.19501007  -3.47409827][  9.95998581 -13.78053867   5.13822595  20.85325949   8.56900035
   7.4841539    9.15797622   7.71146371   4.41696758   3.48382588
  -6.73711108 -15.07200401  -1.31691032][ 13.94936311  -7.49184929 -19.69855132   7.28735172 -10.26567571
  10.05091925  -1.38465899  -1.94371936 -17.3906976    5.71750673
   0.05371673  -4.77234346  -1.90300036][ 15.19751361  -7.10702712 -12.95502835   5.75006662 -19.08560221
   7.10903474   7.02730175  10.65793797 -10.85683128  -1.03434984
   0.68117989  -3.66325661  -4.74802216][ 15.6916004    1.52899404  -0.98667712  16.35910215  -8.48093666
  12.84477265   6.75161854   8.19143786 -12.0183112   -2.67988796
  -2.34731263  -6.66844273  -7.44990807][ 18.63210827   8.46387157 -11.1509411    0.46417171  -0.5012013
 -28.30136535 -19.25121394  -8.59202041  -8.93108771  -3.23197406
  -7.28461685  -7.70463759 -11.13284033][ 19.69924634   8.28057398 -14.98612885  -0.35178922  -0.35864933
 -35.11894177 -18.02899056  -9.09221785 -18.36605063  21.96636075
  -6.45817811  -3.56321569 -12.57585586][ 19.88365771   6.29651749 -16.76681167  -1.96850399  -1.9318299
 -35.75611513 -17.88770952  -2.45163343 -16.9817118   30.38729479
  -9.10949777   0.46404013 -11.25112379][ 19.90485017   6.14781923 -17.25878563   2.67469514  -1.07638046
 -36.70544399 -14.00881057   0.50589231 -15.24651005  42.87507257
  -9.55516756   6.19631834 -10.70711451][ 20.08087749   5.12305767 -21.75434507   0.55897532  -9.02141596
 -43.37958569 -14.78104889  -2.29125871 -19.00330829  38.71737224
 -16.45476202   2.37885556 -21.05862597][ 20.23965575   2.83331881 -25.27348669  -2.83996759 -11.29400973
 -43.30728506 -17.22084665  -4.07215549 -14.75435166  35.57646848
 -17.3333007   -3.40753504 -25.34947117][ 20.43852152   2.94984494 -22.20007203  -1.64181741  -6.36563147
 -37.22488733 -11.44167426   5.80531386  -5.40220413  42.79776625
 -10.49319794  10.6178084  -13.99513213][ 20.29204015   5.7243593  -20.41033388   2.55586779  -1.57109731
 -35.39665339 -13.15941742   3.13624239  -6.26915673  36.94757629
 -19.07731747   9.96437686 -18.55820546][ 19.99985766   4.63053362 -26.71928043  -3.05740562   3.85228355
 -43.9014187   -9.56277149   0.1514313  -12.58571274  40.40021069
 -34.04328252  13.98905794 -22.48686347][ 19.98820038   3.71655463 -27.14094752  -1.04244264   2.21692902
 -45.50729375 -13.41865285  -4.99596803 -14.71076516  30.71819454
 -40.65725453   5.7437354  -26.9311186 ][ 20.07192482   5.54102362 -22.48522167   3.36439691  -0.31920029
 -39.2819263  -12.65564245   2.32837916   1.69457576  27.40414083
 -22.54476151   0.71007299 -15.76733851][ 20.29429787   4.96012824 -22.74409747   1.03232283  -7.12627332
 -42.75504853 -17.57008452  -0.76973717   8.31492476  22.29756887
 -18.81853237  -1.88129479 -14.23359024][ 20.54226823   8.2768381  -25.59245848  -2.29816449  -8.10449156
 -35.65854289 -13.32123746  -2.50330053  10.16721885  17.81079471
  -8.96555067   6.06789559 -16.39084069][ 20.6537349   10.0871054  -21.94079839  -0.9684649   -8.3566343
 -31.71785127 -11.59105837  -5.89178943   5.88945185  15.28148608
  -7.55674496  11.64707211 -15.3913703 ][ 20.48985032  13.16213319 -21.08781728  -0.95103524  -9.06140703
 -33.01403633 -10.20849346 -10.60941224   7.19573031  12.46781871
  -4.00205491  12.46814389 -19.43352133][ 20.28237228  11.30538394 -21.70271152  -1.43689361  -8.48617857
 -37.89263268 -19.64518357 -15.7679818    4.98479807  19.13731934
  -8.77847381   9.99786598 -20.58513359][ 20.15867837  11.55233808 -21.05385139   0.19281233  -6.26463644
 -40.06939832 -20.21085167 -17.69417451  -0.46933152  27.14764301
  -8.23786317  12.74440029 -18.99109741][ 19.98366973  11.93618644 -14.27760307   8.51320596  -1.27714736
 -33.20123313 -14.53131645 -12.87734819   6.11728854  30.6603265
   1.65629996  18.43053068 -12.15644527][ 19.71487514  12.75721129 -18.7517066    7.85760077  -5.98566568
 -40.57735837 -18.94830087 -15.6930724    1.07900804  25.71744768
 -13.80266148  18.83341188 -15.64693088][ 19.50402749  12.04656647 -19.17480615   8.4596618   -3.95540714
 -40.56976082 -19.10447689 -17.59625872   4.26454733  26.12967343
 -14.40852999  17.04626876 -16.93466411][ 19.41785771  11.8117515  -18.93574183   9.33369653  -5.40202288
 -40.76421806 -23.26095071 -21.44885211   5.44073448  21.58142232
 -12.51385329  14.66392317 -12.63444443][ 19.17373754  13.0902283  -19.59866636  11.45171199  -5.888768
 -43.17062278 -19.96884334 -28.12763905   3.64310815  24.4907353
 -13.80553045  21.52619391 -12.89036411][ 18.47966703  14.93224306 -18.08414783  13.81813492  -5.27456344
 -35.72947398  -7.50487731 -23.6289577    7.14767114  27.21145584
 -10.43368092  19.74862907  -3.49649916][ 17.12176648   9.33901709 -16.8690748   27.88956254  -3.43237282
 -39.56179936 -19.80865237 -27.37249381  -0.72705076  28.74648697
  -2.63242624  -2.63948081  -0.21672854][ 17.55756631  15.27701255 -16.34512202  30.03489985  -6.52312619
 -32.48739119  -0.72929793 -25.34439927  -1.56275035  30.2642658
  -0.12548322   5.23860714   1.95112108][ 18.24334262   8.57668942 -14.80013053  25.01659249 -14.23948872
 -36.7706043  -14.85550381 -31.42842367  -0.50778038  17.87121865
  -8.34456033  -1.32143508  -3.87986644][ 18.5768389   14.65635042 -21.43413062  27.86226365  -9.10281928
 -37.13981157  -8.83036184 -32.30197703   6.94755749  19.12484017
 -10.74003832   6.76086693   4.52950069][ 18.7657478   13.70197448 -25.84006235  24.94083117 -10.51200522
 -39.92023652 -16.68455032 -35.69775812   6.11406205  10.60797384
 -18.08552326   2.07552215  -1.25781169][ 18.82786411  16.4971721  -26.55057237  30.70836329  -7.40630685
 -38.93459033 -17.61736138 -33.83608089  16.38324975  10.0302239
 -11.58135677   7.87416878   3.07501029][ 18.72779708  14.34628365 -22.99982405  26.36630373  -5.51351684
 -33.78827302 -15.94258401 -29.57768959  14.03361179  10.73945809
 -11.27634043   9.92456507   3.27148563][ 18.49500059  13.11310593 -23.05577222  27.73305663 -10.45572854
 -30.81707132 -24.23932684 -36.7525249    5.07571682   8.94374955
 -17.40751455   3.88113951  -5.62977596][ 18.50438651  17.12486281 -26.83055547  31.052218    -7.74335431
 -30.27002313 -15.69547258 -36.37884199  11.29755121   6.24733292
 -19.78968695  15.28664797 -10.89915515][ 18.58712837  14.12091816 -26.73481873  28.55205358  -3.41098927
 -37.84743361 -22.09485826 -36.45820538   8.11269091   1.29112052
 -27.39438153  12.26987997 -18.05303447][ 18.70078183  14.75834371 -26.0105068   30.19859414   1.63224167
 -39.17036842 -19.69836488 -32.82419624  16.25450527   1.35104481
 -23.58285624  18.59249468 -16.85685339][ 18.938149    14.5207948  -26.01366865  29.22753516   4.24869192
 -33.90853482 -19.40769663 -25.49550611  18.93797322  -5.17773392
 -16.95407015  17.88574207  -9.12846288][ 18.93294143  14.55531048 -25.19133983  22.17470046   5.34428062
 -34.88539067 -26.64776154 -16.63065221  16.41511968 -10.97956304
 -15.89080605  15.05664321  -3.63639257][ 18.95513596  12.83248046 -25.39072853  21.55736148   5.96995241
 -35.67384021 -25.08243992 -19.71553746   7.37372286  -5.17937544
 -20.12664054  17.80314085  -5.41127468][ 19.06206208   9.78145659 -26.60163819  24.33462716   1.65740184
 -37.19887139 -18.63176548 -22.91275472   1.58562745  -6.72599537
 -20.26968102  17.24845543  -3.51820439][ 19.13861194   8.40553823 -29.05417054  23.90076064  -5.73741824
 -48.40670953 -15.93581462 -27.24582428  11.23876538  -1.92347567
 -19.86245402   9.03141835  -7.39026605][ 19.09473082   8.29652816 -26.18173265  26.44682355   0.78290459
 -51.53793513  -3.16507087 -18.79868726  28.09354      4.6322203
 -16.21341693  17.261565    -7.09258275][ 19.16926033   5.36151187 -26.13046346  26.44889147  -0.38948027
 -53.63151628  -2.7012818  -19.36404373  30.98277329   1.73665301
 -19.79760816  16.1142184  -12.77255475][ 18.57733309   6.12415435 -19.22339015  31.77474058  -1.43130653
 -40.64795843  -8.81205609 -16.24055132  26.96805373  -8.71715949
 -20.78991129  12.34197267 -10.49567651][ 17.84062346   5.17184479 -17.04903682  32.2820366   -8.45117378
 -38.78661311  -0.8381101  -12.58688698  30.3833854  -16.92571844
 -24.0140758   10.64067101 -17.75473798][ 16.99624737   4.7437165  -11.98689171  27.66668499  -8.51504688
 -10.51350702  -1.51250873  -9.61897148  25.90257603 -13.85866636
 -23.28403259   4.39736841 -14.51683757][ 16.35748613   8.3037503   -9.5221548   33.26032663  -2.44045147
 -18.52440332  -0.54234261  -3.62895825  34.92982774 -18.13597443
 -28.44111101   2.18050665 -11.23876629][ 15.93978543   8.8390074   -5.13448747  32.17058971   0.05468499
 -16.04181521  -6.01149944  -6.19717481  28.49002354 -19.80106815
 -25.90384556  -0.58243029  -8.40360566][ 15.34345987  10.41245682  -3.31519782  34.14541247   0.95863419
 -11.19157191  -6.22246528  -0.44219063  15.99602469 -23.90845084
 -26.34069872  -6.71820091   1.10719238][ 14.76226173  11.0928126   -5.98871805  27.93067019   5.7717648
  -3.56686371  -3.87610712  -2.93128783  16.45899877 -23.61718854
 -23.5640609   -8.52467114  -2.15771185][ 13.89006385  10.69486622  -1.45192525  22.34562199   9.22372787
  -3.79284351 -10.91586216  -6.66881719  10.20989683 -25.64584557
 -17.55857119   7.42940744  -2.27413165][ 12.79775238   5.03986448  -2.85072814  22.74561401   5.68002552
 -10.14196172 -22.96434948 -11.74068874  17.09583766 -18.66290105
 -26.45274063   0.55791724  -2.17436651][ 12.10179271   0.97143979  -5.37138227  15.24432291  -0.24848139
 -10.86333832 -23.2624412   -8.28979113  20.80304911 -12.49555937
 -22.50251918   7.86008332   5.77693963]