[ 12.78730724 -13.63946243  25.40294407  23.48885725  16.01080809
  35.51459849 -10.89744416  10.85565219  -9.14090173  -6.86804507
  -7.78286058  -6.94755962  -4.03984659][ 15.98471021 -11.15349534  39.55301706  12.07479941   1.26329327
   8.1167001  -13.86840838   8.14494695  -2.19127111   8.68487309
 -13.38265902  -7.92108304 -12.13701839][ 16.93647179 -11.03375967  41.6771549    8.68318478   3.31112359
   7.16073984 -19.9113904   -1.2799817  -19.20221513   4.08357727
 -12.62061682  -8.24879375 -11.46662917][ 17.4268563  -10.05344118  41.94640719   5.17030674   0.23640873
   2.6473563  -17.68496069  -1.20769757 -11.42996979   4.15320065
 -13.24541597  -7.35498058 -13.16666683][ 17.82993108 -12.01492085  38.30791948  -1.01241123   2.15035112
   0.49368589 -12.48830674   5.0602257  -12.98491367  -9.39693395
 -15.00649167  -4.73345761  -0.10490956][ 18.12516173 -13.8378812   39.74594108  -3.88029948   3.05228387
   1.58589476 -15.28252145  -1.34618785  -9.48854237  -2.76987839
 -11.5073522   -6.61619833  -4.76885387][ 18.29983054 -15.71387072  40.39042503  -5.40345955   2.16434022
   5.72052105 -10.40573857   1.09345277 -11.81316855   2.68030639
 -10.23446296  -1.84701966 -10.39283824][ 18.53013041 -18.64416804  33.78065363  -6.68281782   8.07902063
  12.24388869  -5.20734133  -0.15348992  -4.92915977   7.60516874
  -4.99758796   0.66353906  -7.95494746][ 18.71566225 -23.37231569  34.53552048  -6.11313662  17.86760761
  18.28307496  -4.70815987   8.44912379  -1.65376689   5.9469618
   3.35347856   0.79695811  -9.97547802][ 18.60918903 -23.66021815  30.11821217  -5.21979138  18.72004468
  18.74993145  -9.26853404   3.8878932   -1.72210533  -2.33657162
  -7.24547924  -1.64084084  -2.71234831][ 18.52652204 -24.92755447  30.04120122  -1.1748174   21.6595566
  15.75814107 -13.27826171   1.02754895  -4.78169829   2.26755625
  -6.29136904  -6.30800279  -1.04846601][ 18.67909247 -24.55267283  29.16990466  -7.36319803  15.93803554
  17.54605162  -4.98853209   6.57447467  -4.85251278   0.23673325
 -13.53392031  -2.6635801   -1.27117267][ 18.74966538 -24.92628928  31.05450118  -8.44813472  12.34730592
  19.19113852  -2.42995459   8.97639559 -12.47515403  -7.7300755
  -8.02844632   2.69736537  -6.000803  ][ 18.84451576 -23.91067785  28.36370577  -7.55406133  11.60550372
  14.06573703  -6.39598238   3.54363835 -11.96114604  -3.40898162
  -4.97590065   2.24763477  -7.49484325][ 18.70012931 -25.11043194  27.87229631  -5.15138538  14.80492086
  17.13045794  -5.15038285   8.60543376  -2.96293424  -3.74431945
 -10.55630048  -1.30049111 -10.85023957][ 18.60347782 -22.5952313   26.24741162  -2.40334916  16.24686488
  12.26971042 -12.94883127   1.56460244  -7.18389777  -1.14091632
 -10.01016478  -3.91943883  -5.66744457][ 18.16975373 -17.49146949  25.69633033   1.10395902  13.64112919
  11.19581321 -18.87900888  -2.05745995 -12.24423944  -3.17330548
  -4.47657582 -10.98154069  -5.75500671][ 17.76682224 -10.65017437  18.7426731    6.35165306  12.81890874
   3.88520824 -26.17918731  -7.85507413 -19.12046759   4.84979001
   0.26300362 -14.39966134  -6.37440136][ 17.71555459  -0.85520718  10.51847868   8.55412805  10.74174668
  -5.0031192  -32.77081732 -13.06879188 -13.05867492  16.22785853
   2.7499255  -20.60828863  -5.05953022][ 18.9616594    9.35728639 -10.05968745   2.87244988  -1.04427905
 -10.20744832 -20.26336735 -18.9060896  -19.27160085  -0.87954201
  -3.32683593  -2.27517784  -2.7724674 ][ 19.72890888  11.93356089 -16.45993629  11.2445758   -2.56738329
 -25.69107116 -15.26370189 -26.30425089  -5.85515381  19.32325052
  -2.80512867   0.0482965   -7.06567964][ 19.92563647  11.49213741 -20.12765089   9.87476451  -6.51711283
 -30.92491517 -11.44018617 -30.26366487  -0.30385664  26.16439265
  -5.95995439   4.70904702  -7.82278607][ 20.08059292  11.68841037 -23.66393824   9.80820931  -6.68775166
 -34.06524601  -6.93757504 -24.20473415   4.04490285  29.38453465
 -19.2758813    3.80305988  -7.44596923][ 20.41706684   7.27768046 -26.48728233   7.56388991 -11.75711215
 -36.90067716 -15.94810709 -24.59131069   8.62839318  24.67490628
 -15.93408018  -3.90189825 -12.02730432][ 20.61428895   6.27997353 -27.43409726   9.20631673 -12.40407588
 -35.40713801 -14.91677281 -21.52022156  13.06719933  26.17845127
 -14.08020792  -3.49067432 -10.46413937][ 20.92439441   5.35247537 -33.24496106   5.89781999 -16.1279631
 -41.70932253  -8.10786515 -23.23818695  15.66737738  25.55715156
 -16.43708261   0.17652107 -16.4693508 ][ 20.83739752   7.04800393 -25.82581026  11.59825035 -10.87231736
 -36.09706227  -9.85345624 -18.30294281  19.75998693  26.38357688
  -8.76503891   3.13393117  -9.07233752][ 20.7143389    8.91966568 -30.93660917  12.63360052 -11.17507048
 -45.28511393   0.62609796 -19.21213058  22.76202919  30.84351292
 -14.35886939  15.23897051 -17.56906574][ 20.9651725    7.87920105 -32.07418449  11.39268613 -12.1021699
 -44.24729178   1.97939213 -18.15545761  24.49517775  27.41303254
  -8.00745878  16.82857    -15.04467611][ 20.88571832   7.16830796 -32.98018711   9.80364085 -10.40359099
 -44.28391589  -1.1581102  -23.18134193  20.38308323  18.3491585
 -11.97887787   8.53741788 -17.33576125][ 20.66978158   3.68268913 -29.96267267  14.03618996  -7.88413054
 -38.66399346  -2.46699944 -19.130667    17.99643319  19.66532823
 -10.52924554   6.63583923 -11.15149081][ 20.56220531   6.09117804 -33.26517921   9.3801281   -8.06190917
 -42.45862815  -0.64223074 -27.17678944  13.56215225  11.69689475
 -24.2469541    1.01326935 -18.9244701 ][ 20.53170132   7.40616806 -26.36180192   9.20099255  -6.74962496
 -34.04339533  -8.52953291 -14.43434753  14.8356065   16.73058029
 -13.78262656  -2.3515458  -15.4064048 ][ 20.72283168   6.18916934 -28.48299342   4.39717147 -12.12621763
 -35.38366533 -14.30936404 -17.08258143  15.86342552   9.79074582
 -10.59214173  -9.40181393 -15.74956549][ 20.83987717   6.40569269 -27.35845463   2.39273688 -12.21134042
 -30.46683164 -13.02280859 -15.99006983  20.59756324  12.94589457
  -6.59641498  -4.68804124 -10.56511806][ 20.80632015   6.71078034 -24.40289449   1.40102229 -13.34104958
 -27.65117918 -13.03448972 -16.96588387  19.65561562  11.22873272
  -5.08590962   1.2422371  -12.03994714][ 20.65962888   6.94107202 -23.28083247   0.57016098 -17.44827898
 -31.24477043 -13.05566872 -18.20495145  10.10432131   3.35745779
  -6.87412208   1.78951658 -19.37919945][ 20.51386009   8.56527571 -22.49812789   5.60641694 -14.09042833
 -30.17124993  -8.89749155 -21.38256313  11.40635733   9.86721948
   0.10902373  10.78064198 -15.12389665][ 20.23346456   9.94749914 -24.40456742   5.59125656 -14.26505144
 -34.5979099   -8.63041787 -27.25421681   6.73713137   9.42382146
   0.08512121   5.59141762 -18.48769084][ 19.38916178  13.16517132 -21.66981415  11.69710956 -11.05664006
 -32.42227702  -1.44197042 -20.26556685  -0.04913383  18.22565117
   6.42472135   9.10178158  -7.79648121][ 18.2841903   10.37245154 -16.64257802   6.74789706  -1.71619181
 -22.97349949 -13.75740872 -21.58481905  -6.8149401    9.15910837
  -0.62645807  -1.55057363 -18.69724105][ 18.68222584  20.21892251 -24.57645824   7.29122172   6.96381566
 -29.14109199  -5.64259446 -23.39850309 -12.62614881  24.24877829
   5.25223812  10.19260895 -22.58852104][ 19.28169118  22.30790965 -29.56781627  -0.99165044   7.8804476
 -39.17353269  -0.0822868  -27.00927437 -20.90708398  25.54474115
   3.06924797   6.87063719 -25.73220117][ 19.65638852  18.70933279 -29.05093648  -4.18828764  -1.10251007
 -32.39403148   1.63041355 -21.39385461 -11.89234135  19.36913436
  14.27053347   1.69421937 -20.78978272][ 20.33747034  14.25725869 -28.31589664  -9.67173768 -13.02182988
 -28.32049228   0.1967788  -14.72875988  -7.45719823  -0.91818877
  13.12574235  -4.13982028 -16.82894264][ 20.68002364  15.79734019 -29.14226545  -7.76477542 -16.06039263
 -28.7701037    5.5108761  -13.34619945  -0.53776533  -4.24294433
  15.33675959  -1.67143836 -15.26212918][ 20.75307727  12.20603371 -30.30541566 -11.19667584 -22.8526006
 -30.9849623    2.00118985 -16.01024105  -8.17173789  -4.63663004
   8.89452234  -6.28083754 -18.11182231][ 20.70867847  14.11512632 -25.95075995  -7.00801486 -22.71963794
 -23.60526983  10.07985758  -9.30711973  -2.01773607   2.61002378
  12.84634997   0.87709928  -8.35773088][ 20.80973881  14.70858902 -20.22499161  -6.84336803 -24.08641664
 -18.69813729  14.94680245   5.07874     -3.54109836   5.63839726
   8.9628652   10.64270227  -2.73144281][ 20.77854022  15.34027711 -22.18217105 -10.80545754 -25.70455056
 -20.69536596  17.9156912   -5.8012404    2.25536898  -1.94310585
   0.44615639   2.77896686  -7.12229256][ 20.70131048  14.09109772 -24.48811921 -13.28849521 -27.96590657
 -21.79444575  19.53850807  -0.55632582  -0.13582341  -1.9891353
  -1.50055133  -0.32577551  -4.87370187][ 20.67314066  14.94825847 -22.61822327 -12.73108286 -29.18910648
 -24.57343365  27.91086522   4.97425016  -0.90788085  -4.3606755
  -4.77121259  -2.63818796  -1.00350836][ 20.65210963  11.36857569 -23.18124047 -16.92749577 -32.26172472
 -26.39096706  25.13818021   0.75891199  -7.4390472   -0.28292785
  -5.92898586   2.47370322  -3.13665123][ 20.48428681  16.42389008 -21.08934406  -9.49002558 -29.84976352
 -28.26695439  40.16708592  11.72073676  -6.39611107  -2.26451791
  -2.55545737   3.62169884   2.09615552][ 20.32711052  13.77368325 -26.52142235 -14.75015485 -39.51458886
 -38.56410209  31.65566458   6.70148848 -14.94953493  -8.83567565
 -11.93946309  -1.74822603  -6.94885557][ 20.33914855  12.08840214 -21.95581699 -11.6436339  -39.04901622
 -34.53055721  37.71032621   9.06445885  -7.88634397  -1.96125079
  -5.21142438   5.7659267   -5.73873828][ 20.22884268  12.15114146 -18.70874648 -11.33257016 -42.33193022
 -33.59415512  35.28925013   5.33785033  -6.71676206  -5.79203234
  -9.11817845   0.38352625  -2.38144106][ 20.23543203  12.04358999 -21.09554174 -12.77264035 -36.61617368
 -27.34077043  29.30906228   2.23863858   2.04640831   3.24384487
 -11.67717601  -2.81847913   3.37979748][ 20.1571117   12.25151567 -15.96424059  -8.94393945 -41.60337507
 -25.77415654  37.68219742   9.70315834   8.3085791    7.45951274
  -7.02115539   2.73470948   7.23239599][ 19.40801919  16.2328949  -16.87487161  -7.39004394 -39.49724721
 -32.29108939  49.29698321  -2.38648284   5.25367987   2.60632678
 -22.3130241    5.35624736  -1.41255478][ 19.03723724  16.29425795 -12.06445627  -5.66844225 -36.03461348
 -27.29813358  52.03591818  -5.40753454   6.08650588   1.89657104
 -20.03211955   5.81952755  -2.57835245][ 18.59029297  14.12652784  -8.99938345  -5.49735423 -36.28653127
 -16.52669808  42.20143272 -13.40279492   6.1200185    4.87630706
 -23.62698645  -5.73666125  -0.77861965][ 18.02701208  16.78205261  -8.11598959  -0.84877263 -42.66068435
 -17.8238673   49.63445221 -23.27038166  12.24022553   2.49806327
 -24.5157105   -6.11957524  -8.25296614][ 17.51169298  16.70270841  -4.24410863   3.10142746 -41.8885153
  -5.48785533  48.7346814  -13.53578455  15.00587112  13.4648375
 -19.79124802   1.79949031  -0.11794433][ 16.39915284  19.08527989  -5.00879191   1.72011939 -34.84859809
  -4.92784671  41.93277167  -7.33803651  10.80010495  -9.80705418
 -26.87920474  -7.63141996   2.47227155][ 15.8053232   20.91087136  -1.58847344  -0.49301717 -31.45007311
  -2.9312869   27.43235842 -14.6047859    5.90350194 -18.85840122
 -26.22523863  -3.62728936  -4.16336256][ 15.11941198  19.67722972   1.56805398   2.51585191 -31.8694205
  -2.92110999  32.83186177  -5.47197287   7.96468603 -25.84176941
 -26.70473752  -3.65927544  -2.18752341][ 1.40851314e+01  1.70109172e+01  2.87179445e+00  2.99100138e+00
 -1.96316118e+01 -1.96998926e+00  3.17231518e+01 -2.29452815e-02
  1.13756772e+01 -1.89368257e-01 -1.46497841e+01 -4.48979619e+00
  1.56018442e+00][ 13.30076649  12.43721385   3.79286045  -0.20317578 -28.37457279
  -3.14230805  30.05755419  -0.29611681   8.96168138  -2.72693856
 -14.53593131   3.98740488  11.1276073 ]