[ 12.58647665 -16.57828625 -22.89857823  11.84306044  10.11114673
   2.89520314  -6.60406044  17.15645845  -2.41084611  -5.48100444
  14.49402545 -10.09470378  -9.40324525][ 14.21230036 -14.59690063 -27.04929756   8.18434253   4.75524872
  18.54166419 -13.09603476  15.25129677 -16.90239661   0.82302134
  13.54042972   5.2060851    3.3892655 ][ 15.20754871 -26.5029133  -36.24055686   5.71457443   4.05782073
  25.23392876 -12.80659881  11.0410163  -13.9901537    9.6459206
  14.98730392  15.98565423   5.52935638][ 15.72615572 -28.45673547 -32.87131625   5.9582211    4.88027438
  29.33834374 -13.4466908    6.95235278 -17.44631366   3.55432657
   7.47166526  10.55548158  -0.36188903][ 16.72965856 -31.20962739 -30.9010649   11.27850384  10.25050775
  31.76620184 -10.46053665  12.52501677  -8.73268381  13.20093888
   9.39579389  15.59936624  -0.64780294][ 17.56263218 -28.02495375 -26.53822088   6.93649776   2.02396035
  26.85325509 -17.11096446   7.44046221 -11.8296346    9.38768142
   3.48342845   7.30523132  -6.73302147][ 18.13866575 -34.14052066 -32.06148501  11.01804302  11.18398084
  31.85129178 -19.07672171   3.25837657 -15.35146442   7.51700436
   5.57434602  11.18793155  -2.46223146][ 18.43616511 -32.72208306 -28.15001033   9.16058604   7.7917659
  27.16334689 -19.55085649   6.08009616 -13.35311407  13.62655708
   4.86342994   4.16388792  -6.10028385][ 18.7242015  -34.36464637 -28.69516085   7.59419884   9.76175334
  26.47696657 -21.34250676   5.51610485 -16.43733973  10.9401032
   2.38002107   7.65517056  -5.58621885][ 19.00859325 -33.26616617 -28.48099493   7.02596532   8.26956292
  22.55352458 -23.53639498   6.32516723 -12.43564612   9.00530529
  -1.15935689  12.98412225  -3.59827686][ 19.38274258 -34.81388264 -27.96302565   7.10006214   8.22942278
  20.60300788 -27.09547456  14.40924892 -11.45813875   5.75348528
  -2.16759567   6.99029958   3.06831528][ 19.55572257 -39.63006457 -28.2295372   11.04168916  12.38792744
  22.45529833 -25.61342786   8.13167432 -10.5139564    7.15038214
   2.90623232   5.53070997   4.36040418][ 1.96208580e+01 -3.85163005e+01 -2.88444525e+01  7.83490827e+00
  3.89949069e+00  1.59403677e+01 -2.11733867e+01  9.89523909e+00
 -6.83943778e+00  3.09738025e+00 -3.70015704e+00  2.17409716e+00
 -3.44774309e-02][ 19.56955359 -40.54674107 -32.04554637   7.87842682   8.7644246
  22.76478112 -13.4869886    7.91954613 -10.98021552   5.16753949
  -1.9737237   -0.65608735  -0.86271252][ 19.78130784 -27.18466844 -21.1069936   10.39713155   4.42297882
  15.73504858 -21.75020875   6.23854955 -10.39703812   5.41501919
  -3.4155728    3.53003148  -1.36083981][ 20.18181654 -38.20379767 -29.02162495  14.16620922  14.56775402
  16.54007207 -33.52156445   6.57919679  -5.34171651   5.24841904
  -6.08671959   7.74039227  -2.68808505][ 20.39510176 -30.87333514 -24.06851942  12.61349898   9.83573188
  12.2501184  -34.11641891  14.03990345  -5.98150465   5.1540256
  -8.91059097   3.48789117  -1.20595986][ 20.34822814 -33.97891591 -26.0450655   15.58295104  10.77404463
  13.25983384 -31.05644754  15.62726709  -4.8896156    2.99460503
  -6.11229659   5.90490288   2.32713431][ 20.15117013 -35.86784151 -28.74218031  12.82134933   5.50420476
   5.8438836  -29.85420277   7.95652697  -5.51925061   4.59701423
  -9.7804189    3.93931996   6.40354077][ 20.03641069 -36.28770014 -30.54713368  19.97470674   5.38414055
   2.62029644 -27.92433878  13.59017306  -1.80811951   6.36535573
  -6.31967681   8.38365268   3.15777394][ 19.86144277 -37.01283902 -34.0150716   20.10176398   6.14333005
   1.65432287 -30.01472578  16.21811856   0.09452923  11.93248419
  -4.84656145   8.41236527  -0.21635257][ 19.22557784 -37.3932133  -34.5969529   19.63342942   6.69841
  -2.69356295 -34.43368542  12.36398301  -9.3269825    2.16359783
 -14.37429412   4.42871354  -3.49324236][ 17.95256203 -19.19604668 -20.53486876  24.96939714  17.94057792
   4.04073771 -18.68650936  17.97894811  -2.18817781   4.30763479
 -16.2675847    6.94622402  -9.93523822][ 18.68590594   9.50585314 -12.22059481  -0.82900415   7.7940759
 -14.64670638 -15.60019306  -2.80836225 -11.37047127  11.80039482
   7.01833062   1.5944348  -30.3839141 ][ 19.95795002  12.25929044 -14.84160071  -1.43013895   8.31263148
 -25.48663919  -7.71567648  -0.07564139  -4.39361701  20.27818732
  12.11032081  -2.8996313  -23.30970587][ 20.67095406  10.87499346 -18.71523103  -9.29321266   1.93130845
 -28.4124471   -8.22112061  -3.87224994  -2.52044848  18.90813205
   7.60632615  -3.03655072 -27.60706503][ 2.06240359e+01  1.01455156e+01 -1.61438925e+01 -6.01705266e+00
 -2.44317689e+00 -2.23442927e+01 -1.00032523e+01 -6.90338772e+00
  7.95458101e+00  2.03822795e+01  6.52328138e+00  1.49662940e-03
 -2.26516430e+01][ 20.64938596   6.76282725 -19.42869726 -10.20829467  -6.81659489
 -24.68337444  -8.86045945  -9.98611726   8.44322445  28.34403822
  -4.15675166  -0.8521968  -24.18290594][ 20.52927859   6.91231573 -17.24364184  -4.66027838  -4.86124534
 -21.75792569  -5.71484073  -8.06448937   9.82253766  32.74547943
  -3.01411302   5.80055244 -19.74521234][ 20.55663528   4.20405035 -22.46863435  -5.56820169  -5.37672249
 -27.26388872  -3.55296458  -7.07136522   5.3290916   38.16059153
  -6.25771708  13.76370595 -23.09932363][ 20.2929565    5.43655113 -23.31841491  -2.79780235  -2.31912516
 -33.50117064  -2.75338549  -7.36930873   0.68535706  33.10042754
  -8.81562053  16.99508217 -18.7272121 ][ 20.12126438   5.51752479 -24.05062978  -1.29982148   1.22996214
 -36.1610006   -6.46717515  -9.81580781   3.14058102  31.55568227
 -12.70654733  23.75629618 -18.63779095][ 19.91312906   5.2140738  -22.84029657   0.69711332  -0.94428263
 -35.1832092  -17.41409702  -8.29628164  11.65808982  26.62304406
 -15.84545944  15.84438601  -9.94929215][ 19.60074582   5.93192772 -22.34010519   1.65036264   1.83335095
 -33.78667732 -18.87084262  -9.83902828   8.20138217  25.29658123
 -22.77445999  18.85857863 -13.06650391][ 19.51503318   5.47103233 -20.83558388   5.55271591   3.08181218
 -34.9407189  -20.78350664  -5.23390325   6.19942262  32.06197451
 -24.09374295  27.59876185  -2.51577677][ 19.26104208   2.04261151 -17.00625204   7.0388861   -2.72444248
 -34.83577967 -22.82566734  -7.17100853  -8.54642599  19.78195908
 -20.53492818  22.16267602   2.88817814][ 19.83953214  -2.49881915 -16.01746392  21.05327543  -6.26676025
 -35.46104577 -11.66384324 -15.20991533 -13.53511617  13.92920161
 -13.16737705  23.18129068   6.56444699][ 19.88941616  -4.23806135 -19.4400523   26.21465094 -10.55069245
 -40.22429837  -6.59575014 -22.25386196 -15.74881644   1.05191935
  -9.02210911  18.56980466   3.53453286][ 20.10675126  -5.15280619 -22.27316913  30.93101283  -5.13795725
 -42.38961371   7.00999456 -27.36004958  -8.88503013   1.07804144
 -15.05883336  14.81658091 -10.49270346][ 19.59441166  -7.35590798 -11.6058872   33.16615774  -1.22067963
 -36.32862965  10.33157506 -19.00287506  -9.35938126   3.30888189
  -5.46296074  23.37579514  -7.4525481 ][ 19.11961054  -5.20173373  -7.9598051   30.26949975   7.31951957
 -40.93253209  14.18520091 -19.8968427   -6.90263368   5.47580073
 -21.9837913   23.58442847 -17.12964009][ 18.51454102  -6.16373473  -1.71554194  37.24333178   5.59749325
 -26.84883478   9.10532612  -6.77324327  -1.64810211  -1.97618666
 -23.58567867  11.63431278 -14.21844759][ 18.36866194 -10.97671651   1.32180703  37.61352555   1.84029436
 -14.73806973  10.01841032   0.97504455 -17.89922911  -8.61406413
 -32.7646141   -0.17007974 -14.64912168][ 18.4846018  -19.45859279   5.21954777  34.16980998   0.60911173
 -12.82416561   2.90810652   3.58113539 -23.31736325   0.60424495
 -15.81344188  -3.76452781  -9.37392269][ 19.10137979 -30.37693251   9.13999586  34.1955496   -0.44568721
 -11.60025425  -8.07554788  10.35752576 -27.54280124   1.34350884
 -14.26324235  -0.33453566  -0.81454352][ 19.61980607 -40.66907757  -3.26143128  21.92834772 -10.15039052
 -14.35129531  -9.03635913  17.11156207 -27.09086927   1.62928521
  -7.74330632  -0.85083546  -7.29729901][ 20.08672764 -35.55103227  -3.08449891  19.81999663 -11.22390973
  -9.03498318  -4.83880487  21.23962009 -25.3783022    9.75167848
   0.83198371   6.18411509  -5.31750444][ 20.48722488 -43.73409319  -5.88914077  25.26473726  -7.74938033
  -9.54582326  -9.23442627  26.86089007 -26.46064764   6.1259301
  -3.90490951   2.47834219  -3.04849758][ 20.54844206 -47.37423559  -6.58780366  30.25086767  -7.65058554
  -6.65477364  -7.28235864  25.89331776 -24.86015213  10.78556799
  -5.46679805  -1.98433445  -4.85628345][ 20.68631408 -53.33072025  -6.8790234   31.68956175 -10.77141248
  -7.83997676 -14.89039282  21.15810132 -25.06731336   9.25920687
  -7.48646679   0.27388167  -5.97019543][ 20.72324697 -40.15736702  -0.54735555  22.95320424 -17.49376867
  -0.2372913   -8.43361668  20.99024175 -24.60384384   9.20261018
  -3.5575175    5.64287955  -3.83541312][ 20.71936153 -35.13835358   0.24087594  19.46632049 -14.61706902
   0.35154355  -9.32091249  23.91255599 -23.43972653   9.11102021
   0.04161929  -1.74546453  -0.65538036][ 20.5936742  -42.18144341  -1.38624286  24.70600138 -12.50178338
  -1.80158493 -10.67422369  27.24525518 -21.09905418   1.25804765
  -3.32264921   2.35380442   1.32041445][ 20.58838737 -39.91429303  -2.83539336  22.91603143 -12.05557242
  -1.42262739  -9.1616344   25.28744934 -23.00679461   7.32114886
  -4.80207929   3.29352705  -1.18140518][ 20.59286951 -50.68022158  -5.15091372  27.34964792 -10.05607512
  -2.15982278  -9.79615616  22.30991114 -20.10093899  11.22236042
  -2.1922559    1.98047807  -2.38523581][ 20.46488471 -46.62825179  -4.37233511  27.34818075 -12.35799055
  -0.76337015  -8.5983216   18.50085123 -21.87493186  13.90240343
  -5.34905709   2.46212656  -4.90359006][ 20.37120135 -47.89718016  -4.22466658  30.0676927  -14.8539757
  -3.38785183  -2.49624069  22.94657119 -18.27035657  12.47174664
  -9.52857361   4.78636065  -2.0505268 ][ 20.02149068 -40.60741234  -1.55224936  22.03917254 -17.58602466
  -2.3151149   -2.24623507  15.81790943 -21.44676257   9.97310938
 -10.46726989   2.50459377  -4.80757882][ 19.64507698 -44.51126102   0.25711231  22.18874242 -14.71985172
  -1.21798392  -0.92020254  10.35206926 -18.81615892  12.00409269
  -8.73659629   9.44040377   0.41958841][ 19.5497526  -51.19739834  -2.16412552  20.47876153 -12.93927258
   3.58389508   3.13180561  12.78559208 -19.74886929  18.10115036
 -13.13482223   4.43523081  -2.53469986][ 19.2573225  -49.38878212  -1.92995087  20.9854321  -14.1823179
   2.39788335   2.1210789    6.87988353 -24.31630996  18.1008811
 -18.45704779   2.38762476  -5.14294597][ 18.68962076 -37.71399396   2.35824045  16.60906215 -11.79776017
  -1.42176293   2.43015999  10.11128656 -20.11412383  16.89891093
 -12.57813366   2.7025185   -6.08223557][ 18.25219313 -54.31191211  -2.11085188  16.30184368 -10.67183184
  -4.33443924   4.90294515   2.88605298 -22.5476417    8.13089603
 -19.85231496  10.49027072 -13.10678857][ 17.79787499 -50.46359075   4.07478288  17.36043175  -9.02087652
  -5.88096214   8.58945223   5.92295173 -21.84124488   9.73293681
 -14.78332555  11.5185528  -10.3074641 ][ 16.87492896 -51.3180559    4.45764641  21.01615162  -2.56792719
  -4.24924118   8.97259972   9.28808974 -10.74853712  11.41446241
 -11.35588171   1.31083782 -16.70066038][ 15.5113419  -41.82964929   4.19356202  18.85716688  -8.02285614
  -7.41068912  13.47535836  -0.21367085 -12.3952919   14.86004883
 -18.49441294  -3.59180709  -7.65633656][ 14.12398514 -36.74975299   6.5210901   23.2475594   -4.28762741
  -5.97854485   8.37372624  -2.87734405 -13.39059877  10.27845999
 -14.16838538  -0.81473905  -7.99201728][ 13.10662243 -29.91234654   2.1576844   24.29055846  -6.11834815
   0.44502331  10.67569865  -4.54180537 -10.90685337   7.96893308
  -9.24407502   6.07933585  -5.68104731][ 13.74276601 -30.94039467   4.3334954   12.91924913  -1.99969478
  -6.11226754  13.80439726   2.30267582  -6.67367215  12.86834899
 -11.15188422  13.10561607   6.51374332][ 14.787229   -38.06021375   8.44800852  17.00596884  -1.57749487
   5.13158196  19.2542563    2.64218191  -0.73632718   7.35960611
 -11.33302778  -0.05438871   1.08820011][ 16.12799806 -36.54607871   0.22652083  10.986621   -12.75113043
 -10.0689484   10.41142947  -3.35524504  -9.68810381  11.08539747
   1.98571489  16.12061457  -3.20583254][ 16.75911916 -40.16804156  -1.9559872   11.34733933 -11.57569393
 -12.92451226   3.12522143  -1.10259017 -12.10016244   5.5919869
  -5.11330683  12.815877    -3.63101823][ 17.9728652  -44.45947627  -3.56051543  22.66475205  -5.45255773
  -9.99548951   7.90732406   6.53958568  -9.77286442  12.09117899
  -4.42906219   6.28439483  -8.93104277][ 18.69533925 -38.04526348  -4.1246708   25.38929926  -6.59992341
 -13.91623827  10.55015927   6.48488029 -19.98209237   9.25170905
  -3.23482648   2.69972706 -11.24305369][ 19.03506138 -40.78381125  -8.04776084  24.30336117 -10.69871646
 -18.20782024  10.63189832   4.15832586 -18.5575883    8.06970977
 -10.14064161   6.44102497  -8.67249408][ 18.79120242 -39.51457011 -11.6780042   23.66571905  -6.05388654
 -12.7999017   12.11172001   0.6838267  -16.1408741   13.64677749
  -7.23735873   7.86540448  -2.23276809][ 18.25086219 -40.75165294 -11.13601794  24.92713336  -6.54773453
 -14.50019952  12.87163278   1.14655909 -13.72151188  11.81913708
  -9.59748936  12.03455238   5.0300938 ][ 17.57415741 -38.23333261 -13.41264615  29.65206318   5.32389685
  -9.30094564   4.05558297   2.30419449 -13.61787042   3.06383477
 -12.12784288   7.05528071   4.46874099][ 17.00945702 -36.65109312 -12.4023466   26.54894821   9.2738216
 -10.82417286   2.0013945   14.58458786  -0.56475058   6.89553824
  -6.45853798  14.26288806  -3.82463548][ 16.41612071 -31.87112582  -8.95573104  27.05504861   7.1844772
 -15.53277995   2.81184898  21.87494887   1.54722393  10.67301173
  -8.51036239  15.92022613   0.21658683][ 15.59185991 -22.85476033  -8.19433803  18.99192593   6.57852541
  -9.17790517  -3.64933295  14.10160115  -8.04800569   5.28202355
  -2.65539999  11.75326585  -2.71095536][ 14.69030953 -25.40469262  -9.29132427  27.65506929   3.82581446
  -7.99253003  -7.18252255  10.44870873  -4.7714976    1.84297908
  -3.63349392  10.93852584 -10.43552135][ 14.10195433 -24.74946225 -12.64358994  28.80659729   4.28256089
  -7.77751002  -2.31502127  13.71326179  -2.26097314  -2.72621574
 -10.0136738    2.17148937 -15.00188456][ 13.18764968 -19.76873347 -12.09678365  25.26908292  -3.66980766
 -10.72297988  -4.25927783   7.58968675  -8.76553199  -1.01210748
  -5.3320934    5.51841697  -2.16094641][ 12.56893814 -15.62451484 -11.86569537  23.66715365  -3.87118707
 -16.43827112  -5.59476713   3.11316884  -6.50662104 -10.06777426
 -13.07949166  14.82742967  -2.31078195]