[ 13.05372369   1.67744613  16.80667614  22.35707111  -2.57011681
   7.55370875  18.62267581 -16.37853229  -1.50649583   2.72213804
  -2.0937231    4.49626037  -7.35002321][ 14.66393258  10.54563815  17.48509272  25.51369852   6.08518633
  -4.05439674   7.67100507 -20.92716586 -15.81418359  -9.23510932
 -12.53476075  -3.14267386  -3.86848384][ 15.189355     3.80876025  22.73188041  34.39887672   8.26976767
   5.40561414 -11.4808135  -23.7204828  -29.64270518  -7.94044828
  -5.17791791   2.8612498   -6.52724555][ 15.36246853   3.51543039  22.53381206  33.78719924   2.07269338
  14.08661816 -10.16373209 -23.64834244 -26.30118015 -13.90631607
  -9.12881281  -1.45143237 -12.21116883][ 15.29682002   6.76662528  22.53629605  25.49920896  -2.89444524
  17.18504104  -6.93720386 -16.24559789 -11.36942418 -10.04621495
 -10.91310342   0.92810909  -9.84601468][ 14.94793853  12.37644674  22.0534649   17.36206479  -1.94509649
  10.15451099   2.29434838 -13.79021127  -1.11816853 -12.65280258
   0.0894419   -0.54063121  -9.64719721][ 15.14487548  -2.22513891  17.96241561  28.78474848  -0.87835241
  16.58712189 -12.58770936   0.78520836  17.29250839  -9.02164355
 -10.04808911  -9.34642227 -11.90455462][ 16.38996957 -12.26337753  24.7571996   33.29550168  -8.77032869
  19.70281342 -17.63795956   0.66150601   8.86751968   0.60796536
 -19.69811529  -6.38873995 -12.12857129][ 17.4468375  -19.51855687  31.72206127  29.34947046 -12.54150263
  24.56610953  -6.14875541   5.11039815  -8.66933322  -3.70556601
 -20.24408988   3.00728084 -16.74214892][ 18.86344844 -23.55075989  18.26330523  17.64188144  -9.151682
  30.24090259  -1.51050156   4.37911146  -1.7628847    5.19182797
 -17.2062563    4.27811701 -17.25542519][ 20.00215179 -31.36949574  19.90029409  21.87514407 -12.67979632
  30.62093089   1.1088961    3.09684993  -8.46348321   9.06221786
 -26.30372745   3.08536368 -22.35722857][ 20.46425047 -36.33704088  25.59166054  32.920981    -9.79878232
  24.31064175  -6.70573022  -3.7301588  -11.28329773   7.6319679
 -20.45737399   4.57656462 -16.66692773][ 20.86117773 -32.37733258  16.70962142  20.41514974 -17.68601522
  19.16839439   1.63706386  -6.7180109   -7.20094411   9.98442509
 -24.78129663   5.12284743 -11.41100326][ 20.85198886 -32.18279594  23.63501992  30.34320705 -13.37070403
  12.30870386  -5.11961656 -17.12971374 -21.77145419   8.96422047
 -28.70626025   7.8697348   -6.75995251][ 20.66955181 -30.01179957  25.94804034  33.74681296 -13.31764543
   3.3458458  -13.88633466 -12.52864844 -21.00039448  -1.69515982
 -30.67966406   9.19595358  -9.86579355][ 20.1024622  -19.60113602  17.36278207  25.86864598 -12.15432642
  -5.78063198 -23.96298119  -6.66476316 -19.10392188   0.32438021
 -30.9339312    9.13783707  -2.46338354][ 19.58295425 -14.42086474  14.10515549  33.03586169  -6.03974659
 -13.10004858 -32.61034981 -11.60287047 -18.23586316  -6.83330779
 -28.03977099  15.91774527  -2.32312594][ 20.24012093  -9.67647879   3.89545807  30.41323845 -11.46978394
 -24.95299019 -30.96300042 -16.41402756 -27.26362493  -5.86494788
 -37.3518715   12.7196335   -1.49943019][ 20.74596189  -3.85962177  -0.68173923  35.50501172  -2.84614336
 -15.4114521  -17.13998743 -18.42285442 -18.69596099   1.48994872
 -22.5832998   26.05209107   8.83465981][ 21.42048095  -3.58106419  -2.20721527  39.31941884 -16.09792998
 -36.4658132  -25.25330224 -18.50552222  -7.79816757  -0.85545618
 -34.23470081  32.34884395  -2.01617493][ 21.83990325  -5.7373259   -4.84600996  33.54539572 -18.34366737
 -38.97373952 -22.47088295 -22.45002267  -2.01571556  -4.40092509
 -27.85859447  29.32115037  -7.05012935][ 22.07108611  -5.04919667  -6.61273392  34.45267362 -17.73547743
 -40.91247232 -16.64513324 -22.71139992   4.65217695   1.06945339
 -26.17489009  37.10283848  -5.52739508][ 22.25883437  -5.27433596 -11.15101256  33.39896443 -23.33285229
 -37.89248946 -19.95154321 -23.63397068   4.25887329  -3.85496719
 -24.04362784  27.09446802 -13.19923282][ 22.38521652  -3.98151095 -16.95735636  34.68391793 -29.71281418
 -32.49105027 -25.75186293 -19.78845299   4.74056414  -7.7933854
 -22.26217624  21.20651931 -14.9634671 ][ 22.3955341   -3.11068325 -13.46000207  40.66218767 -22.23699079
 -38.67471467 -22.99860533 -17.69301048  12.21507044  -0.79831354
 -20.59742392  35.52945357  -9.69821278][ 22.26683582  -3.57451842 -11.49542071  41.52795625 -19.36395755
 -35.83462414 -27.91281657 -19.2827774   11.47567384  -8.79886506
 -16.36308256  27.57567183 -12.01597063][ 22.22929651  -3.33043338 -15.21243671  40.04505349 -21.56343203
 -46.24144731 -28.70412668 -22.40550585   8.52271434 -11.2407057
 -18.94238708  32.98509409  -6.81997667][ 21.94363353   0.34437704 -16.57949296  37.4982066  -16.23472447
 -36.74946261 -23.02154095 -24.03163408  11.96065314 -17.61512245
 -13.73465188  21.53644478 -11.76144358][ 21.80529311   0.18890166 -14.53017324  44.05833084 -14.20716192
 -46.02443964 -23.84827102 -21.69574721  12.59848386 -13.22623013
 -16.94452279  31.96784817  -8.23863047][ 21.28130264   2.70531111 -16.96865483  37.70448531 -12.2901346
 -38.83168341 -16.69785007 -27.47071289  12.90642922 -23.65240412
 -12.88581227  22.16038756 -14.96914253][ 20.86119634   2.56184985 -13.8282539   46.65920729   0.63814419
 -39.17852722 -16.33714422 -31.11462488  14.98915606 -21.90300887
 -11.97550813  27.94167597  -8.23434101][ 19.89310787   3.37749301 -15.19368481  34.25045151  -5.05515344
 -29.62832901 -21.45878932 -21.74381498   8.80138674 -29.15821465
 -17.48553754  19.70417438 -16.17677277][ 19.29177327   1.92501934 -12.49084659  40.71421256  -2.05851176
 -30.30109328 -32.6975796  -20.28267478  12.06545555 -24.36647584
 -21.75139319  23.53278115 -10.37692678][ 18.39606051  -0.17319113  -7.92743299  33.91033304  -4.77693397
 -25.012921   -34.25241122 -16.91196647  11.87884611 -25.02153942
 -29.99201035  18.76664099 -14.3877475 ][ 18.05251823  -1.27811405  -6.3064949   35.43693203  -0.55611836
 -23.37307721 -36.17841406 -13.51169668   7.07350582 -23.96454203
 -34.53853402  17.09440068  -9.31785713][ 17.89957281  -1.20385297  -4.58008495  34.47562474   3.45573224
 -20.96407758 -30.85433194  -5.85944018  11.32133166 -14.20409687
 -23.61292913  19.6635623  -10.10671253][ 17.96697323  -2.18132504  -2.27701616  36.04221782   1.05144344
 -25.27762253 -26.58046619  -9.27884101  -1.20374388 -25.19223076
 -29.16543681  19.13486287  -7.41496504][ 18.2942806    0.36517619  -1.93962781  35.42688203   1.18332496
 -26.44600411 -20.85940635 -12.82253978  -8.93403317 -31.44773453
 -27.41357444  18.30941511 -10.17356347][ 19.49429776  -2.16599728  -5.24867409  34.29131793 -12.90865053
 -34.71484998 -18.35694464 -27.40408643  -5.11659557 -34.55378794
 -27.51046434  13.91391895 -16.40160997][ 19.94962545  -0.64675284  -0.54002021  42.46461121 -13.48428842
 -38.87110266 -12.39076348 -27.93082401   3.04400254 -34.53792022
 -25.30200789  25.2674951   -9.19163209][ 20.33960796  -0.62030309   0.95839524  42.5223728  -16.37795351
 -35.36554676  -7.84382516 -27.68326195  10.83505812 -32.95637486
 -18.06760792  20.50330277  -9.9148468 ][ 20.49320494  -1.91398306  -0.40307672  36.24600772 -20.15506064
 -37.34347741 -12.28460269 -32.82592293   8.42244029 -35.66323458
 -22.93418639  24.9858954  -10.44703242][ 20.46607929  -0.78417793   0.86775114  38.66731877 -17.56875702
 -34.80619638  -6.92239858 -23.52179934   8.5141671  -28.13376753
 -22.39739072  31.5885437   -9.7414971 ][ 20.73964132  -4.65806897  -1.79596765  38.84312076 -23.21791547
 -41.14110067 -16.46832517 -24.87758437   2.87687077 -28.44765158
 -29.74586305  28.05811365 -13.3877026 ][ 20.67077638  -3.67328198  -2.94254404  41.23059283 -23.67598459
 -35.02163989 -15.02524563 -23.00515513  -0.7079076  -26.6632665
 -30.40386281  32.15812367 -15.53231644][ 20.63622867  -3.77481268  -0.6116729   40.18731619 -25.65776587
 -33.6484365  -12.552688   -21.55659279   1.3972278  -21.24386532
 -27.53750329  23.02663687 -17.8997407 ][ 20.72622033  -1.01978616  -7.29583965  37.49710664 -24.44991317
 -24.60749786 -11.32998918 -34.35841109   4.41538923 -22.4299522
 -23.41589714  26.32901282 -17.08600562][ 20.42352909  -1.04013663  -2.49798608  41.33941307 -25.9182583
 -28.45669588 -10.68720294 -30.940509    -0.08477111 -21.68694788
 -29.72593912  30.96076488 -21.16509844][ 20.35837411  -3.01705722  -0.88081379  43.47568437 -30.50683885
 -30.10492245 -15.71928154 -29.41188198  -9.73595675 -20.94347151
 -35.74631408  31.65999421 -22.02092754][ 19.79158058  -3.61965283   7.97144576  46.5244643  -29.34221577
 -27.257041   -13.13973313 -18.09611405  -9.72984268 -23.83791696
 -28.87480619  37.32475473 -14.05252117][ 19.23943462   0.26928791   4.60630163  41.55737844 -28.7861663
 -18.52020119 -13.30477161 -23.96702659 -15.4876155  -14.1967146
 -34.12694882  31.10266726 -24.37202713][ 18.71617837   1.83666593   6.92617594  41.79732039 -22.04724037
 -15.8664998  -13.06409256 -35.62768696  -3.346788   -18.09451064
 -24.20656977  26.07919534 -17.04291546][ 17.47794115   8.61732569  13.16213685  37.60451297 -26.07123925
  -6.63607407  -9.51730869 -31.06321639  -6.90710689 -19.78460559
 -18.83190573  24.77357309 -17.22567247][ 16.88788724  12.64456352  11.42735054  32.03857125 -16.56681795
 -11.52841855 -13.1604278  -42.38167016  -7.1753813  -20.81100567
 -17.13324655  22.67644073 -19.70790428][ 16.55453704  19.16927113  14.06582648  22.53116619 -10.34177279
 -14.38252652 -12.06608806 -33.04765834  -0.61671884 -21.31818031
  -2.98306877  25.45217107 -17.58516782][ 16.64283216  18.58601787  15.11677844  20.79732361  -6.20965241
 -15.87721595 -16.336884   -41.09990633  -9.73053306 -20.86983684
  -3.88415641  19.78142996 -23.74915283][ 16.38280988  17.91302864  14.31568018  16.95294256  -2.30407936
  -9.77897475 -11.30724884 -22.15932771 -15.78813836 -26.54838647
  -4.86476257   7.24087399 -18.79843638][ 16.29708328  15.92730198  21.84097647  25.14446047  -0.67669033
 -11.40074663 -17.13306449 -33.07009337 -21.78017977 -22.83148334
   5.67378358  15.82231064 -22.04475069][ 15.74496402  14.41999404  21.17430118  21.31238263  -3.86276491
  -9.19797429 -19.96075506 -27.43572271 -16.7878088  -28.47995282
  -8.79033717  12.1960594  -16.09933326][ 15.56480055  10.80056512  22.82874692  28.2905774  -11.50537351
  -8.43327945 -14.23370395 -28.76093645 -18.15385609 -29.06514449
 -14.60430722  12.64385161 -16.80892439][ 15.13704468   9.13482136  21.66276597  29.10968749  -9.46625601
  -2.00275646  -0.31350118 -22.68785886  -8.19362145 -26.73519328
 -16.15075854   8.72375674 -18.50741948][ 14.39712187   3.79987281  20.45500092  31.27938015 -12.5458456
  -6.83351574   1.97732866 -26.96201246 -11.23408002 -22.5617968
 -22.45477358   8.55103097  -9.67579203][ 13.78817432  -2.42103361  15.21869164  35.9807426   -4.47294695
  -1.56302128  -3.90197427 -33.10583148 -16.05127139  -8.80777329
 -17.13985626   1.97574628  -8.65921888][ 1.50501384e+01 -1.42001650e+01 -8.96111198e-01  2.84909284e+01
 -7.09872275e-01  1.44400253e+01 -1.53916800e+01 -2.54624016e+01
  3.79306501e+00 -1.52272907e-02 -2.01934993e+01  2.40522567e+01
 -1.08135280e+01][ 15.18641022 -19.4904758   -2.67507747  23.80873383  -1.24077821
  11.75065278 -16.60733396 -29.62359617  -2.485012    -8.2342379
 -27.96323509  14.93083725 -18.67913661][ 16.09776152 -25.61517325   1.09155624  18.90300145  -5.68463827
  10.42089567 -11.19224684 -16.98487571  -4.08549309   1.53283874
 -27.41692514  14.64134823 -17.71445902][ 17.01505632 -38.00439748  10.96304666  30.33529698 -18.97081325
  -3.91168656   3.61859746 -16.59777661 -13.94363374   3.27718071
 -19.60158721   6.45744592 -17.69426651][ 17.53885567 -44.59246267   8.60544632  29.1965179  -17.5400413
  -5.51839909  -1.85972075 -11.27384501 -14.70032154   7.27176015
 -25.6171593    3.1080336  -10.36675351][ 17.96734093 -42.53305319   6.42906613  21.82603002 -21.43186434
  -4.0164472    5.94937016  -5.08772834 -21.43066695  11.29045452
 -25.68083116   8.23158289 -12.31937827][ 18.25935467 -45.54872095   6.87034509  18.24062635 -23.28675611
  -2.4045944    5.25901961  -2.16192546 -15.860525    18.20390251
 -25.34077033   7.90227507 -10.66037411][ 18.64450394 -43.77303435   6.55810192  21.72424837 -23.99458845
  -1.68332465   8.27433695  -6.24936133 -18.17475026  21.12325767
 -20.73203287   3.31736948  -4.43418527][ 18.81290349 -54.12977671   7.01500986  31.66964928 -21.66647609
  -8.69466004   6.05310341  -3.74073175 -21.15072284  20.92393413
 -17.75917501   0.55006188 -10.51345059][ 18.88173547 -40.54265543   5.50629526  22.0352708  -23.59122287
   0.35046044  11.89847785  -0.38539613 -21.94895363  24.9999917
 -15.37103126   7.24996811  -6.26495013][ 18.68904839 -37.64065223   3.0625574   20.55708916 -18.84458689
  -1.11401525   4.2823694    5.8787895  -23.14297546  19.78090325
 -17.22730662   4.377069    -6.08740989][ 18.68626527 -42.72705975   2.53790827  26.01217437 -19.73788241
  -1.93093121  11.15330361   8.66991422 -20.93369215  23.8545036
 -14.00094233   1.22509017  -4.76423292][ 18.59286613 -43.48034408  -0.1318819   25.49274944 -20.4364364
  -6.64884114   6.9192126    6.02640853 -26.00351486  28.41269566
 -13.8458584    2.91537863  -3.43869292][ 18.40803191 -34.49939385   0.30305382  18.49645174 -12.89076062
  -1.40745443   7.04767895   8.25116882 -23.33773694  25.09129568
 -15.70414769   5.47297237  -5.63558222][ 18.34490298 -46.73344996  -1.60061311  22.80461407 -11.48060387
 -10.60269915   1.75377369   9.71419998 -28.70753531  22.08732359
 -18.50925269   2.07431356  -8.40957575][ 18.27330256 -39.62731349   1.99497069  18.02893841 -15.06806241
  -7.73649069   4.57019882  12.11744077 -24.70286153  24.95880554
 -10.895222     6.26515143  -9.36593772][ 1.80241093e+01 -4.35646976e+01  1.84926289e+00  2.48273014e+01
 -1.61934663e+01 -1.07336392e+01 -3.64547895e-02  1.27292094e+01
 -2.46662578e+01  1.59851956e+01 -1.06421273e+01  1.13058807e+01
 -1.03931326e+01][ 17.82082402 -39.08623585  -0.15016498  23.35932268 -17.69533327
  -5.83903001   1.83186791  13.52432963 -28.44933666  16.85756474
  -9.52071094   3.88516182 -12.56716244][ 17.41809214 -40.89634346  -3.30677212  25.72435067 -13.17628591
  -8.40219292   2.41081362  13.2869787  -28.15593738  17.15901866
  -2.06378821   4.60438968 -10.50689824][ 17.01699689 -45.91111259  -7.57061831  27.65485281 -10.68404429
 -11.05414476   0.22126346   7.68075961 -28.67496905  12.59199781
  -3.31163829  -3.77478594 -12.40706253][ 16.88665914 -41.52910884  -8.81079466  30.2839022   -8.01050748
 -13.01686244   3.70604625  12.11999405 -24.02385352   8.62506815
 -10.42087847  -0.62824888 -11.29221794][ 16.64824268 -29.55516058  -8.38709436  22.57657715  -6.41869813
 -13.75471671   8.67966827  14.03131967 -19.47262443  12.76085712
  -7.84934697   4.08472676 -10.70206402][ 16.50567044 -39.14736753 -11.06729055  27.81266961   0.18491037
 -23.26216018  -0.9983089   15.6585459  -25.71284539   6.98745113
 -10.45884718   8.76685082   0.24467048][ 16.43968285 -35.75227072 -12.59786338  25.96961431  -7.79397999
 -23.4678649   -1.11100086  18.88214162 -28.67258148   3.52870687
  -7.87177088   1.38695891  -7.55747928][ 16.04093744 -38.52723612 -17.60302526  22.05239412 -11.53587637
 -26.58360146  -6.91287597  10.05153524 -25.14741129  11.25458106
   3.63001385   8.57483742  -8.01693402][ 14.97122419 -34.12206049 -14.32254541  26.55959398  -6.80598528
 -24.04578306  -7.57400399   8.37601223 -13.24793771   5.39590491
  -2.98831859   7.93201495 -12.05420298][ 13.9653308  -32.14858123 -15.08882883  31.47498998  -5.28657853
 -21.79609402 -10.30787793  12.07864875  -5.88840734   0.67706071
  -1.46044237  -0.43406248  -1.87547987]