[ 14.95077312 -16.5901701  -10.71707525  23.59019435   7.8394727
 -10.46171298   6.49362886  20.31952281  -7.18714504  16.7743708
  -1.75675642   5.17399477   5.37300166][ 16.74907712 -22.61175856 -15.19283246  22.91574179   3.41806611
 -14.19361649   5.72252078  14.98398294 -17.29676426  18.66851592
   0.35227827   0.50921251  -5.32669773][ 17.78500823 -27.78132606 -15.9926708   28.04569658  -3.25105865
 -15.22999174   7.2591262   17.35767079  -9.74325391  17.09243772
  -1.61312087   9.52629706  -9.53015423][ 18.50295082 -36.31913462 -16.12146835  24.6532527  -10.17051924
 -18.02996415   3.47935415  13.28346316 -10.99597527  10.98871763
   0.64340457  -1.89483294 -19.62695062][ 19.0384082  -37.88978341 -11.11413691  27.44405954 -11.62087193
  -7.27424537   4.53604239   9.58538001 -11.22486198   9.37229335
  -3.62766212  -6.3683395  -24.12537771][ 19.50993163 -33.12718656  -6.20118262  23.93742653 -15.4629638
  -2.05156018   1.70547358   3.17119438 -14.26440158   9.54892418
  -7.69482177  -0.98143772 -13.39703813][ 19.82647676 -42.90730573  -5.9619757   25.51922894 -17.17880839
  -8.12795136   0.80531785   6.45825415 -11.12533175  12.77353205
 -15.83266464   0.5573383   -6.34572704][ 20.31330178 -43.5030882   -0.87939079  24.31875139  -9.58201089
   1.94176207   3.8284378    6.45799127 -12.48802768  17.75143323
 -14.9336473    1.53960348 -20.64147767][ 20.84042502 -44.18873988   1.05754658  22.84381712 -14.53717962
  -6.6251386   -0.32714258  13.48283636 -20.18754445  18.23400302
  -9.84645557  10.05171395 -14.29554989][ 21.12830684 -40.16256742   2.22534292  20.64171355 -18.22936186
  -3.99476284   1.6643175   10.38927023 -24.67472063  18.81041179
 -11.59408367   3.80067691 -14.34451685][ 21.23218946 -50.87278683  -1.35906866  25.22053769 -11.26137787
  -0.1791775    1.74316842  11.73811895 -18.60098536  16.70661183
  -6.99673718   4.22692996  -8.27144184][ 21.23895906 -40.87378687   4.30103295  21.75132479 -18.07515654
   0.17829355   0.70994263  12.48380137 -20.21096618  16.92313569
  -9.11531725   7.44405584  -9.08445821][ 21.26988663 -47.93893323   1.42036802  25.69603565 -14.15396445
  -1.52769731  -6.63725455  10.09077706 -19.70451466  20.96290177
 -13.60125083   8.9159208   -5.42750284][ 21.18267251 -48.75512768   2.54330971  25.11973838 -12.99641851
   1.75070415   0.86678159  10.82232261 -23.6463727   21.17402358
 -13.34168059   1.86508017  -3.1182445 ][ 21.52985615 -56.77688175   2.41352177  22.70553814  -9.46530615
   1.92524899  -9.91310606   7.37510023 -20.56690705  25.09633782
 -11.84565654   1.00200751  -4.47210272][ 21.56555811 -53.81065457   6.00284728  15.21753389 -14.81154723
   2.5916548   -8.90352573  11.47758379  -4.5979055   32.36903428
 -14.14259951   4.72275718  -4.5266703 ][ 21.15728778 -44.41088882   9.21544962   9.91762934 -17.28231166
   1.93757094  -5.83387332   5.31545824 -15.92127909  27.48651521
 -12.25351864   1.82071464  -6.61994238][ 20.41469954 -43.963546     6.37394193   5.93087532 -16.60531364
  -1.29062216   1.29159466   3.59525771 -25.26802501   8.97175467
 -19.73838965   3.72021541 -14.93537344][ 19.30849981 -25.0682954   14.02012617  15.38117752  -9.76998662
   0.41586569  -1.16735318   6.11664721 -17.2938205   12.13680483
 -21.4346704   -5.75967517 -20.5327441 ][ 19.68468508  -2.87558287  -7.14811287  -0.25775303 -16.31889317
 -23.28801132 -26.86960861 -19.73625485 -21.57089905  24.63043496
 -16.0637208  -15.26982612 -17.62798447][ 20.61725438   7.58239384 -11.68641849  16.56478337 -11.00543643
 -26.80194792 -20.37641974  -6.7496921   -2.66742941  43.1084865
 -19.16789816   3.17239349  -5.41322279][ 21.47714022   5.71728918 -20.24335719  11.52130919 -22.03764255
 -32.10305842 -26.21495586 -13.63144902  -5.87329345  42.56026063
 -28.73351792   6.74378794 -14.70755199][ 21.63682336   7.10732987 -18.01164721  10.30817893 -19.61851229
 -21.68783664 -21.30134012  -9.17727885  -0.73635384  31.95957394
 -24.1881478    9.64230511 -10.19920141][ 21.7571314    5.48421803 -19.40859285  11.69854939 -15.38224962
 -29.0413963  -17.73610553 -12.06654607  10.64292149  39.62816076
 -30.84359567  11.52478873 -12.37776456][ 21.77936919   5.11550965 -20.45240589   8.36784984 -12.1689961
 -30.71469304 -12.31568359  -9.88584288  12.47652572  29.25159861
 -33.34265596   7.41214624 -13.06966583][ 21.81221669   3.34117987 -23.21428921   4.16305672 -13.49017377
 -35.20561265 -16.93375666  -7.46716925  12.84418932  31.53707725
 -34.52738957   7.36643318 -18.4826511 ][ 21.8812905    3.48924471 -23.22683187   2.5113519  -11.27326371
 -32.63026697 -18.20091471  -1.69368406  11.31852518  24.1959122
 -25.18587966   3.87978674 -12.91188051][ 21.92162296   6.85207041 -24.15295901   3.9189662   -6.32848296
 -35.65320589 -12.75846652  -2.47140133  18.81289057  27.11339791
 -27.17451014   7.8592008  -17.18168159][ 21.98330771   7.2279968  -26.97969982   6.969243   -13.6916034
 -34.56000931 -12.57210802  -7.84631092  16.91141809  18.4562975
 -26.80802789   9.38833786 -19.29876927][ 21.94620144   5.37349918 -25.80085747   6.76571872 -18.00452234
 -30.66317929 -18.11856921  -4.51898541  14.64118512  19.27049191
 -29.35920134   5.14037811 -22.96225055][ 22.16262584   6.27934988 -27.43010332  14.34810418 -19.61208337
 -32.49099083 -15.09506809  -7.6085812   18.62001539  25.00176992
 -30.41526723  18.69305822 -27.47863718][ 22.16020284   5.96454933 -24.48745666  19.45954761 -20.5786278
 -31.38946383 -15.80734168  -9.0927404   25.15696471  18.01813606
 -27.9171789   15.08473293 -25.15584194][ 22.25553169   4.88002804 -28.30049939  18.28705073 -20.12608809
 -41.18623902 -15.89383315 -21.85907244  28.09104508  13.62269279
 -29.43245344  18.28489876 -30.4721566 ][ 22.17842554   2.43927724 -26.45652274  12.51464098 -24.05047178
 -24.92512827 -23.2748744  -20.67097012  16.80847207   0.50547439
 -21.99541506   8.82959646 -19.46639197][ 22.267983     1.79082495 -26.09179216  21.63249333 -20.17533564
 -43.39531405 -22.53073689 -26.72602639  26.44353518   4.5208104
 -29.63978746  25.31432917 -25.21948326][ 21.93488475  -0.41001346 -19.31444787  17.78838281 -18.98289123
 -28.98130161 -24.40509109 -16.67461895  21.73209247  -3.79697489
 -17.16026721  17.3043094  -13.47889165][ 21.69165985   2.15444047 -18.59120905  25.61525414 -10.45953279
 -40.05640977 -24.66460736 -18.38202752  21.49203582   8.57570227
 -21.52234798  33.60329154 -21.51874302][ 21.12690786   2.31701154 -13.6752899   23.4035754   -9.14355939
 -32.92435619 -31.33226927  -6.30097503  16.08513548   1.47214782
 -17.39188079  25.55864036 -12.99669072][ 20.58591819   1.53994322 -10.33933483  23.56497139  -6.24339286
 -36.08405864 -30.56380315  -8.99579922   5.78404479  -2.00520192
 -24.35186616  26.30979282 -14.18077593][ 19.74412711   2.53689399  -4.13844373  22.80222337  -8.5176466
 -31.424204   -30.94793396  -3.40637942   5.55840484  -5.60581666
 -14.25844934  22.85812723 -18.51181444][ 18.7061049    0.54013913   1.58766444  25.97741829  -8.2199653
 -26.75487604 -27.91724824  -6.27262878   5.93159711 -11.09558719
 -17.8283961   19.4461022   -7.75064061][ 18.25313053  -4.41784537   7.42664566  26.50516835 -11.62618134
 -20.62671152 -19.47525413  -6.84568706  -5.7842816    4.9541731
  -5.57053381  15.63385381  -2.55786455][ 18.32643396 -12.31035789   8.35579132  20.68376484  -9.23886998
 -11.9846998  -12.08768297   1.94004808  -6.97489206  14.28957835
  -7.25380339   9.44169105  -5.16714269][ 18.75884465 -19.58436783   9.22474073  18.12505794 -14.01358138
 -10.60207078  -1.41817987   4.89629969  -2.77080654  15.49888507
  -8.05892531  12.02502764  -7.07732474][ 19.53824003 -29.07343999   9.15983545  16.75256952 -22.24220102
 -17.43419422  -2.01798002  -0.33620983  -0.58932019  15.1940162
  -6.49316269   3.03696005  -3.84693687][ 19.90605021 -33.8498264    8.25322697  12.14049394 -29.12345033
 -17.67283997  -1.01159745  -3.96978644  -6.17381531  16.49191522
   0.60276619   8.94961071  -2.54950847][ 20.12621844 -37.23810424   6.58120386  13.72469384 -28.32318567
 -17.31710553  -1.02396705  -2.24231798  -3.93811019  22.28692146
   6.70305509  11.5701035   -2.99235234][ 19.98969088 -38.22587854   4.89883346  16.88248685 -25.80050761
 -21.56037374  -7.38770998  -7.91443707 -15.99128337  12.45908397
  -4.76794775   3.63424995  -8.68035079][ 20.12680715 -39.38856141   6.43762312  18.55804774 -19.53936582
 -11.26917112  -2.47523391   2.80063762 -14.91255974  20.14811739
   1.24380267  12.03617467   1.78757454][ 2.01025709e+01 -4.03318838e+01  6.09425643e+00  1.82254166e+01
 -1.80710533e+01 -1.03128284e+01 -7.13967918e+00  3.32225497e+00
 -1.03743058e+01  1.67514100e+01 -3.48349965e+00  7.64983992e+00
 -3.86807252e-02][ 20.08647324 -38.54410408   3.82426034  16.39868791 -16.94836348
  -3.37153767   4.69685183   2.49139331 -13.67813008  21.34685758
  -4.64843629  -1.24986734  -4.03955608][ 20.25001567 -46.33229815   2.13268569  21.81099091 -19.31335662
  -9.85787736   4.04466316   4.81851781 -12.50065429  20.89986
   0.06296258  -2.80157531  -9.11079146][ 20.29861607 -46.72500291   1.38531957  23.77305417 -17.55886071
  -8.9653495    3.12553036   4.73278047 -11.7317529   21.61733282
  -6.03760057   4.08806269 -12.74322955][ 20.36559169 -45.2884624    2.89562513  21.4395032  -17.60396512
  -6.97395913   9.51283232  -1.47000004 -14.80259003  14.3566427
 -14.22733498   4.66509742 -11.99671501][ 20.63998233 -36.50637465   5.3455936   16.44442841 -17.93012056
  -3.58253803  12.34593293  -8.06497669  -9.18449866  15.33390029
 -20.12062092  12.45669841 -10.75898797][ 20.40538551 -49.75029369   6.66859033  17.61001001 -27.87749422
  -8.64791804  11.49940357 -12.27638112 -17.09954584  14.38070942
 -12.00232048  12.36879124 -19.02918833][ 20.05551213 -45.33180292  12.39015035  17.44803093 -24.35657001
   2.84115876  13.57138027 -16.61374188  -2.71046131  17.19189475
 -15.37312381  13.36730595  -7.79503434][ 19.15239898 -51.45615733  17.52630131  13.36626915 -21.83784411
  -9.16860642  -1.08044168   1.62058257  -2.69574995  11.94995613
  -8.61524122   4.13769702 -14.36394991][ 18.788282   -38.1395959   12.58490298   8.84696043 -18.70180139
   4.04697151   0.74229825  -4.43868525  -3.34900427   4.82654036
 -10.87219365  10.96408912 -12.08676246][ 18.51132611 -44.99988609  15.38427894  13.13694501 -19.32681584
   2.70934006   2.19504869  -3.13993263   0.99038438   7.96418798
  -9.0178338   11.797183    -2.84094883][ 18.18000678 -48.76784566  13.23300951  18.07264004 -20.93293545
   3.5640241   10.22870836  -1.57707319   3.69359471  10.75368927
  -5.64066157   1.90288986 -10.78743179][ 17.74985802 -43.07602942   9.87280878  14.43656315 -19.21360988
   3.70255382   6.53543037  -0.55129771  -0.15901899   8.13398009
  -6.52611587   4.39797639  -8.40959661][ 17.57618963 -42.47514828  10.94328612  12.55488583 -22.88708662
   1.49174139   4.62308454  -3.84919945  -1.71055612   0.94887401
  -7.60478836   4.45601375 -11.22275965][ 17.56555512 -45.05506105  10.98538928  16.87485402 -20.97245072
   1.59489719   4.03947816  -5.73953605  -1.26222292  -1.10313792
  -7.0491407    6.45899378  -5.05640175][ 18.00758538 -51.18441206   8.01065927  14.75421459 -24.94171436
  -4.15257624   2.44210064  -7.27786855 -12.27924359  -2.51830786
 -18.49543871  -1.30328654  -9.22761665][ 18.14358244 -45.17192091  10.80249449  17.60741267 -23.07194341
   1.20258104   7.24888403  -4.05145639  -1.92202957  10.7313257
 -13.99748191   4.56512608  -6.43666609][ 18.25565227 -34.84461859   5.52614407  11.70820698 -19.77689494
   3.25121687   4.49600888  -2.50233695 -11.08386202   7.19232823
 -13.89758347   1.97723745  -8.44149291][ 18.32881139 -39.9995423    4.53262529  19.03559001 -24.08353377
  -0.72571169   6.00839549  -6.51182301 -11.64704803  10.60430534
 -10.26696693  -1.35868905  -6.92659198][ 18.57588982 -41.00678215   2.82946653  24.1329152  -19.48331689
  -5.21303598  15.59275223  -3.84986405 -13.145496    15.81261908
  -8.1583313    0.79598572  -1.86565658][ 18.69068283 -45.19946625  -0.76813797  24.36198293 -19.55417075
  -4.29190654  16.45338024  -1.20384486 -16.03436177  13.30114645
  -8.88993767   3.83109188   0.49502637][ 18.70738083 -38.00758944   0.84129328  22.24752556 -19.29526269
  -1.1048672    8.20475992  -0.41587789 -17.50669071  16.11677572
 -12.48349762   1.98581413  -2.2270558 ][ 18.47311771 -43.18397641   1.01108678  23.24226457 -19.2740958
  -2.65650413   5.57051087   8.24654716 -12.40706262  12.26622515
 -12.60690837   3.87073858  -2.63253257][ 18.49964392 -39.58244741   0.52696617  20.98618058 -18.35206035
  -1.68157201   5.18624409   8.12780141 -16.37096458  15.26646607
  -9.85385245   4.08941096  -8.63335772][ 18.36735972 -40.08012284   0.821236    22.28473828 -20.53057513
  -6.57856754   2.46843561   4.34496834 -21.31095352  10.13254769
 -12.90794928   1.62571908  -9.33666902][ 18.2355183  -41.84615918  -0.68118286  27.63506155 -18.42401848
  -6.73503453   9.1176267    6.05095304 -16.01241897  10.75750616
  -5.51306671   5.04908623  -6.58169244][ 18.08386207 -39.07231957  -1.4885146   27.96746545 -18.50640535
 -13.44632117   6.85464999   9.72398923 -18.69234368  10.35467642
  -3.29603768   2.14567731  -6.3653433 ][ 17.94514159 -37.32688568  -7.35120085  24.6418959  -15.59703454
 -14.24519597   9.99451559  10.03388803 -19.09344759  16.64089911
  -1.32158892   2.10539762  -3.07148736][ 17.87599102 -36.99400764  -7.58195391  26.2547552  -12.47536186
 -19.49928358   8.31277213   6.4737698  -21.93730143  13.98617087
  -1.87916123  -2.02336017  -8.80018525][ 17.67664624 -44.1847614  -13.9779575   27.83587252  -1.90645912
 -20.76585086  10.25617378  17.65010136 -18.56607361   7.43181719
   0.11179662   1.59806129  -7.32597932][ 16.89218263 -38.22878627 -13.86942489  22.81916173   1.31946612
 -26.0382855    3.42566932  12.34581668 -23.0841162   -6.22584151
 -11.01513701   3.71932575 -12.39333977][ 16.5375105  -35.08165783 -11.43123536  26.99266701   3.39566005
 -28.26946048   5.35095683  19.7943917  -19.40209013   0.69358223
  -3.01791515  -1.13202103  -6.94691132][ 15.20120496 -31.29455165 -14.03330904  20.24575026  -2.86711956
 -19.29580972  -4.90184053  13.62481933 -15.58432724  -3.41014708
  -2.85546225  -5.34327299  -4.61822476]