[ 13.67053557  -0.67450883  19.89288112  18.44924545  -7.59732045
   6.38176077   2.64684823 -10.2468743   -1.83508015   0.89608742
 -23.23941099  11.07312693 -12.91746054][ 15.91026091   3.69016881   7.03412507  26.75774344 -12.82308658
  -1.76120091  -8.67924901 -12.8241754  -10.09023266   3.25929305
 -28.15966381  -2.72830546  -6.13477376][ 16.9845403   -1.23474333  12.74817765  42.38349379 -12.76826494
 -18.33478493 -26.92895499 -26.90495735  -8.6909199  -13.37941203
 -51.05859205  22.06206296 -13.76799887][ 17.22709149  -0.42261293  14.9340664   46.80366242  -8.5094909
 -17.08179482 -24.50344938 -21.07325526  -8.98140984  -6.58033846
 -49.78405117  29.85647015 -13.85949378][ 17.29954593  -0.6830551   15.32551172  37.23540065  -7.76782958
  -7.73184291 -14.07807567 -12.78932252 -12.62076    -11.86090023
 -47.37510083  22.90287836 -13.04376096][ 17.6005974   -2.4466039   16.01117048  42.58413786 -10.7830574
  -8.73393097 -23.04360833 -14.32577545 -13.3960864   -4.9368348
 -46.48777946  24.13215129 -10.79919284][ 17.62368652  -4.6946581   19.58475497  45.54448159 -14.40914188
 -10.41918972 -22.62319978 -10.90543527  -8.88157354  -8.76228775
 -41.19514944  21.55439461  -9.8238543 ][ 17.70536769  -4.95814137  18.24451652  39.20980878 -13.98736924
  -6.76417534 -14.92861081 -13.16329662 -10.14245757  -8.31787975
 -39.06222699  15.87550475 -12.93869732][ 18.04956336  -6.30253656  17.75015827  42.10070152 -13.98919912
  -8.81067136 -16.71366045 -17.92586452  -8.77002103  -8.17509711
 -43.93976423  16.87438104 -12.66663451][ 18.06668226  -7.02262548  18.3900704   46.40977314 -10.57393343
  -8.6117229  -14.49550189 -18.4026086  -12.6390551   -9.31772342
 -45.02612169  17.81417844  -8.78882736][ 18.36481096  -8.16448702  16.78367601  45.35438596 -10.83585328
 -11.95073998 -10.26555103 -14.08830423 -11.08373443 -13.81861654
 -41.59639524   3.25491334  -5.9254912 ][ 18.88621798  -7.78079105  13.61253567  40.05796938 -12.75753974
  -9.29029807 -13.41679335 -18.11970051 -19.36363553  -7.4239608
 -47.56632828  14.75172474  -4.80530323][ 18.95995193 -10.91348103  17.36502121  43.28265256  -9.99884052
 -14.36647917 -19.76639653 -11.76833357 -20.81962015  -9.34466322
 -51.8398846   20.30385113  -5.11510013][ 19.52777539 -10.72724305  14.0822829   37.64598039 -13.63424467
 -18.33081682 -13.6525684   -9.42614763 -25.75632461  -5.72916547
 -43.91743892  18.39102277  -7.5466998 ][ 19.81978836  -9.92731314  12.51461736  39.13759286 -13.02989789
 -19.5167937  -16.56753527 -14.20308176 -22.85709445  -7.13954272
 -47.27922249  22.54422817  -5.14819636][ 20.06432242  -8.91629925  11.89420346  38.0674858   -7.99938184
 -16.2303585   -9.5007993  -14.07438414 -18.64293233  -7.69035071
 -48.35552869  23.19336343  -3.14768939][ 20.77891396 -10.72789062   9.86414993  36.09915909 -14.63112677
 -30.21176312 -13.83228635 -21.49921207 -19.66457791  -5.0677505
 -46.46832637  20.29026388  -4.0039371 ][ 20.94775891 -11.612343    10.65536194  38.10368697 -15.12167293
 -35.39576402 -17.32258978 -19.38161879 -21.28900348  -2.09403077
 -44.55107453  20.01460748  -2.66344801][ 21.27892695 -11.25479718   8.7392403   35.90420737 -16.85176594
 -39.51639241 -15.26782572 -15.99346848 -18.98774592   3.17695433
 -41.62998253  18.70929769  -1.85280085][ 21.23957952  -9.36107361   1.33030032  30.31562566 -13.7467652
 -36.78121193 -17.82667678 -23.92184629 -18.06847653   4.16869779
 -32.0094322   25.44981286  -4.33680112][ 21.59062179  -7.44397405  -0.35514369  32.45642977  -9.0247416
 -42.99566665 -15.0611046  -14.88924064  -6.92003849  13.12786716
 -29.72285156  31.59878576  -3.5894533 ][ 21.71690391  -7.55082282  -2.67628158  30.60985878 -12.36269044
 -41.48618237 -23.00648114 -13.98439687  -5.74629092   6.7513142
 -18.7244983   33.53722366   3.88643693][ 21.7691306   -4.0467626   -5.03418372  29.52952788 -11.07571726
 -46.56874824 -20.90500163  -7.4589891   -2.75537747  12.62650115
 -24.01628611  31.17966335   1.69640269][ 21.85278877  -4.6905662   -8.02376363  26.990271   -16.9064864
 -49.79166828 -26.02640312  -8.50604658   0.86355719  14.84391543
 -15.8886329   31.94661297  -2.74357186][ 21.66529827  -2.85324968 -15.93000243  15.75238706 -20.4901732
 -34.19474885 -20.57895431 -11.59604864  -1.05166215   3.14944428
  -8.24898568  20.45032614  -5.42610757][ 21.91092885  -6.75104923 -13.97203663  20.10019648 -16.53226985
 -43.99128453 -19.54534025 -13.4061118   14.53561868   5.03041434
 -18.53260519  20.78893935 -11.89124795][ 21.93122879  -8.36120195 -13.49711572  19.12268547 -14.85229129
 -41.29117653 -20.41474314 -16.6646613   18.29413224   4.85884184
 -21.04113896  23.01215299 -17.34387246][ 22.15694871  -9.33848761 -13.7132295   16.00062117 -16.2587842
 -40.62034341 -20.45954599 -20.09185123  18.49569991   2.40869064
 -24.83975236  17.36460058 -16.99094853][ 21.91233725  -7.97219571 -15.33911376  14.53932313 -16.97610048
 -35.82748891 -17.71335458 -21.64236604  22.25773413   3.43775572
 -20.24998706  15.01128014 -15.59210865][ 21.56483877  -7.04789385 -14.98893105  14.2459285  -18.10588451
 -39.22962281 -17.97311769 -28.7458746   13.67705092  -0.20256575
 -24.1671815    4.71706781 -19.17051397][ 21.37928625  -5.29321693 -10.7846271   22.63310791 -13.17317312
 -37.18697813 -18.71354423 -24.7595044   21.96952702  11.79563686
 -16.77648357  11.22338549  -8.05994514][ 20.72628075  -4.55889015 -13.1923758   23.31179897 -15.29614049
 -35.23308611 -25.14808678 -25.8803988   13.51328384   5.41355579
 -22.29241347   3.05394691  -3.54310247][ 19.9823703   -3.26099831 -12.19630291  22.32242033 -13.11754952
 -25.76002807 -22.11240464 -22.24642847  10.33322033  12.31145818
 -19.55797306   1.5690544   -0.67777695][ 17.42625527  -5.46319782  -2.80493546  17.69761766 -13.16445992
 -11.65877736 -28.65822689 -12.78280164   2.79400514  -3.91734687
 -18.35483643 -24.72334545  -6.34121891][ 16.35508684  -0.83720895   1.48091958  25.4898878  -14.10069516
  -8.21776208 -33.12647578 -15.36916848   5.51116393  -2.27773773
 -17.19317669  -9.43548515  -3.78255955][ 15.64521901   3.59623154   0.84364229  34.01398783  -3.72841461
 -11.50468093 -21.92105274 -10.70381388   5.89018173  12.41124733
 -16.07047085  -0.18749365  -8.91197724][ 15.36068611   4.00039068   0.54307985  29.84341366  -4.93990872
 -10.50446315 -19.19955175  -7.17130516   2.59424517   2.38886395
 -20.57752989  -8.93624806 -13.77045274][ 15.25252561   2.80228741   5.1902546   31.82754731  -4.50262296
  -6.77033063 -24.53574817  -6.63330767   2.17435394   3.14179693
 -14.89021491 -11.94692579  -9.57518534][ 15.88475009   0.36889845   5.13073179  28.58542933  -6.87831169
   6.73505517 -24.81456729  -8.93977018  -5.15965194   1.99006979
   6.42245318 -11.877735    -2.14617487][ 17.44787336  -5.08227137   1.20885969  21.79055796   0.56172874
  -4.2637785  -34.24084742 -19.16568308 -22.85318209  11.19560257
 -12.71181588  -7.69290681   5.48398992][ 18.85875526  -4.82017386  -2.08263323  21.88001124  -2.37180959
 -19.72789547 -35.83196186 -14.96320369  -8.87486685  23.96752263
 -19.26509952  -5.52160392  12.16419036][ 20.17804779  -3.48181223  -3.9546364   17.96249858  -5.59257883
 -27.25000663 -23.80372045 -17.17635481  -2.75404609  19.84032249
 -24.01532825   0.08677579   0.72062663][ 20.81272921  -6.16642708  -8.3235786   13.84235976 -13.29449475
 -35.47243525 -27.62936676 -25.80666469   3.33550999  16.02756783
 -26.72519416   2.07808371  -3.51296011][ 21.0489096   -5.88234093  -6.79340181  15.26279443 -11.27906814
 -33.06183565 -19.7613845  -19.28426243  10.31654543  19.711161
 -26.06913901   7.07879885  -4.509422  ][ 21.38568966  -7.47863612 -10.19677593  10.7307059  -14.14283282
 -37.72670057 -17.25065386 -21.08640896   9.37319525  20.93056492
 -27.14583882   5.4173498  -10.23345455][ 21.17982161  -5.43156982 -10.77763707  11.07394544 -15.736404
 -36.42064987 -13.29341073 -17.17811904  14.37596415  19.13815378
 -25.58962267   4.44391286  -9.16075037][ 21.3119266   -4.43733753 -13.62120613   9.47675772 -17.08852696
 -32.31114586 -12.06158135 -14.87965387  12.11512892  19.5682068
 -26.3263244   -1.19392289 -10.63544759][ 21.21159502  -3.3700506  -15.15249111   8.53587718 -19.28888906
 -30.83742557 -11.83331391 -16.06314731  15.22635166  18.14601336
 -25.19201369  -1.20933105 -13.31876824][ 20.9445381    0.08668212 -11.27401384  13.80523415 -13.66393617
 -29.41810718  -5.12191351 -15.70110936  24.18464968  17.36389502
 -22.5254997    2.35607846 -10.74631551][ 20.90444438  -2.53423872 -14.86188312   4.93109581 -18.68716773
 -39.19642747 -12.17161136 -24.61718807  16.07709734  13.3162181
 -32.38333388  -2.01850103 -14.25727382][ 20.45429625  -1.65821989 -13.91513275   5.72282922 -16.40662431
 -34.85645016 -14.2409286  -24.87779368  13.29820906  15.31909299
 -35.8444089   -2.22491593 -12.79479048][ 20.25821965  -2.25192447 -13.25417679   7.88562073 -14.99547401
 -38.09766092 -20.4495244  -30.159146     6.91941801  13.57570089
 -40.21458234  -3.12797752 -11.28608467][ 19.59775834   1.36146836 -13.75298711  12.53963464 -10.89770039
 -26.7752659  -13.74085526 -28.95627001   8.07497712  16.68472822
 -42.65663791  -1.54456581  -8.41207501][ 18.54759049   4.01879294  -8.8176723   18.50419503  -8.11669711
 -16.28343335 -20.64937471 -19.29261613   1.62464612  12.47259321
 -39.54977538   0.15046984  -5.72353504][ 17.45970656   4.4758945    4.31685971  20.83475615  -5.12970553
   1.73359545 -18.43097064 -26.15647041  -2.76292586   2.65941801
 -33.26827635  -8.34155482  -4.91496555][ 17.19667536   8.33350585   3.62951598  20.24279366  -9.51815551
   6.19610858 -18.1391734  -22.28023855  -9.9356456   -6.42671515
 -32.75036973  -8.04149808  -8.62661631][ 17.15024488   7.97511309   5.22608559  22.41453133  -7.38630829
  -0.1393657  -22.30072833 -26.04592827 -14.4963385   -1.8738768
 -33.72416793  -6.5015411   -6.88365058][ 16.86658166  10.38840414   6.55050929  20.287961    -6.55910567
  -5.99807217 -15.52640452 -24.19423428 -14.14198837   5.10519103
 -27.28604476   1.48937151  -7.349009  ][ 16.97540278   9.66763112   4.80652844  26.1300869   -6.41113996
 -16.02100403 -10.88967741 -31.57674048 -24.87800194   9.40626337
 -21.39086346   9.443675   -15.42540767][ 16.85673154   9.95812266   0.87365187  26.13487674  -4.979426
 -12.21583532  -1.60285786 -28.31157216 -21.28516243   7.54982768
 -23.54107071   4.5761345  -13.94847758][ 16.94149521   8.7168908   -0.60803561  32.83424902  -1.01603023
 -12.97364281  -8.35085676 -39.35942409 -24.43377507   4.2842808
 -16.84931551   6.90639479 -17.23421355][ 16.61318413   8.0301121    0.51698019  26.14983873  -6.42854517
 -15.41238478 -15.75395677 -40.61482256 -17.83227907   1.50400372
 -18.3063161   -4.22080787 -21.62057906][ 16.48407575  13.76902499   4.33925278  26.51846641  -0.85797327
 -13.37629663 -23.09700303 -42.20390819 -13.96538332   5.88642385
  -8.5344839    2.13531099 -22.89140939][ 15.87322658  14.86416567   6.95107439  11.8785116   -8.88277904
  -9.06512103 -16.26072481 -30.96691932 -13.10028054  -9.48463059
 -18.16237407  -6.69863299 -17.78000346][ 15.4806892   16.72897724  13.36804732  16.3444551    5.07278663
 -17.96261333 -19.14924267 -25.62789426 -14.11384522  -9.81239948
 -21.44784584  -8.53385935 -11.49872349][ 15.18969112  16.60408778  12.8417988   14.15692963   3.87342803
 -18.91582467  -9.78530145 -22.45845168 -16.76742268 -13.91375192
 -18.02900101  -3.90243371  -6.0758621 ][ 14.52131761  14.07726004  18.01456028  19.04102053  13.17030686
 -12.98354548 -13.20367996 -27.68674655 -14.91872036   0.22413944
 -13.42342204 -14.08087875  -4.04226391][ 13.89418766  11.74953433  19.69620804  13.70580029   9.66522644
  -6.40112536  -3.26439815 -17.94798156 -16.11496601  -5.54187589
 -18.47930585 -20.93164298  -4.10212925]