[ 11.32581419  -9.04585249  14.88808466   5.31045227  -2.14363002
 -11.84333984 -23.64519826 -27.71304751 -20.25106713 -10.60870534
 -13.59760157  -7.52788917  -4.21244567][ 11.40523635  -9.68418294  12.93227413   2.07081055  -6.21643377
 -14.2042991  -27.46115201 -27.96134268 -16.61934611 -13.11344956
 -20.78798115  -8.73773402  -7.08248784][ 11.66490624 -13.49944961   8.41507965   8.36431473  -8.13901525
 -10.28775264  -8.58159646  -8.86670384  -8.37409552   2.73799769
  -3.50185545  -5.52793462  -1.69762623][ 11.8071639  -13.94816833  10.77262295  11.54842199  -7.0662787
 -13.33954207 -13.7528378  -14.98300254 -16.16315471  -6.13146479
 -11.06137356 -12.12289991  -5.35590877][ 11.79893979 -14.08023542  10.52386665   9.43577221  -9.46138981
 -16.53333198 -15.40662512 -18.79565769 -19.688455   -10.5118953
 -11.43614489 -13.02967183  -7.61119071][ 15.56647501 -29.01944305  -3.51960766  18.0694509  -21.06934543
  15.91651009 -22.1813068    0.24265865  -5.85442871 -10.69665745
  -7.76823779  -9.74166987  -9.89197295][ 16.45475671 -26.9245104    9.1512313    5.92417849  -9.82402699
  14.37202048 -14.20503091   3.9506468    5.6426253    7.42607043
  14.74252712  18.41355426   7.42630323][ 17.29573224 -24.79846522  14.3366118    9.76572659  -1.9357354
  23.14486122  -6.09330248  12.15241952   7.54142095  15.01459656
  14.18703219  11.166734    -1.55828492][ 18.10205339 -25.75209206  10.75372853   9.85481305   2.31801333
  26.71598217  -2.4964221   11.33893859  -1.04772382   1.75613859
 -10.64740238  -0.04076211  -2.14142807][ 19.09995115 -27.74161391   9.69273158  12.6513782   -4.14521266
  17.69557785 -16.60526883   6.44689433   1.27641729   1.03602086
 -10.96318764  10.52106288  -8.87348672][ 19.50538155 -27.93943265   6.7591602    8.82153778  -9.32134367
  13.39095939 -19.95429814  -2.92269488  -2.43249955   4.80395928
  -9.93197268  10.23229543  -7.2596019 ][ 19.85901374 -28.28319099   8.93980492  13.41821585  -8.56089426
  17.77685358 -13.73083166   7.12375641  10.14222462   5.95742293
 -10.27632747  -1.03053446 -14.13476941][ 20.54901231 -29.51831727   5.75370474  11.93131183 -12.65808461
  20.62364014 -10.4466354    6.37011934   2.75622166   8.26327652
 -10.00163398  -3.04297252 -10.71793915][ 21.53147009 -35.9897307    5.05536725  10.43159749  -9.58482879
  19.74835856 -15.41525872  15.38879566  -3.39292191  10.7727954
 -18.23079742  -1.64700918 -12.62561918][ 22.229065   -37.77845972   3.83422809   8.61093403 -12.21881554
  19.06149555 -18.21912866  12.72721345  -4.74113894  13.96502563
 -10.26729752   9.65976415  -9.08362702][ 22.44994484 -36.27093943   6.53626159   8.19044082 -11.38117868
  19.8740427  -19.43272249  15.43768614  -4.40369835  10.23630495
 -13.07086433   8.95544076  -9.60531244][ 22.316833   -42.71199134   4.10637216   6.74141712 -10.41762054
  18.44467966 -22.33104824   9.53377495  -0.67642817  14.72310579
 -14.46072337   7.61748864  -7.21349466][ 22.24944995 -46.91838407   3.81890278  12.70135818  -7.3846886
  23.34246006  -7.14320838  15.06171885  -3.47801877  22.76878854
  -4.35953394  -0.22812613  -3.30760307][ 22.32703172 -49.59562303   4.64363912  15.00466438  -3.89871701
  16.30885155 -16.55827613   4.84904121  -4.80558247  30.8632412
  -6.5783449   -5.18030091   0.7128497 ][ 22.47804636 -38.96090969   6.86611081  11.3095772  -12.43205186
  10.29969767 -11.53289942  11.10716192 -15.13145294  21.24664031
 -10.55145564  -0.73393027  -1.99092072][ 22.43233066 -41.3887016    4.87661506  17.62904046 -10.95826603
   8.7073858  -11.56000073  12.99790777 -14.90583442  24.72726133
 -14.3447971    0.15973633  -6.27043335][ 22.35120649 -45.82522434   0.550011    16.03168267 -15.04824255
   4.36284929 -12.1810439    9.73504158 -20.26037007  21.93227239
 -13.87719414  -7.01097275  -8.34813821][ 22.38551118 -36.27383739   3.75172938  15.76230944 -17.14981639
   7.95591823  -4.51121902   8.22715341 -24.2434479   23.38690547
  -9.10003347  -2.76159289  -6.18017339][ 22.29667023 -44.84596498  -0.46646751  19.53139059 -17.93386664
   4.27669299  -8.63510314   4.14196257 -17.87148641  28.70371432
 -16.3550125   -8.47883402  -8.60943556][ 22.2326023  -47.06106451   0.18401329  22.81978723 -17.93807713
  10.35631577  -1.98125645   5.8780927  -13.59968883  35.61010995
 -11.20861256  -4.73018741  -4.55792731][ 21.89273909 -46.35062579  -1.08701535  23.9665241  -16.81382833
   4.52290726  -5.69999376   0.18789133 -19.88139763  23.25025513
 -21.31010342  -5.46826911 -10.91265911][ 21.35472541 -42.71195861  -0.58928804  24.66660672 -10.42887647
   1.78273904  -1.46737675   8.82427141 -14.91084731  20.79285338
 -19.48540009   3.87849984 -11.10327618][ 20.2819668  -31.56911619   0.58871354  18.13093405  -7.11148
  -4.50910018  -7.84828398  10.21744551 -15.65675597  18.16296823
 -15.67442468   9.94698046  -8.37432926][ 19.4801497  -16.48164876  11.26150761  28.55639469  -5.19664532
 -17.54037146 -24.83913255  -6.39033253 -20.37522367   7.69241954
 -27.48964516  -0.09529728 -12.9520197 ][ 19.05559526  -9.99308321  13.45427369  29.809216    -2.83926982
  -9.61558445 -25.21331186  -6.76834314 -14.03045561  15.98017055
 -23.33859791   3.44722584  -6.97562989][ 19.43835499  -3.04656165   2.80142001  36.52420108   0.30306554
 -19.10483334 -35.89154579  -2.23309543 -11.96006335  14.79064169
 -15.33456337   7.88924293   0.34764137][ 20.38972238  -2.20584517  -9.42824981  27.35377809   3.02653685
 -16.6416236  -22.97065571 -12.45575225 -17.02092763  13.18123205
 -12.51906087  15.37809479   6.67950945][ 21.00922135  -2.85669631  -8.4507472   37.96579735  -1.04598384
 -30.10849362 -38.8229201   -5.80516374 -17.16307334  19.39961595
 -26.30655791  15.5463006   10.33935581][ 21.15431822  -3.20629151  -8.47628754  26.8668201   -1.13604208
 -25.43800319 -26.36631144  -7.35816821 -15.30800806   9.53934468
 -18.88014308  11.31150661   8.4949356 ][ 21.72261595  -4.65868909 -13.60349161  34.71078974  -5.74286649
 -39.68795741 -44.14339389  -5.83041055 -23.8809068    9.04088986
 -33.98359252  10.29958709   1.86496891][ 21.82366784  -4.44114743 -10.65282735  35.94997911  -3.87041816
 -41.61381658 -40.63313851  -0.76499145 -20.39060433   8.39485932
 -31.1255171   12.51894677   2.6766405 ][ 22.05105456  -6.44057689 -10.3271774   36.11363017  -4.99564221
 -39.4211214  -43.43181952  -0.86031097 -24.73667465   4.08167554
 -28.13863166  14.57182203   0.82033544][ 21.9096399   -5.89830968 -11.10243044  37.25692924 -12.62095454
 -36.98725517 -47.65409794   4.68464849 -28.13113008   2.01336604
 -29.27569601  16.47758472  -5.22984327][ 21.90780198  -5.66338     -5.87066678  40.75904556  -4.09554535
 -36.47948591 -42.73108308  12.19533413 -17.44627724   7.33461486
 -23.06524839  15.83190656  -0.41008393][ 21.79115027  -6.35215295  -8.98725242  31.09176041  -5.63607767
 -33.18122715 -40.53626259   6.40891129 -25.63528932  -0.66922383
 -23.36467081  14.67175786   3.34076138][ 21.62084903  -6.48778509  -7.66866264  29.3376802   -5.09943372
 -30.62129476 -33.47184029   7.07953944 -23.87279378  -7.9083252
 -16.70750684  10.69387567   1.51515594][ 21.71777511  -5.2958908   -9.85142153  38.30670212  -7.93699278
 -29.35538715 -41.66804433  10.88387876 -28.24874956  -5.33389074
 -17.85396116   7.67814606   3.5748292 ][ 21.5381014   -7.56219082  -7.71097162  41.94904825 -13.10618257
 -37.93394893 -49.77567244   9.02026844 -30.75161502 -13.58789238
 -22.56039573  -0.24161038  -0.71812215][ 21.5847658   -7.00325939  -3.96655932  45.3162088  -10.56291419
 -35.18568782 -43.89070629  13.10632503 -21.66392514 -12.5368452
 -15.19014685   2.79567168   4.64829716][ 21.39647391  -7.00327675  -4.44609863  40.96644405 -11.25344737
 -35.09894125 -42.09084098   6.71927675 -24.00137197 -12.76610863
 -11.2515763    3.43749872   3.37142727][ 21.25805301  -6.17422916  -8.12476156  27.39854351 -11.17578486
 -27.51108247 -31.16213003   1.48977563 -28.51967472 -18.17096765
  -8.04058743   2.39925885  -2.84961265][ 21.37261013  -8.89616284  -3.13090502  39.43519818  -8.68247048
 -37.18114267 -37.99940479   5.56304235 -25.81997725 -14.4145231
 -11.15964703   5.2932476    0.45609831][ 21.01833187  -8.61953597  -3.23243509  38.04601943  -7.2237556
 -43.03724662 -36.94977185   2.58962444 -25.38100533 -14.51581862
 -14.86458632   0.32499421  -2.90088341][ 20.69422445  -7.42851092  -2.25262931  39.56273915  -4.69518093
 -38.14363688 -34.88622987   5.68137702 -24.06437292 -14.30877303
 -15.37988775   2.2637068   -0.30146509][ 19.9177522   -3.55486897  -5.8448047   33.26399555  -5.43462074
 -29.45613657 -30.47846804  -1.17920201 -27.46497568 -10.24854916
 -13.39008433   4.27266296  -5.59512968][ 19.07677411   1.81539031   2.65436999  42.48804443  -5.64075616
 -32.82161858 -29.24907293   1.63482173 -15.36126114  -9.85517092
  -2.61105197   1.58529822  -6.51634866][ 18.43781175   4.2591131    4.67198488  28.62511998  -2.78377585
 -30.74951348 -25.646365    -1.29888864 -18.6225485   -6.9407951
  -4.05211162   9.58766377  -7.84350152][ 17.65362507   3.77610815  13.15424262  24.59104164  -6.71162101
 -28.40201071 -34.28960764   2.392013   -16.32662181 -17.60075604
  -2.87597792   9.91037585 -11.31346201][ 17.07801326   3.51966529  15.05188747  27.28591337  -3.66027399
 -29.06144675 -28.37896826  17.5616651  -14.9123014  -18.97034585
   8.26606042  14.92234037  -9.5753341 ][ 15.99106458  -1.03661158  13.40214096  38.45441298  -2.18400863
 -29.70540064 -36.64851327   9.63599275 -18.13434311 -27.03894997
   4.72207469  -2.36328797 -15.26846254][ 15.15766638   1.61121197  13.56627368  32.20420652   7.55796454
 -22.0941305  -28.6075044    1.23913495 -15.71209907 -23.72814245
  -0.57658204  -3.62646944  -4.30661484]