[ 14.90238584 -20.67556025 -33.33691736   3.44701228  11.59259312
 -15.81674971 -17.62411854  23.1958041  -19.66055122  -8.54337299
 -13.52782775  14.5551368    7.36745152][ 15.61369149 -25.62734318 -25.75707202   6.77223314   3.29707679
 -15.55031026 -24.13480794  19.57658333 -18.48549157  -4.03500757
  -4.37276625  11.69295725   0.59561964][ 17.63790078 -26.62089373 -10.95285736  15.15017988  -5.10872631
 -10.55666114 -12.75797202  15.35193883 -12.6503982   12.88174244
  -2.53606983  11.27997762  -9.02802401][ 18.47400472 -39.28690954 -15.13897187  11.19661502 -16.2044335
 -15.72799481 -15.83730856  14.14346113  -6.05076218  16.86773968
  -2.02350809  14.39977208  -1.51524821][ 19.30850919 -38.73897639  -6.97690092  14.07003068 -10.31813784
  -6.16694688 -16.18167786  11.55819828 -11.76817983  12.02089784
 -10.65949708  12.55281236  -9.56190442][ 19.65292139 -34.02100289  -1.5292056   18.06431022  -8.77289437
   0.69713821  -3.95880617  13.14758343 -18.7421757   17.09267458
  -6.08190129   4.74999365 -11.42609165][ 20.06635771 -37.1513638   -2.08048294  20.63012005  -8.61193356
   1.77495115  -2.06157171  18.26530246 -14.90907519  17.30140012
 -10.55941935   5.34542743  -9.57716922][ 20.33174214 -44.43316263  -6.66739727  25.87859871  -9.36156806
  -4.95699349 -15.26417343   7.87125713 -10.60500544  17.69453073
 -19.11513762   2.27211535  -3.49830122][ 20.44153028 -50.24249692  -7.82466981  27.10190364  -6.80093389
  -3.66062143 -18.29778143   6.32172245 -10.8402035   22.01110422
 -16.87949259   3.57100889   1.72549826][ 20.48840852 -40.25626237  -1.5857771   18.1996058  -16.35202811
   0.5416125  -11.89757373   8.88563426 -16.00565891  12.17143896
 -17.5214677   -2.86637549  -7.66431568][ 20.74812821 -51.55732328   0.15085654  21.33588816  -9.72040398
   4.78144311 -12.76389595  12.06240448  -4.23997863  23.91724105
 -15.28523176   1.20013504  -2.6140514 ][ 20.41789376 -36.75412407   4.37185126  10.80194224 -12.47890346
   1.75403428  -7.22493061   6.51250831 -13.02562069  15.66683968
 -16.87535395   3.59038522  -2.82021805][ 19.72773732 -46.2807867    5.7916248   20.56825561  -8.78002277
   1.1927742   -1.25442645   9.28207207  -7.27411165  15.15011882
 -16.38017792   0.99259737  -5.63536482][ 18.10072284 -40.87154657   5.22335115   9.66324616 -14.58422083
  -7.09331504   5.05283501   3.02828124 -15.78424014  20.0753653
  -4.04308703   5.06978868  -3.18110349][ 14.25854767 -27.58075483  -3.60811024   0.92968614 -12.72730093
 -11.22083773  -3.00553917   0.45509329  -3.56524239  13.01101644
   5.84579466  12.42431325   1.73784974][ 13.04704768 -25.7891835    0.68646829  11.30746642 -10.38079588
 -10.35745146  -7.23514216   7.43847522  -1.83762189  13.96466757
  -2.62046559  12.94848968   0.43415264][ 12.55796951 -26.24657907   5.62146718  16.71650536  -5.88684687
 -11.40207528  -8.87563281   6.66523417   4.32363075  21.5531346
  -4.7299966   10.70176443  -7.69161875][ 12.01014201 -24.41560301   6.40437683  11.16999741 -16.0397695
  -4.95521208   2.15395476   2.95578128  -1.97553144  18.87258838
  -2.50371246   3.34789132  -5.9804196 ][ 11.62352974 -21.75773068   8.16609495  10.53145651  -9.57405323
   0.49826008   0.9870118    0.31844094  -6.37365882  18.55728767
  -0.99233292   4.38509953  -5.31367691][ 11.2610771  -20.49095976   5.87239478  12.24265952  -3.87830842
   0.68894394   1.59762096  -0.06929422 -10.48117888  14.09846667
  -0.89092588  -2.51043141  -4.5085642 ][ 11.0214088  -18.40384057   6.20583645  10.52780456  -3.31213547
  -5.18800358  -0.64557805  -2.92558279  -3.38306219  16.09827009
   5.39386046  -2.62570953  -2.89508703][ 10.71667948 -18.04305808   5.45192025   5.42209981  -3.5752665
 -12.82688721  -5.58500649  -6.66604305   1.5180968   18.97443055
   5.54222809  -0.73514419  -2.64696141][ 10.5666935  -15.63339218   7.33276332   4.53686     -1.78351896
  -8.59537997  -3.80712431   0.75021857   8.95291395  10.30460026
   1.65030422   5.0756706   -0.1290329 ][ 16.65403094 -11.68553747 -16.92948183  11.95286074 -15.83527755
   8.75407932   7.08231984  15.21895626   1.61524376   6.12776697
  -6.67516936   7.97257168  10.18703294][ 16.9319224   -5.9786467   -9.09205355  15.65020282 -15.0489992
   1.2927595    0.14275978   5.62764287  -9.66367779  -2.19076296
 -12.13898138   0.99692019   5.40215058][ 19.02193222   1.59703851  -8.73774445  12.72328618 -13.49964102
 -18.21816548 -25.97525949  -5.2686204   -6.41509982  20.9232911
 -23.69864641 -12.98202315  -4.533403  ][ 20.25813172   1.18273249  -8.73707112  12.60569834 -13.0526203
 -38.04031472 -31.0161043   -5.522539    -2.55498215  26.28885283
 -17.72852671  -0.93621999   0.45374492][ 21.456051     0.86079976 -14.43225225  12.09062414 -11.46473495
 -38.26441239 -26.14034206  -6.03275875   0.47600633  34.44309582
 -22.95409126   9.26302456  -1.65648147][ 21.67715244   1.00351831 -15.67344348  15.0204788  -11.95831571
 -40.08805571 -25.04079037  -3.44525509   5.50538002  40.85170568
 -22.14910337  15.21414011  -1.86927069][ 21.79227207   0.17252713 -22.06491313  14.03431785 -13.64083901
 -43.18916067 -28.27713728  -8.73212136  -0.47723094  36.40048545
 -33.30054472  12.07876872  -4.79108362][ 21.60621431   2.8526993  -22.75411578  15.29413538  -7.93516844
 -35.03525146 -16.87426418  -9.50178761  13.37680966  29.39048499
 -29.3408167    6.16678465  -2.5849272 ][ 2.16839289e+01 -2.74827470e-02 -2.29331608e+01  1.28865778e+01
 -9.54586408e+00 -3.86244688e+01 -1.97326173e+01 -1.19832340e+01
  1.62258791e+01  2.41958296e+01 -3.22610610e+01  5.00304751e+00
 -4.83737892e+00][ 21.38873935   1.49730872 -21.56258518  12.4859674   -6.15483064
 -33.11172908 -12.71311201 -10.05439129  17.46715122  25.43151552
 -35.44293098   9.64083922  -7.14037353][ 21.13791846  -0.19936971 -17.4002285    8.96144226  -9.8776547
 -38.68855102 -16.40442964  -9.99741757  14.22659994  23.19374265
 -40.08410758  11.76166239  -8.59617583][ 20.80390497   1.06777649 -15.70896278   9.58566775  -6.79996555
 -35.6706132  -14.31857486  -8.52309052  15.79979248  21.07774688
 -36.1769362   12.61097962 -12.35315901][ 20.74888156   1.54479805 -14.0876531    9.76465216  -5.11422514
 -41.12956153 -16.3671442   -4.68512593  12.3163444   27.1139902
 -37.21476618  14.52789916 -10.08309715][ 20.58740816   2.2070568  -18.77507061   8.00977706  -8.52065304
 -43.2876318  -21.35348591  -9.45072676   5.45986108  23.38884614
 -40.84560742  10.95257488 -17.39269173][ 20.90258339   0.20698522 -16.43490247  12.22671323  -8.06728641
 -42.27149677 -25.72845475  -4.63785242   7.76909547  20.42516022
 -32.31076225   4.94344599 -13.0335787 ][ 21.08004201  -0.46717955 -19.01734896   7.31337714  -7.70734598
 -41.49814532 -23.89725636  -4.01814065   3.86388192  22.95404126
 -27.02108757   7.13652721 -11.83913203][ 20.87992686  -0.82479378 -16.48949254   4.1954212   -3.88609976
 -40.70106986 -22.4470032   -5.70687292  -2.71975634  18.43807636
 -27.34468933   8.52465889 -11.54039613][ 20.71467175  -1.15311878 -12.59017447   5.99366889   1.49254576
 -48.76417769 -21.67972524  -3.44826829   3.5926824   25.50071629
 -28.65691962  13.47547982  -8.71888933][ 20.24451623   0.7831982   -9.33032741  11.24036478   3.01228982
 -47.46819941 -22.59724758  -2.51963129   5.26005771  21.99138877
 -22.85766776   9.39585435  -1.18785729][ 20.25403152  -0.84238199 -13.38759761  12.72297572   1.83161427
 -56.04150374 -22.21117807 -15.49999401  -6.88833408  18.61034364
 -26.5145654    4.6071431   -3.19947975][ 19.57846969   1.25434807 -12.16485257  15.20976702   0.62404095
 -45.83884817 -14.15938754 -10.65462223 -10.69485871  16.45154131
 -21.74305106   1.01007619   1.38951754][ 18.55823481   0.29830062  -8.41563864  20.39877413   4.7315747
 -43.72690125 -17.66006226  -1.5684537  -17.71402159  12.33609963
 -24.01094795  -6.3827458    3.98971269][ 19.03932593   1.80703003  -9.26575116  25.27228734   3.04830338
 -42.92261283 -21.80680205 -11.68714389  -5.75629075  11.58464759
 -23.84732097  11.97919613   1.77017918][ 19.56934043   0.23345023 -10.93885989  25.51587279  -3.19562616
 -57.25341719 -29.02881993 -18.78666251  -5.69646295   1.24869016
 -29.07753123   8.72344149  -5.39765372][ 20.12316552   1.72453817  -9.00390906  30.31845395  -2.56873465
 -54.13200817 -20.54447261 -14.8992988    3.13087422  -1.81770651
 -13.55759866   8.84223798  -0.76106923][ 20.42821467   0.28244688  -8.29627996  32.161974    -3.93552771
 -51.26233915 -19.51990087 -14.60164315  -2.48854191  -2.96127659
 -16.13501745  18.39999082   1.92665915][ 20.39889588   0.95806204  -8.42249443  30.72499748  -4.80153356
 -45.81090078 -13.62464351 -10.17125982  -2.77131104   0.7942141
 -15.3494217   24.6810293    1.71534884][ 20.6529557   -3.78069538 -10.06682101  30.43936879 -11.02098668
 -58.16649377 -23.46105371 -16.34577634  -9.80937814  -9.70463116
 -24.35378535  20.07083506  -0.91741677][ 20.37928454  -1.68436755 -11.65720302  27.96991043  -8.47561013
 -50.92075931 -19.51998196 -17.52071435  -7.56419338  -4.77398412
 -19.37441867  19.86206471  -3.527423  ][ 20.35550864  -4.51143663  -7.95948438  28.36020337  -7.97445251
 -61.00527685 -21.8742775  -17.13816397  -9.96096085  -8.68919957
 -28.04769975  17.928683    -5.30771195][ 19.9536034   -3.77692989  -3.37266158  27.38225866  -3.70365187
 -56.5888592  -23.29309428 -12.24301752 -11.27151629  -7.57814257
 -24.67453818  23.87737201  -3.63649347][ 19.90083872  -3.69770703  -0.66386358  25.8449732    0.98737986
 -51.05646622 -17.84567988  -7.02066794 -15.23266983   0.27398764
 -17.04532871  21.63059279  -1.23384081][ 19.82161299  -5.24105987  -3.26145197  24.14257396  -5.46819368
 -48.89591583 -20.11528839 -11.23421829 -21.95369291  -3.9766477
 -20.50827313  14.9065265   -0.41459271][ 19.72451334  -5.8375465    0.42373123  30.68404917  -3.05283426
 -47.76724603 -16.32763674  -5.9332042  -18.59582853   0.983836
 -19.3068915   16.93867051  -0.20087339][ 19.48427964  -6.98588828   2.82912725  34.38003992   1.60775562
 -44.68057404 -17.65202895  -8.36128752 -18.97402234   2.61369825
 -21.05165173  19.0867518   -0.96372071][ 18.88364907  -5.01812747   2.6653229   26.82009188  -3.08863704
 -42.80703415 -20.95891384  -2.68362605 -19.46283999   2.11756637
 -27.45471475   8.86372917  -5.69233023][ 1.87857824e+01 -3.53436752e+00  9.26051612e-01  2.71051514e+01
 -3.30556258e-02 -4.46560447e+01 -2.07422667e+01 -5.52790695e+00
 -2.30492720e+01 -1.29963679e+00 -2.03999169e+01  1.79944523e+01
 -2.79399649e+00][ 18.25060325   0.95724665   1.74121208  32.29922317   4.06840132
 -48.70923856 -18.88058873  -2.63040368 -20.63133964  -5.0978781
 -17.90202171  19.03269553  -0.68921804][ 17.72353708   3.01734184  -0.07687546  33.76044459   1.04993981
 -55.94891508 -26.26946428  -6.59375675 -22.46250727 -11.06655553
 -19.85100626  14.26212945  -3.20081536][ 16.32717372   9.30707268   3.89372417  16.90297259  -1.88899623
 -34.47332722 -23.40515236  -7.91009703 -22.38998589  -9.73406536
 -11.81865765  12.30739587 -10.03367567][ 15.27049317   3.15616556  11.50633176  29.9992721   -2.18312177
 -29.67571146 -29.12216251   3.03876326  -4.90363377 -19.60095865
   0.97768619  18.7185086   -9.01624442][ 14.35879921   0.84941685  16.07895441  31.72713999 -10.37214941
 -10.97601887 -12.23780393  -1.13702438   6.11695268 -21.79721441
   8.50349091  11.97792864  -5.29003579]