[ 10.3817687  -13.95710929   8.74530568  -3.66077643  -5.66920747
 -12.03676305  -5.82494143 -10.7010971    0.82928621 -15.37639346
  11.23178646  -1.04574645  -7.9979455 ][ 10.76971602 -17.26747405   8.36031328   0.25844538  -7.84575252
 -11.27576642  -3.68242184 -11.73608073   4.66127508 -13.41477638
  13.980792     0.09383186 -12.1482589 ][ 10.80894324 -17.70303792   8.3702039    0.71457991  -7.32941489
 -12.39520105  -4.73195399  -8.05285166  11.80147415 -16.54022875
   9.52524383  -0.05025647  -8.62737276][ 10.4062542  -14.64677479   5.45039735  -5.88568601   4.70306187
 -10.83343064  -3.13999827  -0.53409559   9.01889325  -3.07028388
  10.12384594  -0.72625177   0.39927396][ 10.39774073 -15.26674041   3.18210953   1.67103954   8.8282129
 -16.56134338  -7.58731021   0.99836012   0.31212204  -9.02881934
  14.49796634   3.99498692  -6.73404486][ 16.42101801 -22.88179322 -36.21128198  12.56148106   6.64454479
  -3.42340539  -5.35008962  29.04477328 -15.78915636  -1.63270144
   0.80858304   2.01089761  -0.07144498][ 18.45110802 -30.94628466 -18.11433345  15.92116945 -19.0839262
  -3.74383349 -27.80378961  26.83673935 -14.25389759   0.78918073
 -12.44593641   9.40946407  -4.93122568][ 19.58472484 -38.32795677 -12.13015977  12.95117779 -15.98470128
  -4.20966815 -24.00797554  21.6071708   -1.34200716   7.81802444
 -12.51049457  11.61304671  -3.07024007][ 20.03860138 -38.28985234  -4.21308201  20.66231161 -11.60143779
  -2.18110926 -22.48556967  21.84151788   7.34160316  13.93286014
 -16.26995153   8.20855064  -4.01350205][ 20.30486107 -41.28417553   0.33813287  25.283862    -2.09457263
   7.33404562 -12.53934558  20.2777554   -2.62564411  13.53767524
 -13.76576602  11.15797966   1.47500955][ 20.76142091 -43.77168137   5.48878292  31.76722954  -5.68425071
   1.01717549 -14.89825726  19.5975222   -4.17166492  15.29612697
  -7.6688483   13.0823215   -4.34640413][ 21.52321446 -42.30596679   2.71302945  24.68245915 -14.07055496
   0.33629893 -15.53411367  18.25310383 -17.88320089  18.46411593
  -8.82874275   6.94813803 -10.52758303][ 21.67005625 -40.26741159  -0.63649561  18.97931451 -12.92061099
   0.23337598 -16.80484168  18.18641484 -19.79560121  15.15205854
 -17.16334035   1.99150863  -5.68786974][ 21.67775668 -42.69162852   3.80242032  22.04484457  -8.99242814
  -3.00389258 -13.65949404  22.91743763 -14.17095021  12.20507936
 -19.67542714   2.02431362   4.22962216][ 21.22513306 -39.16325515   4.62348159  15.66276786  -5.41986413
   8.66634881  -7.04113911  14.7793365   -8.58795269  19.30592485
 -16.44789012   6.35559549  -3.40404746][ 20.69088792 -34.46375063   8.55217257  10.35999935 -15.32754116
   3.16243298  -5.86596414  12.25827997 -13.75992058  16.07677486
 -20.07812896   9.31082226  -6.16524275][ 18.83170677 -44.88758389   8.17558956  29.04821584  -2.44945
   4.58631178   0.57344069  14.37492858  -4.20568037  24.8587638
  -9.91332612   9.97424246  -1.29383179][ 15.26584346 -25.18236046   3.30737323  18.0165156   -7.32999545
   8.80347922   1.3335932   19.22151775 -13.00568759  25.62429498
 -13.0434578   12.38662789   4.74326228][ 13.71311056 -29.78246258   5.44904733  18.11213008  -6.29185728
   3.27934929  -4.45681195  13.89944085   1.86219574  27.61481121
 -10.61622774   3.40837774  10.03968499][ 13.34108106 -29.98155266   8.83077398  19.62188484  -6.98338513
   0.29982705  -6.06196703  13.45926483  -1.37577845  20.67779976
 -15.3489518    3.17663929   6.18169871][ 12.66506544 -27.03559587   8.62085966  18.7184186   -4.41320826
  -2.43481017 -10.22612886   9.7119668    0.34231469  15.44209338
 -11.41246482   1.86167949   7.29456252][ 12.13741789 -23.62799869   8.00559126  14.39758907  -3.35013548
  -4.80220039  -3.88434407   7.13478157  -2.75327796  10.93674201
  -8.15193057  -3.29782681   1.53490551][ 11.58005615 -21.23655467   9.3022509   12.03867381  -7.06681927
  -9.59098043  -4.23051713  10.41058852   3.2667933   12.13877375
   1.86980723  -1.05301435  -1.64730685][ 11.16203032 -19.40153701   7.70860002   8.52173004  -9.59752772
 -12.89431995  -0.49988052   8.27412653   7.51252285  17.15848907
   5.86207202  -3.36176918   7.4159432 ][ 15.71629678 -21.24249932  -6.59775496  24.19337371  -9.46159794
   7.29474591  -3.94045744   4.5442761    9.95972034  12.52416677
  -3.00843379   8.32727145  -9.99868362][ 16.61904339 -13.06310575   9.45904199  21.57865942  -9.39091114
  -0.13008306  -8.22483075  -7.69912369  -1.77672362  -5.22426253
  -8.73309723   3.00616242  -3.29119359][ 18.8874504    0.75299992  -3.6899364   18.51066673 -10.88042306
 -22.9393346  -31.19383226  -9.81492175   2.36418621  15.63812617
  -9.99513146   1.77627519  -1.7097807 ][ 20.45043057   0.62086207 -10.6881152   18.94178668  -6.29703537
 -26.67216088 -34.78964682  -9.41250823   0.07556897  24.811771
 -23.28056048  12.12069676 -11.61703128][ 21.4141129   -3.53231875 -13.96757357  12.04751778 -15.9108847
 -34.70570237 -35.9769629  -21.44030662  10.11616071  12.00944544
 -27.53781723   4.07532497 -16.54109825][ 21.79178832  -1.07359373 -15.57426946   9.33087893 -16.8405304
 -28.9234929  -24.49997515 -16.97745449  18.05476316  13.32052112
 -26.24541646   8.35832701 -18.25558229][ 21.82817051   0.13119108 -17.93338787   5.20836321 -21.13300808
 -27.25247585 -20.20743053 -17.24622987  16.12326684  10.27557336
 -22.25782066  11.55831806 -22.25963776][ 21.7530161    0.75777518 -19.37147961   6.47143216 -25.66845516
 -31.15292335 -23.47518277 -14.72309195  23.22744414   9.44385383
 -27.94200847   6.31737605 -29.29772536][ 21.78256274   3.01497352 -19.02588496  14.15588047 -24.76223615
 -26.30754208 -22.80508667  -6.71011483  26.46873212  14.26275099
 -26.49780667  12.28592855 -24.91727368][ 21.98220769   0.85817426 -18.88707013  15.88221793 -19.53577641
 -28.64245625 -17.06170326  -3.98706699  27.39632782  17.01166451
 -24.33786052  17.26510014 -22.61991763][ 22.09874838  -2.08008398 -20.99486153  14.29101706 -20.94970055
 -34.3394102  -18.8893429   -4.78636362  22.45339724  14.70756225
 -34.03431732  16.02227534 -34.76685538][ 22.16714942  -5.07702611 -20.05382925  14.14045275 -19.71176094
 -33.73429902 -18.66805235  -1.23756102  28.5776031   16.85552208
 -22.69688581  18.32363306 -26.21235857][ 22.13990732  -5.26205327 -16.7788619   16.30713037 -19.72610138
 -32.97556958 -26.28280947  -5.75710732  25.34924855  12.74861862
 -24.90654723   7.27817815 -22.25169452][ 22.00717512  -3.8441315  -18.04525066  14.47880094 -16.89663403
 -38.23142121 -19.20835693  -8.08419005  28.6810084   14.18835045
 -28.83898874  16.29460405 -27.24974397][ 21.83404224  -4.74621586 -16.95157552  12.70830094 -21.61376043
 -36.97240834 -26.69878978  -6.72555687  25.84402186  14.92505589
 -21.35150535  16.9678738  -19.38133318][ 21.63525924  -2.48630321 -17.34095537  14.40433991 -18.68127467
 -39.95146947 -26.96492453 -13.14982392  18.5437964   11.5287723
 -27.19488756  12.73135482 -24.08884875][ 21.19142309   0.52777093 -18.24285023  15.13079227 -12.37721197
 -47.52443443 -27.53258147 -14.65437022  12.39322138  13.20466406
 -18.31906018  10.57229998 -20.55213685][ 20.36290432   4.08710596 -21.53955439  14.22496123  -5.34838545
 -44.87373896 -22.03137564 -16.32062284   3.49034694  16.010173
 -11.60260253   8.04348497  -8.14562758][ 19.74237361   3.95136932 -14.92513881  29.57042021  -2.4869192
 -37.81664812 -23.13455767 -16.57914599  11.55211426   7.11819591
 -10.48951368   2.62921472  -2.80989859][ 20.27383324   0.56453742 -12.06307374  28.88203033  -7.87129605
 -47.5641204  -30.06517332 -15.69256213  11.14960957  11.49294123
 -27.83506717  22.85800854 -13.00456048][ 20.85336484  -2.18836546 -14.78401958  24.25658502 -15.23275318
 -49.4177927  -32.73145794 -17.80235015   6.97421032   1.63955685
 -32.07625165  25.42125722 -21.5030685 ][ 20.98146585  -2.78182153 -11.18469947  24.25723443 -13.34578223
 -36.70031117 -27.5995991  -13.01722783  10.27643378   0.47028439
 -19.44709159  28.08925752 -15.893083  ][ 20.89776181  -3.40642104  -9.55094313  29.89883258 -13.91861828
 -44.75041342 -27.28616382 -14.73053981   7.74104659  -2.86802243
 -27.18050589  30.43140131 -23.18492225][ 20.80227434  -3.06381124  -9.10539313  28.4080383  -12.97216197
 -46.21166232 -21.28619061 -14.98767429   6.79526468  -9.94393937
 -29.59489918  35.55163006 -28.00891377][ 20.91035836  -5.25630718  -7.12385169  29.95234696 -14.94757689
 -44.81780187 -24.00926176 -10.92267149   6.44402615 -15.94757615
 -23.67901245  37.61082048 -27.82524577][ 20.92600874  -7.26080847  -9.10642297  25.36713549 -16.7239503
 -39.16845579 -27.11388963 -15.56532124   1.37018066 -21.73896496
 -18.70085446  31.36137178 -24.90760036][ 20.67204289  -6.25842413  -2.95531793  32.61259238 -14.18239786
 -41.85015633 -20.3677228  -15.29825192   1.84074681 -22.99942024
 -19.16397008  43.26286337 -23.7702296 ][ 20.47150291  -7.20990566   1.08816874  34.92183206 -16.68284651
 -44.38978061 -24.72223214 -15.99141507   4.02988091 -19.85319936
 -21.56391927  32.56692963 -27.85408334][ 20.16478647  -7.40420162  -1.78279956  28.38318783 -19.82248555
 -40.97718639 -23.02407789 -22.35955893  -6.65813885 -23.53563199
 -21.17776197  31.25841463 -26.89307728][ 19.63401959  -5.30809052   3.14881707  34.75461449  -9.75470525
 -45.35611447 -20.09287864 -19.00850259  -4.14195609 -15.35031543
 -18.09768403  35.5465562  -24.42690089][ 19.05201732  -1.90611015   1.74686436  30.05838167 -10.23276193
 -47.30904035 -18.9498413  -16.41977001 -12.930794   -22.1039605
 -20.37604775  26.47508473 -30.18849334][ 18.38740588   1.33739385   1.6132832   28.9379867   -9.60192068
 -36.30308012 -24.79549864  -7.78809557 -14.04786972 -19.86999224
 -11.51356897  24.64617673 -25.70449388][ 17.69635719   5.18308413   3.3925107   30.96282133 -11.58528014
 -40.17040851 -15.80708834  -5.76274394 -11.22955463 -22.25941351
  -6.9329677   24.85066773 -26.1591717 ][ 16.86596325   6.0057863    2.11748557  24.8103391   -4.70686163
 -48.71506092 -26.51914111  -2.04551041 -25.32247149 -23.650058
 -21.3121481    7.26901379 -32.42106174][ 16.0282035    4.41950444   6.10031872  31.51586082  -1.58379755
 -51.08136727 -22.29130304   0.32105316 -14.66602834 -11.54174102
 -15.18587818   8.94006099 -21.93193794][ 14.95018412   7.44955193   4.39548994  23.30094833  -4.89559662
 -33.60003812 -21.7675556   -6.26242706 -10.84859212 -17.02358001
  -7.01102735   9.74037816 -16.77383697][ 13.63883878   2.90449934   9.20679607  20.14466887 -20.69760531
 -30.42311841 -19.05838777 -23.78054034   8.67205625 -20.90627564
  -6.96520087  16.17715024  -5.69746926]