[ 10.99038847 -16.35332604  12.08012664  -1.3792982   -3.08678928
  -7.38966342  -5.33240282   2.54153542  15.34162956   8.20593472
   5.69574197  -0.39207886   6.70720381][ 10.81190161 -14.85622884  10.07622445  -4.06979463  -3.23179228
  -6.65579198  -1.23035971  -4.91367646   9.00127388   6.17716333
   4.07509348  -5.02538295   4.34357054][ 10.97400695 -13.09447107  13.34350941  -0.89375248  -0.15072958
  -2.81782925  -4.70234933  -7.61092737   6.50720729   3.14763047
  11.55013364   0.32214243   3.68592574][ 11.1983017  -15.00897575  11.06216349  -1.47491198   1.93633563
  -2.44056096  -4.69799852  -9.50591834   6.82760041   0.41266354
  14.74025422   4.54106159   2.91459615][ 13.28374618 -24.29681785   3.65751915  21.86982634 -22.04799209
   3.20463695   0.92924219  -7.68400593  10.98382326  -3.45782953
   2.4787223   -2.50430696   5.73613575][ 18.37408946 -34.97637872 -12.54477877  25.83502642 -38.13043861
  18.10331571 -13.26651124  13.16753245   2.58277611   2.51196052
   7.670139    -1.49040573  -8.41337584][ 18.66767551 -29.32564349 -13.92630924  14.06365065 -29.29397176
  12.70560958 -18.92146791   6.31920419   8.35226498   4.71335167
   3.91687876   9.17213915   7.81137108][ 18.87390447 -27.29538502  -5.29475045  16.83209593 -20.32532816
  17.95197818 -14.3347107    7.01025368   4.98670886   1.44305787
   0.68088293   8.08352449   6.06889129][ 18.38092436 -27.81306329  -1.95597884  10.1802892  -10.30869999
  14.77165059 -13.63459744   7.34151916   4.36974097   1.16586666
   3.61938306   6.89513413  -1.13818535][ 19.05949295 -31.7509891   -4.6828342    8.49928399 -18.22212004
  17.51209284 -17.56782546  -4.23300687  -9.9584279   -5.66900594
 -10.02307303  -1.23472134  -4.6779997 ][ 19.91655752 -33.48234752  -2.69734241  12.65691735 -21.98727636
  14.69312398 -14.64409786  -0.93425119  -7.91316873  -0.73767914
 -14.46701477  -4.38511155  -2.34978569][ 20.22355735 -30.25767423   4.31970133  24.06847754 -17.47885119
  16.92463985 -13.6222384    5.50567183  -6.09582187  -3.29253895
 -18.69928457  -9.19063487  -2.47629176][ 20.26376143 -30.91137746   2.77003468  23.97583295 -10.545288
   9.96669367 -12.4289067    6.03422643  -3.29536988  -2.71660316
 -13.81133864  -3.52784879  -3.20533579][ 20.41193742 -31.463672    -0.90809427  16.58475611  -6.24382447
   5.41207324 -17.47896081   2.33057844   4.87942647   3.45976878
  -9.16019174  -4.36212266  -3.65544573][ 20.67034458 -35.36921736  -1.38500643  14.1369292   -6.13904432
   2.57827075 -17.37080118   7.79879824  -1.32291037   4.1570731
 -13.91425202   1.78204206   1.74029596][ 21.4176533  -38.47695355   3.26255975  11.69078116  -3.87569453
   8.79254045 -17.72648386  14.84249339  -7.09839805  10.13103299
 -19.09380152   2.74133255   0.27957339][ 21.47736359 -44.48903119   9.15171392  10.17674037 -10.76549657
  15.00087731  -7.20282187  25.72395713   1.61683989   8.30871642
 -21.6713056    9.77560404  -1.49452443][ 21.42049227 -41.5842776   10.83448999   9.79357387 -13.53778137
  11.02215996 -14.45371738   7.6382704   -4.78337124  12.63432677
 -15.48551897  12.07750171  -4.77249852][ 21.54674763 -42.15039208   8.71895579  11.23853972 -18.28817741
   9.49539712 -20.08822624   7.2782423   -7.99257267   7.70779667
 -24.9621073    8.67120951 -10.03321784][ 21.8020905  -42.69002453   9.61315058  13.49753191 -18.90080675
  13.44365334 -15.30157314  17.92620418  -5.55332613  10.98936452
 -17.27572111  12.13786007  -5.88395495][ 21.58230436 -44.13118844   5.77366106  17.5989849  -18.60014005
  12.67289659 -19.14267182  15.56842657 -10.17189876  13.50718626
 -14.7976764    9.20375292  -5.95866888][ 21.04323702 -42.14739745   1.87995945  18.18386685 -19.80226129
  14.17595561 -15.18799269  11.00346559  -3.92956882  13.18022519
 -13.76185159   6.12305935   0.66272556][ 20.91518496 -35.49893389   3.23136202  18.75523116 -20.65783718
  14.85220875 -16.47635961   7.95974172  -5.43206875   9.1676257
 -14.49590876   2.67557192  -3.81655902][ 20.92155068 -45.43332267  -0.2674439   23.68332406 -19.07915495
   8.12092148 -21.43272325   7.40685176   0.5676408   10.78734762
 -16.46456139   2.14582547   3.95746127][ 20.78133396 -35.76119899  -0.3471363   20.84404276 -18.41751008
  13.96721987 -13.06820609   9.72269427  -8.14944024   8.91695622
 -14.22436286   3.38539055  -5.82623532][ 20.38248615 -36.39982868  -6.5624192   20.31744935 -18.09822546
   8.0281328  -12.68860171  12.59633849  -3.98566391  14.78471699
 -15.40014818   5.51507457   6.86438373][ 19.91966109 -25.26691705   3.76576099  30.48549896 -14.84241208
  -2.07035336 -17.88089956   1.41066558  -9.41715398   7.53642556
 -31.02314515  -6.65723622  -4.61991422][ 19.53222468 -12.18448297   0.58981413  22.7592508  -13.87987879
  -5.08958072 -31.04227359  -8.62002841 -12.86711028   7.72346746
 -25.61044146  -8.70201505 -13.63518008][ 19.69061804  -3.31515623  -2.78248836  26.5497087    6.53723901
  -6.89024586 -32.11436859  -6.27261006 -12.23906599  -7.8890314
 -18.58852273   3.32367431   5.3842518 ][ 20.40460429   1.62954232  -8.586225    19.38620441   6.76279849
 -14.12045829 -36.02700767   0.83854782 -19.10290094  -7.21759026
 -16.7432976    1.94143748   7.51181161][ 20.96055079   1.93357925 -10.18725123  25.16418355   9.37952827
 -16.19614103 -42.94044697   1.04910134 -20.22322485  -0.50746368
 -20.57505966   6.31621345  11.49138135][ 21.30262898   0.19778037 -10.19642247  27.7728956    8.50822271
 -19.91981994 -46.86424138  -5.18217651 -15.43152432  -1.38287392
 -22.73396478  10.2537834    8.0242685 ][ 21.3330812    0.15665696  -9.23595201  31.56864999   6.34045396
 -20.36237965 -48.5188862   -4.61904343 -17.48364869  -3.72838065
 -24.73943939  14.54275419   9.32605059][ 21.22575597  -1.23205072  -7.11836123  30.2467901   -0.14533559
 -28.17811437 -48.07895077  -4.7533999  -16.81710102 -12.53060818
 -27.48071927  15.38460197   3.66976559][ 21.01786984  -0.65011568  -6.21265541  30.06444707  -0.25029409
 -25.24574431 -45.62845298  -3.84103327 -17.65931579 -13.52354088
 -26.05503888  17.1160963   -0.52445966][ 20.72820606  -1.31225262  -4.81880216  32.83433357   1.39471076
 -24.94333478 -44.73748592  -4.30638236 -16.24626755 -15.42484033
 -22.95106428  15.69530076  -3.69369834][ 20.5351399   -2.87844141  -2.39301084  34.11780769   6.22062127
 -25.57114908 -45.48502843  -3.33031539 -13.23449817 -17.35533666
 -22.19946945  16.89198966  -6.27231899][ 20.49177381  -3.49305048  -3.64567252  32.44161666   8.35936949
 -27.13868666 -44.07116827  -2.62246471 -12.55709126 -21.90684387
 -21.06694674  16.33587677  -9.54305293][ 20.51001491  -4.61815965  -4.43527489  34.26857016   9.18941576
 -23.3049043  -46.34165021  -1.5558205  -12.88357172 -22.7864288
 -20.61175225  20.71453867 -11.88683733][ 20.21188345  -2.71284128  -5.72595572  36.22395698   6.28767844
 -21.11999295 -46.33941075  -0.35854978 -13.53705135 -21.16592997
 -21.55058643  22.24825887 -12.49240578][ 19.58578201  -0.7996609   -4.11796509  33.39267831   6.88174474
 -23.28764687 -47.11683592  -4.08925249 -14.85358858 -17.12485559
 -21.11390104  17.87314385 -15.32669509][ 18.82478706   4.00988679  -2.67443615  31.80816194   5.81423203
 -26.73511053 -40.51545362  -4.42608353  -9.4502354  -20.04966453
 -23.57540927  14.44471006 -13.56047307][ 18.11157809   5.58454413   4.7848069   30.82362922   8.37450506
 -27.34726105 -40.88802767   8.90544103 -12.88251997 -22.80345822
 -25.90148899  11.52693241  -8.10011886][ 17.51069189   2.53280003  10.08675186  36.27558288  11.09711575
 -27.037763   -40.41648722   6.45817561 -14.07410367 -18.80310315
 -24.2662542    3.94383404 -10.52693638][ 16.95769662   5.280497     9.90087305  33.66660633  17.76390642
 -16.52285511 -43.23766855   4.13341789 -17.44647475 -28.2971379
  -7.10659175   3.60663003  -7.43664937][ 16.21616182  10.1857063   18.65046154  24.43541718   8.09924616
 -16.70473549 -27.54445405  -4.25264771 -14.08883543 -30.33834312
  -4.42188393  -6.23669783  -9.43200073][ 15.52311738  10.25426317  21.80175117  26.76313278  16.42651115
 -15.51127756 -29.77613603  -7.9441148  -13.06018017 -30.73119585
  -4.8412366   -1.50290573  -0.41107597][ 14.5469544   11.18805124  15.8832929   13.38191718   1.78195611
 -16.63243012 -15.59051399  -1.60712805  -1.36148488 -25.19939844
   3.43893119   1.72712108  -6.10700644][ 13.83777654   7.64620689  14.96112429   8.9809101    1.8120642
 -11.13264863 -12.74287685 -13.23401221   5.7720388  -21.23226684
  -9.5322509   -2.45057402 -12.00407313][ 13.49251729   5.27669268  19.39561137  14.88804397   6.62645963
  -9.08693602 -15.79970001 -16.56860142   9.02213953 -24.07395562
 -11.35203685  -4.18282727  -9.91511262][ 13.14840971   5.78359328  16.7400552   10.6524044   11.45139513
 -16.33244163 -12.46565653   0.31941727   3.23956953 -21.76743543
  -1.60122734  -4.39207227 -12.03164445]