[ 10.85214894 -13.4374602   10.72207839  -2.0739133    5.40654137
  -7.94566025 -10.21801388   3.09983667   8.76596924   5.73029957
   3.17082615  -6.19794367   1.41830939][ 11.05614989 -14.70851808  10.7833595   -0.93421978   8.83114697
  -2.14350617 -20.28639498   2.3641503   13.57648587   7.48692109
   0.98357385 -10.09129332   0.83152307][ 12.20900075  -8.14519981  25.6047819   17.84357974  22.39783659
  10.7388888  -23.71477199   5.64201557  -5.84515918   6.68580562
  -6.18508738 -13.90634612   3.6743426 ][ 13.85580883  -3.24281696  23.92221483  16.13375622  13.25487244
   4.13649579 -32.08921536 -13.18986079  -8.99518794   8.96643391
   2.97132349  -8.37616538   6.4252884 ][ 15.30948681  -3.84450556  25.36616769  12.28652593   7.25264774
   0.23343024 -41.07244829  -6.5509099   -4.74067426   4.62355234
  -3.18041664  -8.64093512  -0.2105603 ][ 15.94742768  -2.17448727  27.41298127  11.13661213   6.26604263
  -0.1255812  -38.47747123  -0.71599957  -1.83007182   7.53235957
  -2.15284777  -6.09864438  -1.10123954][ 1.64531569e+01 -3.27236261e+00  2.69055748e+01  7.56431905e+00
  2.44479173e+00 -4.35206401e+00 -3.78020796e+01 -8.01840373e-03
 -1.13286474e+01  6.61824409e+00 -8.00157210e+00 -1.03275106e+01
 -7.53833706e+00][ 16.88819749  -6.71045103  29.93662064   8.55542946   3.84566372
  -3.81738952 -32.92053216   4.25625305 -11.79858244   8.58197055
  -2.27394836  -1.98514454  -2.27283748][ 1.75794946e+01 -1.15235859e+01  3.50322508e+01  5.29512546e+00
  6.29491830e+00 -2.42357970e+00 -3.52120632e+01  6.35944441e+00
 -8.20797746e+00  4.42220115e+00 -6.50376536e+00 -6.23316843e-03
 -1.99029787e+00][ 18.03408357 -15.36158164  41.97680353   4.44179065   9.9977791
  -1.02501586 -38.61112559   4.60180506  -5.27515185  -0.35286411
  -6.50854498  -2.01817533  -1.25642152][ 18.6288594  -18.95354232  37.09910121   4.9856773   15.02225141
   7.37229051 -30.49868912  12.61849783  -6.02350465  11.07637975
  -2.26206895  -4.6904709    7.38761818][ 19.35081684 -23.45504787  35.89148424   4.51297276  20.22248474
  10.20685267 -30.2536319   11.38833189 -14.27186524   8.35166638
 -14.11082785  -0.46347909   4.79109369][ 19.54675908 -25.16210107  31.5234214    5.81783192  20.16680567
  14.628751   -27.63080831  12.80696337 -14.01963251   4.74132854
 -11.26439058   3.55610933  -0.36767861][ 19.60442538 -24.03799815  26.92508569  -0.16014638   9.78793686
  15.71345331 -15.8160242   16.33799804 -15.1447723    2.55686537
  -5.6462294   -0.56462167   0.5559529 ][ 19.78497055 -29.2427944   33.02574285   7.6647739   19.25811457
  17.62166474 -29.40954994   5.49990235 -15.38653887   4.23195561
 -10.33627734  -8.41924286  -1.70198437][ 19.88975527 -27.62321547  29.41075899   5.16150439  17.55737906
  15.8125069  -28.79025733  13.21378155 -15.97454807   6.68806668
  -6.32059045  -4.79384602   3.56266191][ 19.68754207 -27.89658654  27.10067907   5.62020723  18.74391335
   7.84933639 -27.59076723   8.9079561  -17.46879878   7.94469552
  -9.84759388  -5.77956242   0.72478838][ 19.62539051 -29.82793863  23.90357789  11.23868185  25.55231145
   5.13556693 -31.44692512   6.25783513 -22.77791993   4.92571573
 -14.45180503  -5.05273675  -1.59836034][ 19.35306317 -28.55868552  22.71957679   6.97958585  15.98046678
   0.93258178 -27.52674114   2.2583866  -20.55119046   2.70984167
 -21.41699643  -7.54233709  -8.76520517][ 18.91945594 -24.80104662  25.542938    10.68519231  14.18070206
   3.8527114  -24.62658676  -2.91374359 -21.86615603   0.35867289
 -20.91552588  -1.5418293   -7.33313115][ 18.38211792 -13.34201134  17.38590949   1.68002014   1.66117475
  -8.50231232 -35.35540157  -7.29553077 -14.85731557   5.36057281
 -11.41270217  -6.66336166 -16.82363996][ 18.58302097  -1.58799721   7.49567935  -0.18372856  -2.41282336
  -8.5537922  -29.83765465  -3.53691912 -15.72059243   1.31700489
 -11.99601319  -1.67595919   2.15733048][ 19.75778543   0.53071575  -5.20652535  -1.56984085 -10.11701364
 -14.9770079  -37.81452871  -4.75751449 -22.80975594   3.5797236
  -9.95080701  -5.87979095   3.37062832][ 20.67591033  -1.93041854 -10.58754162   0.1294144   -8.83691242
 -19.9929076  -31.11475685  -2.18350904 -13.42299541  12.42943767
 -16.02849024  -5.29818105   2.04015868][ 21.35296791  -3.62629758 -15.11393063  -0.83772542  -9.00862336
 -24.77740413 -28.46887371  -6.26732819  -4.06747005  16.54443291
 -21.72741258  -1.61737187  -1.5072461 ][ 21.75326644  -2.29881508 -11.90486953   6.76773607  -0.71646587
 -30.7079776  -25.07314761  -7.16301459  14.1784112   30.09882457
 -23.49350951   4.02270346  -5.4374551 ][ 22.00165852  -1.82193376 -15.01689967   4.00498574  -3.2885462
 -29.9537387  -22.91229565  -8.97924132  20.46623915  29.4701068
 -22.03389615   3.95047664 -12.39640559][ 21.98309459  -1.20209329 -14.71657771   2.15109065  -4.41823078
 -30.84801463 -19.82530214 -10.74684316  28.82963076  25.32064301
 -16.84836052   1.95745994 -15.32360573][ 21.84004176   3.0901985  -15.69557875   4.37245078  -3.38520689
 -32.50347994 -14.53475322  -7.79502219  28.99463294  28.81883158
 -18.12098206   9.07276967 -21.77394635][ 21.67211628   3.27794681 -17.72558217   1.84228213  -9.43983745
 -33.49346265  -9.39943369  -7.16480663  28.18501535  24.94475982
 -20.63583156  11.13989143 -26.84065077][ 21.57928899   2.41122847 -19.25242042   0.46781463 -13.17658009
 -33.60979126  -7.41779392  -7.06036471  29.05591851  20.73840347
 -26.89483802  12.73247165 -28.60439195][ 21.50754293   1.08824964 -19.70844859  -1.70432926 -14.13109805
 -33.06841811  -9.63234663  -7.12545596  25.6616257   21.59540971
 -34.47721481  12.67925512 -31.83663376][ 21.37919976  -0.29658096 -21.44346143  -5.69872168 -15.66976803
 -39.90639646 -16.38912537 -12.51028794  18.60318139  16.46893835
 -36.97040964   7.82628246 -36.81446365][ 21.15373468   2.89627569 -17.93876277  -0.99542923  -5.30421782
 -42.96781671 -11.56735023 -11.38451148  15.98848043  24.94122138
 -26.63489048   9.82998796 -30.03739652][ 20.6871675    5.10909644 -17.44736297  -1.77468583   7.15983359
 -51.86948801 -14.77311473 -11.51998318  -3.25032512  30.23233055
 -19.48742321  -1.00934341 -23.04075736][ 19.81713891   6.84908464 -17.98559984   3.08569461  12.81478495
 -49.70242101 -14.57402192 -20.09798551  -7.8742195   29.1317575
  -8.90357005  -1.96867049 -23.59607716][ 18.99207589  14.42647556 -16.15673571   4.49708417  15.98895534
 -36.36248236 -13.3668067  -12.63046734  -8.26945921  25.93264335
   5.48667276 -17.96321468 -16.70586076][ 19.92804496  10.31304518 -19.37679028 -10.61804868  12.48269986
 -46.77289784 -16.20625208 -15.18865686 -11.93636968  33.69773769
  -4.95248909  -8.2728401  -20.6832904 ][ 20.39143685   9.0570487  -22.04662237 -19.20832511   4.61053561
 -46.67015486 -13.68420744 -18.03068725 -11.64888878  27.24791309
  -9.5159354   -2.33323219 -24.6054045 ][ 20.54040328  11.28792808 -20.0417099  -19.07849367   4.53470479
 -37.93973244  -6.0080711  -11.20533781  -3.8188498   25.66748253
  -6.0898723    6.12421548 -26.66034089][ 20.4896677   12.17559145 -23.29627354 -23.8555144   -5.66070376
 -38.92931827  -3.61813129 -15.96732012  -7.28669914  13.32226776
 -11.16244031   3.12831901 -33.8003975 ][ 20.43165165  14.85273117 -21.19475981 -18.22168581 -11.23981038
 -31.78846278   8.39597189 -16.01117045   2.34007623   7.62900703
  -3.45273351   8.99783194 -34.10748727][ 20.43148023  14.90529511 -18.69014116 -15.41050823 -20.63654695
 -26.51177338  13.66994474 -15.22311386   5.1821749    1.45358013
  -0.23424811  11.26920542 -30.79493466][ 20.49708136  16.03927484 -21.0265195  -15.07640383 -27.93132276
 -29.43325874  22.91834014 -23.60219798   4.86845478  -7.28409134
  -4.33790827  17.00750749 -30.50083135][ 20.58449744  16.80249216 -22.25300443 -14.29766939 -31.87022465
 -22.88550515  26.2748721  -22.08139746   4.28024453  -9.40057953
  -3.08537765  19.30780043 -26.59147507][ 20.57039781  15.38681685 -16.89231632 -13.51137697 -34.48154212
 -14.60568444  22.32381571 -17.49398709  -5.60547354  -8.39769092
  -0.39745142   9.20995328 -22.33143071][ 20.44088515  14.18558929 -18.55905881 -16.43321181 -38.35439971
 -16.45171413  16.20231407 -17.67681188  -7.66721151 -12.95690882
  -3.39129713   6.27038282 -22.98575889][ 20.28165702  12.42516772 -17.47532644 -14.39425573 -38.21147487
 -16.00721242  12.7466135  -14.90814275  -6.55761984  -7.09880412
  -3.93107234   9.18442292 -21.28032379][ 20.15417976  13.36300841 -15.25637733 -10.00193598 -32.94650337
 -16.67734389  19.5847805  -16.54762188  -4.74981676  -0.63621083
  -2.59869473  16.40264894 -20.55899604][ 20.01744058   9.50504834 -16.11362679 -12.83013232 -37.21831271
 -15.60313841  14.46427319 -14.09326872 -10.45610786  -3.43268008
  -7.31814665  11.38674282 -21.399388  ][ 19.74667767  14.41521365 -17.4253609  -11.14518904 -34.33325099
 -17.1485053   26.39348126 -16.02032499  -5.93370665  -2.10328163
 -11.96745865  19.61260969 -24.92233324][ 19.30081881  12.03601562 -15.47226272 -18.48155504 -37.71513051
 -13.92981981  13.94331869 -14.30501966 -12.61227943  -9.83494882
 -16.24326348   7.86125236 -13.92345841][ 18.68692295  21.35021084  -5.00136942 -16.44801452 -32.96727355
 -10.62270609  34.66049316 -15.79787759  -4.21523021  -5.56417801
 -15.85767681  14.82481787  -8.80609361][ 17.90312438  17.50671655  -3.07424085 -17.14472319 -40.37309979
  -6.31617458  27.58814215 -19.32116747  -7.23388574 -12.10476968
 -18.5611694   -3.38527601  -6.50591568][ 16.55790173  13.42623512   6.12416919  -5.36001544 -50.74601833
 -11.11852477  19.21151938 -13.0730743   -3.49804549 -23.27296798
 -20.59800308 -14.16701668 -11.04015544][ 15.1959136   11.89479087   5.64877774  -9.39010414 -33.07144666
   4.8769571    3.88622746 -12.83541399   1.17781686 -29.90418658
  -9.51317504 -10.36286856 -10.1666452 ][ 13.83907419   7.47575174   8.93998647 -14.56212366 -36.38167884
  -0.03967785   3.74853095 -14.438853    -3.63926031 -26.37417058
  -6.58293499  -8.58654156 -12.21717682][ 13.29541193   8.48261362   7.51310132 -20.53733278 -28.93346644
  -3.72092442  14.87718122  -2.8591879   -2.10210075 -12.48857959
   6.96602912  -2.30188091  -1.57477956][ 13.15799605   8.25371115   4.05481391 -22.61111291 -29.54490537
  -7.16272801   8.17825789 -11.49087946  -8.16332119 -20.08956411
   9.5078885    0.03944197  -5.30795275][ 13.02051934   9.19763075   2.09987381 -28.71867586 -29.77394325
 -19.11172297   0.16535022 -13.32009657 -13.643364   -26.59951006
   2.11890418  -2.56144378  -4.43406707][ 12.7165948   12.0632155    6.9789109  -25.40931947 -25.76510352
 -19.24066573  10.43476074  -4.76339854  -8.93971005 -19.06998732
   9.98974919   1.95273247  -0.6497961 ]