[ 13.65933313 -23.34339919  -8.54691066  16.39878305   0.43310588
  -9.30080216  17.94045954  16.18747052  -2.81635188  10.9550772
   8.79811811   2.11388315 -11.04097441][ 15.55773159 -30.86560585  -5.08552654  26.50667998   6.41833686
 -11.12290241   6.7117702   29.38125161  -2.28263359  17.70710464
  12.82560743   9.03786681 -18.68171877][ 16.81613927 -35.95674721 -11.10169367  27.23196413   2.29771528
  -6.30409893   5.27569334  19.3653906   -0.41740464  26.51542769
   5.24168534  10.07015501 -14.16055896][ 17.82252368 -32.81452876  -9.65186546  25.32658692  -2.31453006
  -0.76517622  -0.61577076  13.92215453 -15.65316781  18.41201026
  -3.56846122   3.54978201 -12.90513035][ 18.6414708  -39.5504739  -12.6108109   26.76043909  -5.97968826
   1.90931152  -1.10299231   7.68056039 -21.62334562  18.91307244
 -12.62359152  -7.76613587 -13.204203  ][ 19.39995775 -38.31606872  -8.24419407  25.71680072 -10.57477397
  -0.26646474  -6.59892815  14.78557058 -24.69494993  21.04278062
  -9.51107824  -0.29719678  -8.71980369][ 20.04016853 -36.94447227  -1.99036124  24.19227067 -11.8816176
  -2.24482946  -4.80284081  16.1900134  -22.8699449   26.1951238
  -9.2393401    2.77554798 -10.15762547][ 20.49860804 -50.84968434  -6.88809833  26.75602247 -13.8516882
  -0.3697266   -2.03258499  25.74567449  -9.00606145  31.09936474
  -9.04079658   7.908495    -9.69330503][ 20.61140521 -47.16760317  -1.29724719  24.78364891 -15.6702273
   0.72913662  -7.4082187   12.15251321 -11.33029895  19.99042319
 -12.28932543   4.86988389  -6.61821912][ 20.30679205 -35.94088464   4.18022733  17.67244315 -18.15496365
   4.9840071   -4.75446542   6.21663032  -9.89894832  12.1051245
  -5.50706041   4.29876492  -5.60382629][ 19.45905721 -28.12179012  13.08607305  22.61560352 -15.1015861
   1.52913759 -12.61437244  -0.37399185  -6.96128952  -0.93732283
 -11.44595101 -10.12834476  -9.91285841][ 19.28110152  -6.33695883  -3.24746298   7.26169368 -14.04041426
  -7.72285446 -23.07682824 -13.95025203  -9.86690616  13.75388183
  -7.81007231 -17.95386842 -12.96988057][ 20.16876732   4.30874061 -15.77552576  11.92447825  -7.14156005
 -20.37497431 -21.5045925  -18.14599793  -7.93145693  18.41780532
 -12.77798148   2.21978506 -16.42947169][ 21.11055462   2.74890063 -24.24373713   4.98903221 -13.42644733
 -28.27281226 -19.82910663 -27.37796372  -2.05331181   3.27523252
  -8.84442007  -6.36077237 -15.69154959][ 21.57636561   5.87996796 -22.19290697  12.86557375 -10.2874162
 -24.81154572 -15.87417284 -17.31441171  15.49524948  13.64562522
  -7.1003242   -0.0962006  -15.60337995][ 21.85338294   4.61505805 -22.98877021  11.09773157 -14.53449881
 -23.5057897  -19.76493057 -13.1603922   20.84838678  10.53206243
  -8.7078859   -1.79588984 -21.6051734 ][ 21.92056885   3.97762746 -22.00590103   8.12839441 -15.81599423
 -16.83686725 -22.19999755  -7.54760693  21.08594598  13.30487593
  -7.38730436   1.14881095 -25.55941059][ 21.97646479   2.97287031 -18.68621885  13.28152409 -13.51928663
 -19.01177228 -24.61464361  -7.40870077  31.7791095   15.49734147
  -3.02634741   4.64850146 -23.52572218][ 21.9151384    0.63698953 -18.67698468  10.75336714 -16.27349516
 -20.17580289 -25.29409616  -8.37503377  28.66929015   7.63596677
  -4.07729213   5.19766814 -19.58296613][ 21.87560029  -2.29861565 -14.6007734   13.4969746  -14.33267512
 -23.85228087 -26.7906035   -6.49896999  26.30318389   3.07944346
  -5.80736419   8.80879218 -15.59375116][ 21.73900373  -4.11795122 -13.26397861  14.71846309 -12.11732679
 -26.72466734 -27.06909519 -10.75534789  23.5560954   -9.33544154
  -5.68477695   9.34572857 -16.20040451][ 21.36641976  -6.46338669 -13.03764919  13.32059471 -15.70618328
 -29.34044186 -33.6031025  -14.37088626  10.07211138 -22.07678825
  -9.76748115   4.54754739 -18.11717826][ 20.46137867  -6.03281184 -11.89343747   9.93528545 -10.47798686
 -25.86861407 -33.20988099 -17.28476611   3.7281968  -30.58132675
  -9.37891681  -4.38652048 -15.12186541][ 19.70185369 -10.89074696   1.61537583  21.15394857  -6.7463561
 -19.64635516 -25.76048074   4.44613893  -2.69093586   1.27657289
 -15.00571196   1.51572427  -6.28924007][ 20.42341579 -24.87586245   9.80739062  29.00104818 -16.9243535
 -11.11415623  -8.22563023   2.86647993 -15.25677901   3.1509245
 -15.27119671  -8.987242   -14.87348718][ 20.91314423 -29.60559547   5.30545573  23.75168341 -14.24160515
  -6.39372062  -8.27723095  -1.35235182 -10.93899014  13.47348762
  -0.42622379   2.27116651  -3.48171474][ 21.2819247  -36.62887652   5.75218426  27.52696741 -14.72493078
 -12.36635093  -9.39662559 -11.91710695 -21.3976819   10.29805219
  -5.31135276   1.54221338   1.02021417][ 21.62676847 -40.99283951   4.02801173  31.35556209 -14.92426138
 -10.77245244   0.05213594  -8.04208164 -25.48855537  16.35933892
  -4.12741294   4.7448806   -1.12341911][ 21.5864084  -40.63820949  -0.22297279  26.69338782 -22.61379529
 -12.96735095   0.91598596  -4.47041209 -23.30406363  11.22664156
 -13.4542667    0.51915854  -8.71529139][ 21.40000824 -41.604284     2.27549563  26.37935175 -21.02027865
  -7.39516939   2.05849626  -5.58196599 -13.67731317  20.9524533
 -10.77966673  -0.54291044  -9.55123393][ 21.29414658 -39.70359517   5.69118713  20.41250819 -28.4619149
   0.94599137   1.63254262  -6.77242901 -14.4449548   11.51971643
 -19.01737946   0.57151367 -12.54125559][ 21.20585956 -42.49442029   8.23871339  19.50333372 -29.15804952
   2.5133412   -2.69525009  -4.71936343  -7.4691374   10.4254492
 -16.46662661  10.08249422  -5.76564695][ 20.90816751 -45.13269467   6.18164606  18.27248921 -27.41526634
   2.42796643  -5.96303278 -11.40217272 -13.47181215   7.69657346
 -21.87191563   6.96844855 -14.03691354][ 20.54912752 -42.93011944  12.70294008  17.7131794  -27.68458047
   0.4151118   -4.02043404  -6.83997426  -5.01165866  11.9462331
 -17.19184385   1.78607337 -14.86570492][ 20.00669014 -46.57003311  12.74093653  13.55625634 -28.24851698
   0.68725566  -4.95249643 -12.6669075   -9.27999871   9.20978106
 -17.69181034   1.69363315 -13.35722263][ 19.02868258 -38.76275707  15.77684331   9.0109271  -23.88978871
  10.01414436  -4.21513571  -5.25237557   2.76486343   1.77290309
 -14.20734738   7.20992785 -15.05415971][ 17.64685617 -34.57756536  18.67505171  18.42056276 -20.06785121
   5.94101444  -2.115841    -7.60713279  15.08914911   5.95412656
  -7.54602277   2.96692772 -11.53145222][ 16.61383441 -30.46472663  15.03067984  21.08275939 -23.73483391
   8.51509725  -7.18525005  -9.44449493  14.73773683   0.18258908
  -6.37003207   0.62577215 -13.83481742][ 16.11616317 -29.17746111  13.54894093  17.81885699 -22.14775518
   6.04177646  -4.33665372  -3.30786332  14.45783315  -0.6764482
  -1.00772038  -1.72889778  -9.56735927][ 15.03769368 -28.62704061  18.92692477  25.9254696  -13.95944799
  -2.76408212   2.97433602  -5.30601438  12.0129809   -0.28426435
  -0.69787701   9.6826534   -7.66596806][ 15.2764815  -29.23777119  15.08822513  24.14988041 -19.55370506
   2.39951691   4.22666271  -3.54863076  24.74850468   5.1461646
  -3.07697053   4.13693624  -9.03154689][ 16.00139351 -35.97178761  12.15205796  19.84782667 -18.6091171
   9.56804209   8.06205623   3.44640883  20.6546108    1.99763879
  -3.7319248   -1.61369879 -22.0864474 ][ 16.61308878 -38.70338587  11.14876054  15.50654852 -17.94897008
   6.65252324   7.65373264  -5.87625086  10.07203335   8.03499477
  -0.23700985   4.18382944 -13.40479937][ 17.45995577 -40.75782665  11.11533374  18.8221177  -17.66945298
   4.47748813   1.12184518  -9.0319534    6.62336021   0.73988368
  -7.08897248   6.66045417 -10.19212396][ 18.10488235 -44.76469152   8.28336325  22.42027308 -18.42231371
   4.03550158   5.48091661 -12.12659559   1.40156729   2.63318291
 -13.26612989   5.95157626  -6.41100026][ 18.57399038 -51.17442664   7.84210281  31.07008877 -12.01715044
   0.45446302   1.04408556 -14.62798951   5.61512295  14.50205407
  -5.5501995    6.24363817  -7.50302447][ 19.01077962 -38.62564668   4.50793582  19.64431508 -18.67698369
   4.40450411   7.96737772 -10.92468258  -2.69106573  10.91394183
 -14.49334138   6.97418592 -11.64991808][ 19.12493769 -43.85302286   6.21337803  20.83133664 -19.2465515
   2.85230745   7.33339436  -9.13765519   0.35022342  13.50483477
 -19.13042782   9.89195645  -8.08736031][ 19.2261038  -42.20360212   4.22687721  20.25591804 -23.42585598
  -0.66496309   6.05930592 -10.61807813  -6.56688163   6.46082241
 -25.36057101  11.21695665 -14.65066788][ 18.97827251 -39.16035062   4.69878687  21.34795904 -22.84562791
   1.84338969   9.6862767   -6.06338301  -5.46668912  12.64685014
 -10.42223509  14.74622043 -11.40745827][ 18.74218398 -40.46687327   1.29677586  24.28441332 -17.73643714
  -1.29080058   9.86528805   2.78039893  -5.04328128  14.9793822
  -9.68603346  13.24182936 -13.04556413][ 18.2735947  -48.49990847  -2.62905649  29.82329866 -14.83370863
  -9.07069077   7.38326997  12.42728619  -3.13074909  20.598649
  -7.34929929  10.04158834 -14.00690151][ 17.96606832 -44.77449973  -5.47232603  27.7595491  -15.22946403
 -13.37541545   8.22387853   9.65572998 -16.81568644  12.82996263
  -6.98921156   7.57533865  -9.09134342][ 17.42819107 -39.97869808  -7.28695194  23.11226992 -13.90214644
 -16.35090061   6.17070627   6.70556759 -25.68699781  14.07676368
 -11.21496438   6.52285749 -14.32483806][ 16.9693918  -33.55286091  -7.35520316  23.60848894 -10.44166989
 -14.26041996   7.25464162   7.60080734 -23.17332543  15.5192999
  -9.79366813   5.32503852  -9.14435222][ 16.2221702  -39.82103113  -3.37091596  28.94540343  -7.53880822
 -19.35179418   7.06752468  23.86379342 -12.80109565  11.10934255
 -10.75608025   8.93922398  -9.92329838][ 14.82253102 -31.65536266  -6.26183245  29.44759612   5.06304479
 -10.40096688   7.08233433  20.22243146  -9.01222779  -1.88817299
  -6.3376937    3.39753231  -7.55020616][ 14.26524344 -29.14613382  -8.03120249  29.76375855   3.79751054
 -17.40900655   1.73248859  15.22272187  -6.43079403   0.77390119
  11.49550652   1.99532387  -2.15991006][ 13.57837185 -23.44353432  -7.511409    27.4148531    7.13189797
 -18.32283181   7.34377376  15.41986576   0.96009672   4.39659519
  13.65361781  -2.98388078  -9.47105928][ 12.58710664 -21.65637464  -6.97361723  26.4184228   14.79771993
 -18.22267458   9.83378492   6.69203589   3.59335328  -4.82840128
   7.98104333  -8.97491701  -6.46562686][ 11.94288836 -22.48832199   2.8806313   15.05998097  10.31360139
 -14.08184113  -5.723801    16.68012076   3.84592959   6.38401452
  10.77712302  -4.2955812    1.69504246]