[ 11.93355525 -12.00624846  -3.02160573  -0.53271956  -4.90801477
  -4.26228708   6.57024004   8.03080026  13.24519044  12.58971638
   0.61045029  -4.85252242  -3.04054713][ 18.26793058 -23.77318034 -35.42994016  -1.91437658   0.97164842
  -4.56729841  -9.88431698  26.22312774 -10.23595607   9.47056671
   6.99225405   1.20896981  -9.48060644][ 19.86034786 -31.77936549 -20.26135502   3.47147287  -4.11069541
   5.9444174  -20.15158575  30.49947374 -23.29858334  13.86852739
  -0.89051312   1.40084993  -6.24746473][ 20.51985434 -39.80254965 -12.34995385  17.96196915  -7.46842736
   1.95626715 -22.95132058  29.6600518  -29.91681906   9.63909559
   5.30969431   7.18362615  -8.07631772][ 2.05695028e+01 -4.31558191e+01 -1.02749222e+01  2.08338838e+01
 -1.22746849e+01 -7.34772649e-03 -1.60155112e+01  3.54977479e+01
 -3.14335710e+01  5.04066103e+00 -7.72512417e-01 -3.05894895e-01
 -1.95867181e+01][ 20.21863819 -39.07329311  -7.36191641  22.60770022 -11.42625843
  -4.99959831 -10.25394649  26.87402391 -31.01374249   8.39938356
   5.43988029   2.52009104 -13.25557678][ 20.15122579 -44.25223824  -9.9510092   19.39369386  -8.49306552
  -0.21393804  -4.9288097   25.02762879 -24.54667151  13.6505193
   5.81635105   2.12852586 -13.26384244][ 20.42442972 -44.83613503  -7.12671912  16.66985106 -10.69705193
  -0.85155745  -2.97291744  21.92772235 -32.23046872  14.19389022
   3.67123492   1.8186476  -14.03917183][ 20.76344439 -44.37387731  -3.44310321  14.75756855 -15.44622319
  -0.32599278  -1.16543565  15.87545537 -36.46137375  22.68003782
   1.83681518  -0.47208764 -11.19835242][ 20.78979855 -46.99785037  -4.72789355  14.8543794  -16.23644407
   2.06762578  -3.10965608  11.67943574 -29.18308616  25.57466652
  -1.39088079   2.97605044  -4.66774852][ 20.48122811 -48.54323405   1.30372389  13.52416789 -11.07377548
   2.93009083   9.36150662   8.57107978 -17.25883886  20.34094159
  -4.79954073   2.22417738  -4.45183303][ 20.06143182 -37.05053937   7.07723784   7.84330831 -12.95014628
  -3.53975631   5.79536012   2.02719201 -16.01057988  18.47843138
 -14.27344316  -1.40141852  -2.03266495][ 18.68494014 -45.59429753  11.99484431  17.04243975 -10.73519343
 -13.92648937  10.46811529   5.86632867   3.24486595  21.13540695
  -8.24998576   8.33191772   7.43316781][ 15.21085064 -28.66712017   9.87052795  14.56778377  -7.91416617
  -8.53436611   1.1644596   16.07927273  -9.01280322  12.39124345
  -8.41692689   3.05063772  -5.66146452][ 14.61779182 -24.54744923   9.73732127   7.45188183 -16.06665326
  -5.6280734   -0.02464161  20.18257991 -12.44320429  17.87139874
  -2.25833848  10.12919697  -4.22285092][ 14.1941391  -22.57615662   8.70251089   6.97497725 -15.13961296
  -5.26565886   2.86612921  15.92570653  -9.61301939  23.31926828
   5.62120638  10.67306363   0.54437559][ 1.37604134e+01 -2.22582052e+01  5.71169962e+00  4.88039864e+00
 -1.26802428e+01  9.34107618e-03  4.26268425e+00  1.03173348e+01
 -1.41170835e+01  2.40600563e+01  5.63493908e+00  9.13495877e+00
  3.40486091e+00][ 13.37765042 -21.2642135    4.85241464   5.45752485 -11.19334364
   1.3312096    0.96464781   5.6330258  -16.83700726  16.53392195
  -2.80221578   6.98379294  -0.2584783 ][ 14.96601284 -23.66540409 -12.84646426  12.70470493 -20.9981259
   8.57464045  -4.24130745  -8.43152675  -9.68289007   1.6950092
  -0.70246156   7.24950104  -0.53541345][ 16.08100478 -26.89014598  -9.38268903  15.64015562 -27.3506887
  17.34164706 -11.04511502  -1.16129687  -5.81724252  -2.09283324
   5.98349572   0.03821292  -1.56335392][ 17.36238952 -18.26620444 -19.04964676   6.13541129 -26.44795575
   9.71903919 -39.0324969  -11.0670197  -15.18830421   8.19601633
  -3.20288912  -8.50168068  -2.40964024][ 17.17264028  -6.41120812  -3.90100616  20.22414657  -5.7136888
  25.68065092 -22.36186088   3.35237111  -8.04867261  14.82811721
  -0.80277907  -8.1852264   -4.14292411][ 19.44443862   6.6961314  -19.48235985   1.46989055 -19.36527936
   0.86202813 -37.49002637 -10.53140853 -20.61776139  17.30954915
   0.92821206  13.1913919  -22.010672  ][ 20.25639196   9.92588137 -23.18400683   3.23719378 -19.21111835
  -3.58329801 -35.2970739   -9.7019982  -18.39550011  30.1824879
  -2.30451494  18.30633827 -24.64685358][ 20.7445719    8.53121711 -26.95826088   3.45956983 -21.88878522
  -4.5238587  -38.27565003  -9.39985504 -18.93343145  27.83178631
  -4.93216143  13.02142903 -26.04599148][ 21.19775153   9.7454187  -30.63920853   6.42924294 -22.50352554
  -1.18691038 -33.05462694  -3.06124799 -16.17909243  24.90947745
 -10.22252295   8.48854247 -23.79939852][ 21.39268302   4.55948104 -28.54700574  -0.81907066 -19.62613225
 -11.07399927 -30.87504481 -14.14334183  -7.69366357  24.43312718
  -7.20744123   6.83334142 -28.99976211][ 21.44164403   5.89695306 -29.06178887   4.45791766 -19.035955
  -7.39847231 -31.41695302 -10.93249158  -3.0133363   28.30555502
  -6.98657273   9.7368779  -28.68941228][ 21.44292304   7.01168236 -34.38418191   7.88146383 -25.24788886
  -8.26487718 -37.06402802  -9.34242643  -7.51863186  32.59533752
  -9.49601224  15.56325297 -25.15375497][ 21.44155852   8.80718497 -29.68343619  13.72249204 -18.72496278
  -3.77250838 -28.2538011   -3.44356055  -0.05651519  37.47942276
  -7.33952674  17.64729592 -22.56490792][ 21.52194044   3.79357091 -25.01410282   8.82993882 -15.10781257
 -10.33389219 -27.25609791 -10.27983394  -0.63919955  28.92262827
  -5.30514295  12.44739985 -17.24580652][ 21.54153444   4.17812693 -31.46743556  13.22502715 -24.62580588
  -7.53845713 -39.9376705   -5.87220096  -8.8365428   32.5056434
 -15.25730438  11.7410703  -23.67337909][ 21.51426958   2.60930037 -30.76924406  10.48535135 -23.91991003
 -11.04630482 -37.54581345 -10.01118488  -6.79567221  30.61512713
 -14.60343456  13.61421215 -23.52697895][ 21.45924826   2.93899373 -31.26069712  11.94847019 -25.37596895
  -7.96178246 -38.7238059  -11.11752223  -7.20468039  31.75313951
 -15.1919476   13.7166968  -22.35864852][ 21.36067758  -0.65986252 -19.42686458   3.40571469 -12.03133482
  -9.30000328 -23.41048029 -16.65004105   2.48919634  20.60185479
  -6.65577978   9.36290061 -16.97230793][ 21.36397983   1.16777597 -25.79245641   9.11813666 -15.01249304
 -11.74687688 -28.50729447 -15.23265657   1.6141159   24.74134053
  -9.92449129  10.55022973 -16.14041172][ 21.31205169   2.05701657 -33.19327292  11.95311209 -24.75576147
 -13.18181736 -38.15622907 -17.05369896  -7.27116895  21.472148
 -20.04242444   6.71821208 -26.0218302 ][ 21.22411758   3.82591265 -31.49698013  16.91253589 -22.36070914
 -11.09749601 -33.16476881 -14.57680831  -1.03006695  28.91071818
 -12.6866145   15.80157399 -19.20502617][ 21.10722365   3.55086702 -29.35019321  15.64832837 -19.42316841
 -14.89701668 -32.01104631 -20.028583    -2.15298016  28.96723776
 -13.84704132  16.16931496 -21.44582255][ 20.93767859   4.9315658  -28.44697637  17.13945791 -14.84973356
 -16.56501875 -25.69125763 -21.34935085  -0.68546426  32.32727527
  -9.80509151  18.86947801 -16.7854455 ][ 20.29524288   3.98867356 -24.97917725  19.50986219  -8.69109103
 -20.83512275 -30.39940515 -21.25849702 -10.56085111  28.12645041
  -2.8157206    6.81837533 -11.50243582][ 18.99054279  11.01496969 -28.9895259   20.33359257  -5.33912015
 -26.32197054 -11.55356533 -20.00613304 -13.38270487  17.97014337
   2.21113623   4.91398806 -10.24554069][ 16.31095874   4.34352315 -10.1503889   15.13363701  -0.47482075
 -15.93605273 -14.33946612  -4.76393984  -4.50144371   6.8726861
  -6.08888794 -10.81536099  -9.00453523][ 17.03031924  -1.59321145  -9.17962704  20.21026929  -1.48190804
 -19.69821258 -15.69050447 -11.47569081 -12.22201228  24.60943063
  -1.35250234 -12.68796197  -6.04061388][ 18.03643847   0.91253556 -17.3514575   21.83100497   0.08526106
 -21.90646932 -18.21795848 -25.28113456 -22.98287641  16.71119697
  -1.63475019 -11.6835139   -8.26753257][ 18.9902169    4.31031926 -23.3769824   27.25053857   4.08298519
 -24.97112973 -17.41911779 -31.75738431 -16.81173012  15.28958829
  -2.13756309   0.47569924  -7.05838525][ 19.56574327  11.14049518 -34.91304093  34.91430472  -4.37900879
 -27.22325028 -15.26290843 -43.95550529  -2.95281278   3.44342867
  -1.32458311   0.60898264 -10.58335336][ 19.86966547  13.76071656 -38.37892358  37.66120512  -6.89288997
 -29.54456828 -11.66752175 -47.43442981   9.96314854   0.89905646
   0.27465542   6.51671117 -10.04899742][ 19.90931095  12.47004018 -36.22353227  35.80129543 -10.29720198
 -27.33791111 -14.19171444 -45.40005642  15.49815806   2.47644657
   0.41013488   9.9929171  -10.87737517][ 19.68562482   3.34153927 -21.25576648  21.03963493  -9.74391531
 -18.19810975 -22.77261219 -32.3899824    9.712766     3.62388814
   0.30200749  10.85757946  -7.18569176][ 19.42637566   9.63780357 -26.73536455  29.75368557 -10.68736361
 -21.00787102 -21.66968586 -40.24584627  16.40515096   2.97288278
  -3.42263453  14.00425266 -14.40100367][ 1.92777890e+01  8.50712034e+00 -2.30241570e+01  2.28276242e+01
 -1.13407445e+01 -1.56300914e+01 -1.82045819e+01 -3.00352424e+01
  1.31607465e+01  6.91684404e-03 -3.65445071e+00  1.39124557e+01
 -8.99607677e+00][ 19.06407954  10.62468008 -24.18033615  28.06291459 -13.3426789
 -15.71411727 -26.41425539 -30.78012934  14.54389938   2.77670456
  -6.36987584  12.39365687 -19.09538868][ 18.74016934  12.43510858 -25.05165841  26.79700738 -14.88679972
 -16.89629853 -27.70992167 -34.00270014  15.03352828  -3.93659906
  -9.75507654   9.38007197 -23.42719127][ 18.43387728  13.20280398 -21.88829091  27.27607954 -14.39483682
 -10.60053681 -22.20257801 -31.19393417  19.28444343  -1.58255763
  -6.20691129  10.18207145 -14.57485933][ 18.18702595  12.75356081 -20.45815652  25.04549518 -16.61622667
  -9.07960956 -19.58625697 -35.90197026  20.00042497  -1.7657136
 -11.42506067   9.25817154 -16.71445211][ 17.87915181  13.53803976 -19.97108688  25.2482158  -16.56316863
  -5.1334115  -18.19478591 -37.49222541  19.17799946  -0.94426196
 -14.10940228  12.44406902 -19.63926723][ 17.43731673  12.14951688 -16.84449026  19.97212909 -12.41290384
  -3.49992553 -15.11087524 -32.26309903  21.94071545   1.15051055
 -14.54289473  13.20127038 -19.61357056][ 16.78716698   6.64314616  -6.75387146  18.23019456  -0.84180554
  -0.69722108 -18.42186641 -23.31727941  19.96077165  -1.31792791
  -8.82320346  11.24019013 -18.19094732][ 15.56446244  11.55999127  -6.80071279  19.16579648   4.58893656
   0.78177247 -18.12257054 -11.70461606   6.93331534   1.88586667
  -7.59912568  -1.43469204 -19.29062247][ 15.0356242   10.93787336   1.16702428  18.69037664   4.01857588
  -2.44053186 -19.6437105  -11.69538983   7.4356137    5.64960873
  -5.10471428  -3.87253822 -18.24712334][ 14.59664709   9.361063     6.01932651  21.59771055   4.17141447
  -3.99371912 -16.19558044  -4.13855542   3.55281558   2.82136028
  -0.22743818  -2.72119722 -11.60548401][ 14.13171447   6.97677844   6.08028421  19.17130579   8.69638205
   1.64090064 -14.09285363  -0.78116144   6.55232147   2.41584606
   2.63385959  -7.1310792  -14.16555662][ 13.59005681   2.02066704   4.59858007  22.66763636  13.25020077
   6.18365083 -12.54444086  -5.48149927   6.17963631   0.7715603
  -2.5358905   -9.56146905  -7.34258094]