[ 14.16286469 -16.15364608 -13.40274745  15.68769575  -3.29604042
 -18.02843078  10.08578689  17.39620571   4.83906279   7.99297299
  12.39192651  -2.56650382 -13.80585735][ 14.84433133 -21.58327327 -17.45141077  18.77199213  -3.03040691
 -20.75460814  -9.65233389   8.1473941    5.1415405    8.11558212
   1.96274205   4.21123592 -11.94098014][ 16.64286106 -32.99146196 -18.9790447   27.50469878   0.58174975
 -17.60844268 -10.85220957  10.7351779   -4.75535682  19.93301714
  -4.15307679   5.51488831  -3.66993118][ 17.79424585 -31.83476431 -16.75463662  24.76024338  -0.12435099
 -13.95813303  -3.22130783   8.03641057  -9.4691855   11.16791131
 -10.23329282   6.0334194   -6.48134244][ 19.04413559 -34.86956093 -20.77585065  28.32250988   5.81189823
 -17.03304994  -2.41049982  20.42276215  -9.79460234   8.01773584
  -1.87751887   5.65681952 -16.55261472][ 19.33410428 -30.61512728 -20.17711414  26.37275561   1.23059801
 -17.13139163  -1.69695463  19.41631711 -15.9948658    5.05477988
  -1.72599465   5.68919691 -15.7907861 ][ 20.05544889 -35.39275341 -18.90150249  32.22265056   3.18409101
 -21.05389429  -7.41898079  24.04814305 -15.94882246   5.71174943
   2.46062117  21.07329569 -12.09671736][ 20.53897201 -40.92802557 -18.7465055   34.83527771  -1.12875991
 -27.34810815  -9.40598701  18.84650872 -21.767519     2.99363813
  -2.9330997   19.35689061 -11.30895377][ 20.69772246 -30.74285472 -14.77168043  26.22869611  -3.11614364
 -15.79006007  -1.44328936  21.67491503 -20.55450615   6.05597703
  -6.54123171   9.56791843 -12.35755934][ 20.70338152 -34.51654573 -13.70093351  27.35591534  -4.81236856
 -16.26984713  -3.40813856  18.99984753 -19.17337951   4.81592159
  -5.3471061   11.14379152 -12.57449668][ 20.65084538 -35.37655998 -12.77282496  24.76987871  -4.32433589
 -13.63590736  -1.44741894  19.54277376 -21.46216752   3.04556046
  -5.41671626   9.24709047 -15.49532612][ 20.67351925 -44.0839531  -17.16589429  26.60070572  -6.51253486
 -20.05367144 -11.47156075  19.51611764 -20.83023466  10.08793938
  -0.77758173  17.06757161 -14.09404264][ 20.61285027 -29.67476302 -12.33872475  21.90804822  -6.08974296
 -13.27160145  -4.1855843   19.42507628 -19.08871513   3.61081576
  -6.20708461  17.18991147 -14.3136861 ][ 20.65811543 -38.80821806 -14.97036215  28.77540494  -0.04593991
 -20.85622144  -5.69798518  18.32110071 -14.03692045  12.5662567
  -4.92542726   7.32877332  -8.11534983][ 20.71980199 -33.36849961 -14.46915249  23.91214811  -1.53079306
 -17.73190851  -0.24755012  16.78939071 -20.02926923   8.19557803
  -2.78373612   5.94573718 -12.64558262][ 20.45792896 -35.5982629  -16.77539069  24.88066322   2.11317567
 -18.27973714  -1.74540269  17.11238463 -19.10057205   8.85116482
   0.34969723   5.06062678 -13.22425391][ 19.86666502 -29.53327028 -16.92968063  21.87640761   6.72305619
 -19.92407616  -1.78478774  21.24416543 -17.31466558   3.92655891
  -0.97185806   6.45154039 -12.39806695][ 18.63474774 -17.9995081   -1.37889824  36.61851094  12.59959238
 -27.47398695 -24.3171539   -3.77575319 -19.57483598  -2.45077398
  -6.93972063   7.72175556 -14.21824038][ 19.13184867   0.47746647  -8.49033167  30.81118094   2.17475381
 -23.97164901 -21.56872887 -11.98434494   1.82468117   4.96335448
  -9.96377646  16.03827865  -6.74445126][ 20.91942474   3.22861536 -29.48824192  32.11425974  -9.3286647
 -28.43286562 -26.72657777 -27.71664791   7.87145364  -8.29964997
 -11.95503537   5.78881189  -8.72869995][ 21.24388934   5.78062334 -37.37744539  30.8413844  -19.92038049
 -29.75064875 -34.45166729 -29.62869431   9.10528931  -7.57189617
 -10.85728011   5.85478194 -11.36180688][ 21.36526783   7.42674185 -38.51908299  28.95191643 -20.75894977
 -26.50973117 -34.30661234 -30.49022029  12.87558255  -5.78239553
  -3.89395727   5.46612335  -9.03121561][ 21.5112787    7.32638898 -37.17521155  25.20028525 -18.10745143
 -24.48931593 -30.11212222 -26.43876733  20.73935222   0.49610035
   3.00824339   8.83196073  -5.9848077 ][ 21.69764843   3.9229766  -29.79938507  13.56957684 -12.24286727
 -16.76871522 -23.34818505 -19.56835789  10.82540168   2.50862086
   6.20449947   5.34889495  -4.19268008][ 21.75926099   2.91857801 -32.52072992  14.97719751 -16.33595502
 -24.04671227 -28.43052927 -26.81737662  18.92952143   6.97453671
   2.20241084   5.78287121 -14.82312435][ 21.65422517   7.6085685  -39.83983314  20.36409383 -27.21696371
 -14.68846251 -32.21539512 -26.27138788  12.82587947   5.9081193
  -0.45723348   1.15062602 -21.12615746][ 21.52898223   7.8811829  -36.02841297  20.29680868 -24.41329609
 -11.11589508 -29.36143114 -26.15972674  15.06554109  13.04733444
   4.31608399   9.14501617 -18.71771214][ 21.3715483    8.09513318 -34.14710109  17.44693705 -24.68650722
 -10.10096969 -33.34866747 -30.48843105   8.21035345  10.74358277
   4.40186651  10.86164575 -23.64449162][ 20.97509287   8.31266657 -27.33402087  18.90787021 -17.88899873
  -5.45525046 -30.63032439 -26.16239024   5.73812531  15.66200257
   7.86658536  17.53175427 -21.86838212][ 19.54271652   8.38402036 -22.04246008  11.78335087 -22.89792097
  -3.07674082 -27.03172032 -19.8603992  -12.00504873  13.8916786
   1.19564842  13.12872095 -25.10269598][ 17.28978204   8.67557259 -10.92078401  19.15883857  -6.40705402
   2.37716474 -10.83131357 -16.54819989  -4.27532022   7.39643925
  -4.56143146   8.37185129 -28.5202594 ][ 16.62787799  15.40679503  -8.41368556  17.23418464  -0.42665326
  -5.4544381  -28.38318017 -21.99863784   8.5026588    3.95127176
  -0.72757561   0.36876936 -26.13924733][ 16.5055618   15.75943197  -5.30198107  18.05002367   7.83019963
  -9.95603951 -24.36940897 -25.30710916   7.24514968   7.76918619
  -2.3575237   -6.33002587 -24.71028955][ 16.28908354  14.72868565  -2.19583189  17.90354757  14.77296539
  -6.02551455 -20.82648948 -21.49739983   6.40076755   5.79076369
  -7.69645668 -11.11206887 -21.88569848][ 16.28613804  15.46331555  -0.68930559  16.1052412   13.26143474
  -9.38515824 -21.32843053 -17.06794518   3.81882295  -6.57026484
  -5.83948421 -11.49575794 -26.26357764][ 16.22977386  13.80561581   3.00704944  17.15064536   9.1482965
  -7.03483407 -21.93484929 -14.48294258  -5.46499253 -10.18884517
  -1.75722598  -5.07763829 -27.19133286][ 16.30255433   6.60541702   7.19664566  12.95880896   7.45193233
  -0.20315305 -18.78522831 -16.23844328 -15.49309175  -6.17514707
  -2.81301699  -2.38242818 -29.40333369][ 16.58196916   4.85743503   5.01765328  12.14017909   2.01011443
   5.13015944 -23.1017824  -25.54635638  -9.44936307   7.67192593
  -9.76834678   6.93424068 -27.70077133][ 17.9357609    2.35952553  -3.18445723  18.05305415  -5.25939518
   7.58052612 -31.80235389 -27.15171049 -22.40141071  19.10471082
  -5.44160914  28.94715219 -32.94605868][ 19.65878002   2.72620942 -15.8695546   14.91657695 -13.7941488
   0.85913511 -38.24724167 -26.44633399 -14.07734638  20.82863828
  -7.01718972  28.94771493 -32.00351618][ 20.59465849   5.86048772 -19.42375446  18.21489848 -18.6809129
   2.29722145 -35.98014433 -22.26266201  -5.59312181  25.44310194
  -2.07371733  28.41087059 -31.40046593][ 20.93555702   3.81780614 -19.54750155  15.14181701 -18.15485502
  -0.13905404 -29.27460566 -22.29462339   5.86172588  21.15608002
   3.56115064  18.22099158 -26.66525852][ 21.28880954   1.91389535 -27.26516301  12.36636965 -26.03697262
   2.31002273 -24.98393916 -18.09271932  -1.66116863   8.02151207
  -5.94212895   3.6877734  -20.41083873][ 21.47633957   2.3798061  -28.86016201  16.2317273  -24.39636669
   2.53715264 -26.3169514  -22.48225849   5.56668539  13.32940188
  -4.32084495   7.72997722 -27.36623394][ 21.46559535   4.8827991  -33.78953671  20.48976702 -29.07559329
   8.12264949 -26.76336567 -18.12689209   5.81035119  12.1450642
  -7.37191399   3.64528447 -26.33132793][ 21.41844278   3.80989318 -32.02812224  17.33015529 -25.8180412
   5.2747336  -19.84405309 -25.23673752  11.83985205   7.10306272
  -3.42755732   0.49604784 -25.68387068][ 21.32645321   5.65283288 -32.37403871  18.64769118 -25.6517375
   7.54859497 -15.83198816 -28.43046025  14.49169375   8.24312491
  -1.97483014   3.80356766 -24.22276764][ 21.19284604   5.54927252 -32.46828154  16.59032404 -25.69587891
   6.26734565 -14.70391375 -34.68084641  12.15282175   7.79397492
  -5.69203075   5.94959779 -28.5725698 ][ 20.93493754   6.73920602 -32.82521515  17.07222095 -26.54418185
   9.20506274 -14.92423613 -34.8901759    7.30883636  12.21738773
 -10.53457552  10.30534928 -29.25981773][ 20.55104787   7.67500948 -31.10922659  16.36056404 -25.35687436
  11.32465836 -13.1702099  -35.85685074   7.03963878  16.07034543
  -9.9844859   13.96011996 -27.49510536][ 19.97634661  10.0305436  -29.68515187  17.02525247 -24.46585926
  13.54358796 -11.19260037 -35.60516376   6.73195853  13.47027083
  -9.930371    17.32793716 -22.37699919][ 19.19893872  12.13074407 -28.30998931  21.40990992 -17.91230007
   9.08763224  -8.12669758 -33.94437509   5.80429785   4.90582628
  -4.46993124  17.7079393  -19.20789972][ 18.36513975  10.39768577 -22.38735376  29.47518218  -6.4875709
   5.79878138 -13.77417611 -25.8597394   -1.0595455   -9.816746
  -0.30662027  18.94044244 -20.60561983][ 18.04720768   4.61503359 -15.01356953  26.26116745   0.16853585
   0.13922761 -16.30044206 -17.39363453  -8.11972095 -14.02894302
   0.30692832  13.31052143 -24.36281347][ 17.86122553   4.58339228 -16.97451523  27.20009902   3.31667525
  -0.11355459 -16.92972415 -22.81710645  -9.39423458 -11.90403866
  -6.80171466  11.31426001 -32.61791535][ 17.71328853   3.39371702 -14.83840185  30.88028901   9.08245398
   3.1840623  -19.8080049  -25.88979019  -9.57068951  -8.2148332
  -2.13161571  11.13729937 -35.73947009][ 17.50174181   7.7020874  -17.59509947  35.2529391    7.91540559
   7.22054497 -13.03817845 -24.82039384  -1.73437546 -18.38792022
   1.72589047   7.66353717 -25.99757991][ 17.59924384   6.76499884 -17.51203483  31.17987779   6.66122141
   2.81614072 -20.22116813 -27.05783204  -0.04871301 -16.36971812
   4.07447667   2.73353422 -22.65679663][ 17.59550107   8.13991755 -19.27377123  36.03166118   8.72706602
   4.87328779 -18.94024048 -36.91569339  -4.59544541 -17.51013793
   7.65720113   7.2212172  -24.89192424][ 17.52623213   7.41753202 -18.03705675  34.77745625   8.53650357
   4.99345291 -18.22393848 -35.56647964  -3.58626083 -17.36864198
   5.35115826   5.19214757 -22.94052847][ 17.44098135   8.94098991 -20.16014393  37.23206297   8.53925241
   7.37789045 -16.98381762 -37.12575062  -3.96284092 -17.83456049
   4.07256792   5.98098404 -25.33620507][ 17.30640348   9.09546347 -20.00172267  37.41408296   8.61942145
   8.36042373 -17.10619094 -37.34620871  -3.70802275 -21.09913759
   3.15403176   5.6835076  -25.17363008][ 17.1669401    7.98438943 -18.8996219   38.88469793  11.83656265
  11.75369989 -16.94263409 -39.08978572 -10.39704382 -24.67545963
   2.62978645  10.82930497 -19.35566547][ 16.87361708   8.27379027 -15.02400052  31.36638328   9.16236418
   7.11154542 -16.93875643 -32.0252999   -5.51531999 -19.03768335
   1.35703526   8.65946856 -23.81070682][ 16.44858931   6.54671901 -10.46944767  33.39271111  15.92260821
  12.07538087 -13.30834412 -31.87489955  -9.68947305 -18.90599065
   3.88994462  12.41817522 -20.12333561][ 15.65050212   9.9620741    0.37919971  22.83564847   0.0383403
   9.01450794  -3.79179241 -27.78184311  -5.19812804  -3.50156076
  -4.48106238   1.86253362 -13.71506493][ 14.97175034   7.97029796   7.61848524  25.07573008   0.6670067
   3.88100169  -2.48623549 -16.68350052  -0.38036652 -10.13516836
  -0.14022149   2.04975765 -19.4562267 ][ 14.54591748   5.98071356   9.20935557  27.45000367   9.22319408
   0.6711831   -1.21351026  -5.04672749  -0.97896351  -7.64257847
  -4.05586263  -0.50157872 -18.44720174][ 14.28656094   3.60778355  10.15530493  31.00145767  18.51926428
   5.91066973  -3.97886418  -5.66226349  -3.68153541  -2.41376481
  -2.581246    -0.41538438 -13.16707464][13.89308889  4.10241975 10.60258901 24.79708101 15.27345783  4.9671679
 -0.93775606 -0.0496371   0.61171618  2.38195244 -5.37998336 -5.87209088
 -8.94569168][13.51087123  2.97841401 12.12461814 25.03002971  7.64001722  3.92007019
  0.63492319 -3.23108491 -0.74873474  4.7995399  -1.30869457 -4.74487898
 -9.99088322]