[ 13.26648776 -11.30518623   4.1448158   13.76734897  -5.74317956
   0.37144737   3.47280189   7.37557642   2.52803096  -6.1387815
   1.17788523   0.74484569  -3.58034312][ 17.22897475 -17.16591373 -34.05822729  16.5961463  -24.95696979
  -5.44202686  -8.55188643 -12.18706991 -12.85553587   9.03000899
  -0.41095804   1.60979397  -2.3549728 ][ 18.81262798 -15.30223706 -29.87296282  21.81179544 -17.4513941
  -0.10109795  -0.88323871 -26.86831865  -3.59499645  11.62489497
  -3.30085727  13.1470834   -8.21355812][ 18.94272901 -20.05475645 -26.31314313  17.32849847 -16.72834814
  -0.47061125 -10.41812077 -33.06186474  -4.98012732  13.44263201
   1.76099881  20.26487844   6.57232724][ 19.00844759 -23.84216814 -14.94769481   7.95061366 -13.40254456
   0.74149565  -9.48179997 -28.46444882  -0.28667279  14.71794135
   2.62010156  17.73274048   7.43990277][ 19.35950299 -29.28876851  -9.85793586   2.52307593  -8.01895413
   2.67738406   1.4639237  -25.21328974  -3.26689709  16.59151378
   5.36954404   4.94657431  -5.97436055][ 2.02468292e+01 -3.49947798e+01 -5.52796457e+00  1.82156932e+00
 -1.15423416e+00 -1.84160078e+00  3.48328178e-02 -2.82708267e+01
 -1.55500457e+00  2.32632642e+01  5.99649584e+00 -3.47684649e+00
 -2.38339513e+00][ 20.94647657 -43.16547307  -6.26894914  -6.00708197  -6.41090114
 -10.21172885  -8.71792525 -27.11652964  -7.87904263  29.50030105
   4.38026854   0.42148748   3.86863556][ 21.38158875 -44.51587448  -3.65066962  -2.62038825  -7.23060664
 -11.01465024   1.60426862 -11.98035795  -4.17661675  35.62041577
   5.29015449   6.08919985   2.25873649][ 21.55623315 -36.25819089   5.24159392   5.05481025  -5.60784855
  -4.52699091   5.77981152  -2.46341429 -13.97059929  23.59156502
  -4.69930964   1.76934254  -4.87455371][ 21.74832666 -44.4093038    3.30884433   8.04682704 -12.20697872
  -5.29322457  -2.5569925   -7.39539082 -20.52117248  37.28199618
   3.7658313    5.7431968   -8.16089526][ 2.19230732e+01 -4.37928052e+01 -2.04711837e-02  1.50586277e+01
 -4.63990333e+00 -5.41497320e-02 -2.84474742e+00  5.91013523e+00
 -2.96638573e+01  2.43128101e+01 -3.73567332e+00 -2.61978561e+00
 -1.00714701e+01][ 22.86716485 -38.8766063    1.57894028  10.51843918  -8.33334454
   1.74747495  -9.47272807  18.97358268 -36.10916583  19.64656561
   0.23775946  -2.2175389  -12.06125555][ 23.56248292 -44.8262677    0.083161    14.94157087  -8.60480339
   1.55149468 -12.10656692  25.04858006 -39.54000375  18.54080734
   0.82818002  -3.89669131 -11.94376791][ 23.58065566 -39.06281708   4.2869981   15.89721663 -13.97823907
   1.14324746 -11.43655992  29.95786672 -36.14257537  11.15863611
  -0.19978097   3.65533367 -10.00105896][ 23.44732037 -35.72004897   2.17414029  15.30402521 -12.47757002
   5.67353416 -14.26370462  28.72959368 -28.73298397  10.77389362
  -0.5829627    4.29753158  -6.18484749][ 23.23046392 -43.08414189  -0.93665676  20.15792944 -10.97545112
   3.67721334 -17.31674729  25.40700253 -30.76471695  10.72273135
  -0.13664082   3.49028301 -11.16023043][ 23.36071048 -48.88341838   0.09434576  24.10568609  -8.6430483
   8.80789619 -12.75540725  31.39052202 -29.70386285  13.52898978
   5.0698447    3.6606874  -10.57886078][ 23.90942601 -34.79246789   4.93807349  12.10760192 -18.0976528
  10.90097415 -20.40441527  27.60701464 -28.96729867   9.49198805
  -6.21935632   0.05522771  -1.30095125][ 24.02783313 -41.32153619   4.14952158  17.71197609 -15.29237269
   8.56422398 -19.09007691  32.04550422 -29.06372232  10.22544243
   5.9536374   -3.72291129  -1.75997327][ 24.14926104 -36.68319514   2.03159001  13.08997964 -19.87120907
   4.61524131 -21.1384669   31.54577609 -42.3150037    3.75156544
   2.03846237  -6.80582315  -8.67340501][ 2.36892400e+01 -4.18646338e+01  8.31671433e-01  2.17394646e+01
 -1.42920213e+01  5.54704386e+00 -1.00149095e+01  3.49009871e+01
 -3.57559721e+01  9.65745886e+00  1.19997096e+01 -3.19988841e-02
 -6.51200446e+00][ 23.43050298 -45.60258313  -3.58103777  24.80011393 -10.61494685
   2.29204664 -13.50646893  34.32783696 -36.1981829   12.56186517
   3.81425323  -4.72602519 -10.89166533][ 22.73744084 -50.37565268  -9.48825338  24.50678439 -11.4360995
   1.76965911 -13.60986799  27.43685953 -32.62215106  14.23373749
   8.87059396  -2.11510732 -13.05733706][ 22.14441247 -38.53066195  -7.00144456  21.32807864 -12.65250946
   3.68317134 -10.00788075  21.08928432 -33.72908504  19.17073761
   7.01421149   0.83262168 -14.11784344][ 21.24551501 -28.13006184   1.427359    30.63456011  -7.68465896
   1.17172084 -15.00125851   8.4853423  -42.51924932  25.72164817
   1.08101079  -2.81162117 -27.4580592 ][ 20.60633225  -6.88829564 -14.3438229    9.385349   -12.0839719
 -11.51165564 -24.63336328  -7.65917097 -56.12558876   9.7611608
   1.69564861   3.33107001 -20.9729734 ][ 20.82629124   3.21672071 -21.52290854  17.53796816 -14.14070986
  -7.64319595 -25.19568681 -14.24486122 -56.39747547  12.00115279
   9.56077998  16.97874258 -15.70482853][ 21.17503144   5.08580319 -25.84042529  20.63950867 -19.664065
  -7.04865436 -23.20847956 -22.68713208 -48.79942225  13.818157
  14.25633245  17.7871691  -12.04732029][ 21.52360798   2.75516528 -23.74888955  11.91784556 -22.53595335
 -14.56211616 -15.30248623 -30.14717438 -38.76836943   2.60685697
   6.67759826   4.65667618 -15.18112589][ 21.66650305   7.07843242 -25.9719734   28.16037358 -22.22664372
  -6.50628775 -15.50340129 -33.61206755 -36.83073978  16.38984296
  10.91229323  17.61678093 -18.84208516][ 21.713843     3.74471334 -28.15470912  24.11431947 -23.57853065
 -16.89482455 -16.33033852 -39.96041692 -29.44392999  16.97600759
   8.64392257  17.62533257 -20.52695266][ 21.76968673   4.03256479 -27.20756015  26.0200078  -23.79469534
 -14.1680092  -13.96248967 -36.63063138 -27.3661478   19.08576011
   8.41458083  18.20460684 -21.61610475][ 21.75458424   3.72274639 -28.11097979  29.40852314 -25.23492957
 -10.15368895 -19.33352507 -34.45496572 -28.27354659  24.55087682
   7.75079917  23.82054298 -20.68348603][ 21.73524577   1.08523016 -20.89512346  27.38090132 -18.26834024
 -10.09783168 -15.73722516 -34.40949957 -12.89052634  15.68893846
  11.15509325  13.07055639 -15.13594618][ 21.74897755   1.89221534 -27.54026595  23.57075894 -31.60060113
 -13.5457107  -17.86101313 -33.59374573 -19.84772634  16.07883752
   1.23421957  19.45000679 -23.29293551][ 21.78128826   2.68091108 -27.13742583  30.39186401 -30.38440957
 -10.71362155 -23.06953045 -34.16222113 -19.15943421  19.95435629
   1.11493427  21.57190684 -27.18098649][ 21.7539434    2.93837482 -26.76426451  30.66430159 -29.94180157
  -7.94313284 -19.93706839 -30.89199625 -12.11942961  24.61227117
   5.54992196  25.49209524 -23.8830966 ][ 21.75390106   1.63924267 -27.90296212  27.74349724 -32.93715918
 -10.00488214 -20.71512939 -34.24760373 -10.71362519  20.10864577
   1.24151497  22.09916323 -23.70785707][ 21.56043096  -1.40759138 -17.65703705  23.16154642 -22.86524414
  -7.62724911 -11.13943501 -36.63228842   1.53260451  17.36709043
   5.37031647  17.51275212 -18.48290951][ 21.39797216   4.02186765 -25.38460762  25.64424488 -29.55418297
  -3.65382843 -16.98591279 -41.32782618   4.35493225  15.35272436
  -4.91585851  16.58047129 -26.12044533][ 21.15739668   1.63138786 -24.36844349  18.96531514 -28.17182526
  -6.32312738 -15.3520545  -46.21237162   5.86230417  10.47831322
  -9.31821638  12.73457909 -28.64828007][ 20.80512168   5.54025516 -25.48948226  25.3741195  -25.79357243
  -1.6228373  -10.55093485 -43.95051926   9.97988983  15.62434745
 -11.51792869  22.82394266 -32.82400018][ 20.29816631   3.73466809 -22.22606165  23.48371443 -24.80522382
  -1.6231008  -11.64826598 -42.90133883   8.90316552  12.42447809
 -14.2999409   16.22553826 -31.83644815][ 19.09000461   9.30493586 -20.03263816  25.33440999 -19.35969278
   6.96313556  -4.34216355 -37.04547715  15.82458936   9.06652799
  -9.40558285  17.10393563 -26.33803483][ 17.62562814   4.79019566  -7.38858956  21.69767622 -16.39710834
  10.30856837 -10.23277501 -35.03751832  10.24009784   5.03469437
 -14.31671246   0.64919646 -23.09895562][ 16.91890771   5.33907157  -9.74300969  22.01672363  -8.01987764
  16.18531285  -4.42237403 -31.69142646   8.78412355   7.12612004
 -18.04204569   6.35005473 -26.1095071 ][ 16.22966817   5.95694982 -11.80405514  22.39979152  -2.3997347
  14.85601194  -2.27850157 -26.92227931  14.34305493   6.65435875
 -16.86398712  -1.26573571 -28.04738705][ 15.6856441    5.03485735  -9.36029178  20.98113392  -3.72562825
  16.85625379  -2.47330419 -26.72128558  12.16499539  10.87040746
   0.11750877   7.70295523 -26.57827516][ 14.98381677   1.9665653   -3.79762443  21.85273975  -6.3319347
   7.27977413  -4.44182017 -17.67806597  11.90586185   4.29921272
  -4.27117575   7.59769157 -19.40208691]