[ 15.52382069   1.12810769  10.71351035   5.35930945   1.98600929
  -4.11354345  -7.15649274  -9.22577461  -7.53687925  -5.67686815
  -8.73208475 -11.01127865  -7.22793119][ 14.89400273  12.01267171  11.66766172  15.12293882  -2.02328083
  -0.81870491 -10.77794815 -29.51114858  -0.94890774   3.90883025
 -24.80378928 -13.78778093 -10.35670685][ 15.32201387  14.87018093  13.55453221  13.51853779  -4.93944159
   0.07886175 -13.2963867  -30.4465782    3.28866884   5.72944838
 -22.25812085 -11.04785421  -6.6094448 ][ 15.32914797  16.73580949  12.17954114   6.66601006  -8.63759439
  -0.74375784  -7.25133774 -19.04148803  -3.02249823   0.39803674
 -13.47932575   2.56669789  -5.61381795][ 15.56645954  17.75072155  15.23594522  12.0495094   -2.18290038
  -3.26589788 -23.07410992 -25.38485489   5.92988197   5.36899317
 -19.14299042  -3.95452275  -6.86336779][ 15.61914095  16.60412048  13.01927369  11.75791004  -1.94390385
  -3.86826995 -20.93875087 -25.92159508   2.65191887   1.09997736
 -20.83091731  -3.62761024  -9.88570572][ 15.68223252  15.69935037  14.66414968  13.03347186  -1.01211551
  -4.55295809 -20.44668025 -27.49582892   3.33006886   3.06917062
 -16.3817291   -3.48167193 -13.05071947][ 15.73980833  16.20741148  14.19761415  14.38284342  -0.50298432
  -4.55778645 -17.97213509 -28.01860542   2.67206552   3.10365957
 -17.00280304  -4.38225784  -9.60985663][ 15.74286712  17.11551977  13.5560542   13.58558028  -4.66308764
  -3.20123605 -11.28088257 -23.48480791   3.41374062  -0.91167835
 -17.48159754  -0.92481214 -10.11657164][ 15.63870687  16.1737605   15.73186557  16.32039414  -3.17325224
  -0.67478961  -6.75292435 -20.38959483   3.1979747   -5.37619231
  -9.60608229  -3.60128574  -9.57683783][ 15.32685257  13.41072601  15.40074258  17.35340084  -0.39142386
  -7.18222506  -3.96146622 -16.05608668  -2.67897299  -8.23455929
  -3.88933766  -7.30583072  -9.02504929][ 14.99119396  10.24158653  20.73008135  19.33788471   1.68210421
  -8.43192373  -5.67024837 -10.54557324  -1.66398594  -2.80944384
  -1.64933973 -10.95446237 -14.7197615 ][ 14.5759563    7.7141828   19.47783458  18.01071703   5.39061796
  -4.98569357  -2.9925075   -6.04790452  -3.18682674  -6.12475539
  -4.00209942  -6.52023818 -12.81939307][ 14.30906553   2.79387077  19.0729156   22.32339505   6.01621431
  -3.04547747  -1.80815484 -12.23366655 -10.09620197  -2.013466
  -7.67402718   0.2131036  -12.99653917][ 18.23449726 -14.20496933  -9.73392152  28.8517836   -0.96221282
  -9.90501583  13.3356111   -7.99120432 -20.41030656   8.36509766
  -9.13683894  -8.45735203  -0.73690059][ 19.46447412 -26.92938785  -5.23098442  19.66749439 -12.75341146
  -9.99498606   8.72547879  -8.57119193 -19.53502332   7.65165307
 -12.92313497  -6.45003349  -5.76580291][ 20.32411349 -31.20083922  -1.72932047  23.16640559 -16.65090727
  -5.73614283  12.69031535  -2.40071964 -19.56993574   5.08479746
  -5.92953274  -5.57248117 -12.31054533][ 20.92235623 -38.26892837   2.74195806  32.34866526  -8.68074854
  -8.21944877  19.27794712   6.0347012  -15.49481868   6.45375278
  -3.74507901  -4.22399228 -16.24830447][ 21.09107573 -36.82972881   6.98050597  44.1968578    1.77384311
 -12.54752707   9.03646935  -3.58006533 -22.11462828  -1.91398542
  -7.05349344   1.14292684  -2.88774976][ 20.9021116  -23.2398664    0.92293118  33.83404402  -9.68916771
 -28.05910705  -8.85677863 -16.93109249 -13.18666591  -3.21885824
 -14.63206253  -0.16941474  -5.89443523][ 20.83016516 -15.0165024   -4.45079179  46.9399135   -5.14809191
 -23.51812539 -21.99966713 -26.09776046  -9.04326234  -0.45456887
 -14.78693393   6.73914669   2.41186914][ 21.40272224 -10.89995128 -13.06936633  48.42908419  -8.92276928
 -24.58812117 -25.01492934 -30.62813183  -8.52256284  -3.1058758
 -19.65998633   5.05195623  -0.57032722][ 21.95892769  -6.97726256 -17.21170278  54.34246346 -13.8830839
 -14.7596331  -27.85858572 -19.35561331  -7.92466608   3.76770497
 -17.82995928  10.23287458   5.78829871][ 22.39181581  -9.2670428  -19.96281878  41.23343841 -16.49796676
 -20.61892011 -28.05426634 -24.21448826  -7.38865958  -3.86298627
 -15.1796939   -0.1995067    1.53059925][ 22.28865108  -7.20721076 -23.17329268  46.30952136 -17.61542515
 -21.53096607 -38.48724531 -27.43377652 -14.11111022  -2.50364733
 -20.01559444   4.3252218    2.9377657 ][ 22.06595965  -4.83085255 -24.86599638  47.25023433 -16.61093786
 -19.9804466  -41.12730845 -26.26633889 -13.25279955   1.29139424
 -16.73305815  10.60037121   9.73538769][ 21.84282194  -1.31903721 -23.19323253  47.38067404 -13.25224456
 -18.29629294 -38.38811397 -21.32786646  -6.61596771   6.85897295
 -14.02357516  12.44869343   9.24294231][ 21.57242714  -2.88344779 -22.03695141  31.31513014 -11.18763148
 -24.37178149 -34.37706684 -24.5477895   -8.6142617    1.79370684
 -16.04258268   7.22696101   3.5512484 ][ 21.24278128   1.13655533 -26.37805397  37.00085961 -13.95816332
 -22.46601181 -44.54235005 -23.32222652 -11.78562311   6.28245734
 -22.83866362   8.70101758   2.1895679 ][ 20.90041823   1.96126551 -28.47327571  36.2324603  -13.45895243
 -23.56046459 -49.57988076 -29.40264545 -15.68785378   4.42012613
 -25.36728692   8.7212731    0.53780982][ 20.62958235   2.72755871 -26.09550272  36.67331012  -4.07327584
 -19.94266639 -46.99737733 -30.71038708 -11.62435866   7.46534689
 -18.79774444  15.81107277   6.16168722][ 2.01894800e+01 -1.43693394e-02 -1.86973033e+01  1.93632776e+01
  1.08747576e-01 -1.85162666e+01 -3.12259438e+01 -2.47869618e+01
  3.58875674e+00  4.16411536e+00 -1.96132817e+01  1.45764472e+01
  5.20879818e+00][ 19.51776575   3.88717362 -24.68232013  21.58801842  -3.28115258
 -12.47642081 -36.34251127 -21.04249339  -1.54985278   4.96456963
 -24.84162576   3.97556633  -1.13067905][ 19.09405678   4.35016826 -23.11886274  26.70754605   1.85886586
 -11.23847042 -40.37306198 -22.81827862   2.08704913   5.68609077
 -25.76757778   6.72564618   3.22107098][ 18.83125431   3.2792495  -21.26634365  30.5344144    3.20190029
 -14.41687705 -42.38826606 -26.99725023   2.67090725   2.52290251
 -22.63300713  10.41674121   4.44964826][ 18.66141582   3.28527562 -19.81268482  32.49198856   5.40844849
 -15.68936237 -38.01425093 -24.41373985   4.59417427   3.48774865
 -21.06419727  13.12797409   4.84031765][ 18.64656995   2.02040954 -19.60182174  34.28275759   3.40453979
 -15.52669699 -35.30527866 -25.38716104   4.14768939   1.38575468
 -19.2751615   12.66430318   2.55092962][ 18.99419201   1.87311246 -21.1847073   41.0585217   -4.25258719
 -17.0151868  -37.01164588 -23.18300404   1.864072     6.93881303
 -19.20741335  14.39839846   3.70422207][ 19.74513377  -1.35904327 -17.52999884  38.63401894 -10.80933525
 -16.21709742 -28.33548852 -19.88064746  -1.42030635   4.8801713
 -15.15874898  13.11700872   3.51371814][ 20.61775457  -4.10242732 -17.41639613  36.03418787 -20.65076869
 -21.71228899 -25.31177989 -17.10056625  -0.85543163  -1.420409
 -17.37420662  -0.82340732  -3.47938947][ 21.01347987  -4.10180035 -18.18004331  44.63550079 -26.60585077
 -23.16662561 -29.73279199 -23.72733619  -0.89235362   3.05065267
 -14.82582932   4.89311692  -5.68349016][ 21.15282351  -2.24124249 -19.90936419  48.15941202 -29.7477931
 -21.5978328  -27.1739185  -21.82513602   2.964255     7.40849613
 -12.45646694  11.26552271  -4.41272675][ 21.2058573   -2.19382518 -22.74109135  45.77290362 -34.25897382
 -25.1870996  -26.94750363 -23.71488372   1.54871453   2.7410674
 -15.95949424  10.37923675 -10.72094731][ 21.22678748  -0.62380191 -24.22558616  47.32144898 -34.24505585
 -24.81389648 -23.81448984 -20.57922763   5.14906648   7.21903511
 -13.10477812  16.35894784 -10.78596818][ 21.33186601  -1.26850678 -20.84593821  49.39136161 -29.75882371
 -24.42854829 -19.92519497 -16.52662021   7.27771012  10.97992628
 -10.84450592  20.15168412 -10.12032286][ 21.27455852  -3.11887136 -22.90442773  28.89319118 -30.78170169
 -18.39194476 -12.91670653 -16.72682776  -4.59850788  -0.71764136
 -11.54923677  10.52033957 -12.67828275][ 21.45514992  -3.46111273 -22.67686609  39.28476561 -33.95132202
 -24.09419568 -19.56148974 -16.11757392  -2.04204612   5.33706205
 -16.71257208  19.36474225 -17.86193562][ 21.42830047  -5.90982813 -18.253551    38.96840197 -31.77633594
 -25.53289057 -19.54165997 -15.72788765   0.49107325   3.03176598
 -14.58379508  13.81927734 -11.36139011][ 21.39803659  -5.24784609 -19.316164    39.68761102 -32.49260353
 -25.7470771  -18.09252265 -15.29507718  -2.28510572   4.59735851
 -18.97469251  19.32438613 -16.91882453][ 21.33562438  -4.93069836 -18.75737482  40.45005067 -31.95244809
 -22.3743626  -17.7436973  -13.14822632  -2.41181724   7.8705448
 -17.54422339  22.48940435 -16.3963599 ][ 21.28107422  -5.34163959 -17.92049757  39.08860603 -34.54241236
 -21.19701422 -16.05369384 -12.30768819  -2.40397272   6.43529371
 -17.39327435  22.11477531 -18.87489827][ 21.00268176 -10.27222082 -11.18313261  29.26865324 -27.69179432
 -13.86078153 -12.57418055 -21.01018377  -4.21909928  -1.72793355
  -5.71494414  11.06306345 -18.66346361][ 20.64905022  -5.47443155 -10.2724468   34.92976628 -36.71930659
 -12.32980365 -11.58405607 -18.42285729  -2.24083842  -3.62949137
 -15.41541944  13.72507883 -21.57436978][ 20.19506209  -5.684591    -3.97467629  33.72334844 -31.13905019
  -5.95108663 -14.55022216 -29.5385425    3.85350719  -3.05808361
 -12.28811338   7.10280885 -24.42086333][ 19.30961802   1.80832574  -8.43160433  33.15972662 -28.31560004
   4.70298094 -21.8300765  -33.69293672   8.90137663  -2.1411555
 -22.30230206  11.0550551  -26.65107015][ 17.99214822   7.02647426  -8.45770014  26.49353509 -15.31966815
   5.73611852 -29.49699338 -28.81422203   8.88246052  -2.47292161
 -23.45961611   7.85611695 -21.64991557][ 17.43900256  11.00196523  -9.75587947  21.98854081  -2.5942312
  -3.46045539 -29.36183391 -20.73775531  -1.85705555   4.1449825
 -23.73257482   1.17712051 -13.22566161][ 17.27574986  11.47156919  -9.58025131  18.28938927  -2.14128432
  -7.04771127 -27.56403426 -19.82211601   4.36427022   2.2281267
 -21.42825672   3.89424689 -12.54302061][ 16.98235271  13.36177151  -7.85359942  16.33501365   0.30014245
   0.79776828 -24.27673828 -19.82474003   6.61586887  -0.40213159
 -16.90347295  10.97657583  -6.50068079][ 16.65861514  14.01613728  -5.45350728  14.1716365   -3.28633126
  -0.49009615 -25.63211417 -19.10687323   7.08351282  -3.89027117
 -22.74912502   7.27971081  -4.42234208][ 16.50538317  15.27203683  -1.05559506  12.82080071   2.11574911
  -3.42309664 -30.85791941 -25.6317174   10.46323562  -1.81868069
 -25.5529527    2.6245768   -5.46094306][ 16.25453045  15.87260575   2.54028692  10.59123276   4.39748983
  -3.56690252 -28.51086    -23.6790098    9.96142451  -1.30153414
 -26.59412618   5.68428808  -6.52955446][ 15.94215254  15.64555472   6.26201578  11.68733593   2.07968825
  -2.35609126 -25.51217922 -20.38805541   7.94652563  -0.59494334
 -26.59908954   7.19977187  -5.50918272][ 15.55840374  13.43622619  12.64603828  14.26109932  -2.05465909
  -3.55548516 -21.31028841 -20.23246611   0.96575892  -1.43154854
 -22.43635389  -0.97516396  -2.0544875 ][ 15.02882367  13.42485941  14.27860772  12.43948824  -5.08132421
  -3.15413479 -11.8163369  -12.79295804   1.32007368  -3.9598927
 -10.03202651   6.7513408    2.17017253][ 14.40167703   8.61633949  11.15196277  14.54587856   0.50916303
  -3.55668126 -11.23588572 -10.1052224    3.56536896  -0.03156071
  -5.10343476   8.19954831  -2.45342891][ 13.69203367   0.65006263   6.1674742   11.90464586  10.61945965
   1.85134355  -4.69854146 -11.82827326   6.84757229  -5.47733514
  -7.1811312    3.41247102  -3.91116921][13.35048352 -3.90544277  4.36739101  9.62579204 13.91791044  5.87504234
  0.55381887 -8.46442154 12.80734644 -2.58308318 -6.4247986   2.23558789
 -7.73399567][ 12.95532603  -7.68283851   1.73057123   1.74640983   2.68024613
  -4.9637982   -2.73593753 -12.67812072   2.56371977 -10.24016978
   1.1065783    7.10814101  -3.42198246][ 12.60821326 -10.84225196   1.78319612   4.49971902  -4.37861119
 -17.18297583  -9.63209962  -7.8465248    4.03506448  -4.58628667
  -0.46185594   0.14935668  -5.92227682][ 16.78263657 -20.38717473 -17.41989297  10.25875553 -15.96888311
 -22.93912686   7.73761205  -8.12382661 -18.99140967   8.63619238
   3.94051941  -2.45368038  12.02398183][ 17.61666971 -20.53358973  -9.95420736  13.29628754 -12.34895824
 -19.19614715  18.92448363  -6.16132451 -16.55459896   7.95042644
  -3.37660643  -1.82987377   7.13720038][ 18.84661013 -30.73167778  -6.46325313  15.98306396 -12.91135368
 -18.3964133    8.72008017  -8.48544879  -8.85438913  -0.90209721
   0.80128248   9.6488096   -7.06981713][ 19.67164567 -40.57195147  -6.16090228  17.56462732 -20.97139733
 -26.80789256   6.8447889   -5.39712093 -19.27551171  -0.6141203
  -6.03830394   3.26637725  -5.42902472][ 19.93843021 -48.34655861  -7.40369053  29.47874934 -10.5369355
 -22.03419268   6.17458103   8.29840825  -8.33483547   8.3847057
  -1.3029253    6.16870385   0.26171539][ 20.03503586 -36.8452468   -6.35349833  22.2655896   -8.09673141
 -18.73350374   9.5795038    6.42869297 -10.68683713   3.77950083
  -3.83377811   3.45058337  -7.64396406][ 19.88922607 -45.9179074   -6.87480536  25.86229593  -3.52769633
 -21.42893673   3.6654597    9.70448293   2.49195317   0.46873659
   1.25213265   8.16577151  -5.07200956][ 19.80632299 -40.03194377  -5.31098337  23.65883101  -2.53068034
 -20.0523168    4.64281226   7.97898623  -1.95034256  -2.63740485
   6.52394478   9.51575429  -9.27933278][ 19.56337278 -48.62696776 -10.26015131  26.29301398  -3.29595623
 -27.32854824  -2.02309206   3.85068272  -3.41330293   3.73948114
  11.03168518   5.3800608   -7.39672902][ 19.54911455 -37.96467671  -8.28015607  22.8124112   -4.66404291
 -23.59685521   2.62184839   8.24276998  -7.92554693  -2.3704582
   3.21505396   5.25311213 -10.04075653][ 19.47346071 -31.11641493  -8.3152415   22.36746699  -5.02119933
 -15.68042202   4.3116476    9.16660233 -11.95887454  -3.21219562
   2.49725777   4.40883489  -8.92406045][ 19.51581863 -32.15267516 -10.41237341  27.80791568  -7.46579155
 -21.01941147   0.40371812   8.15587623 -10.45516332  -4.27615415
   1.57408966   3.01295    -12.89015457][ 19.29178265 -40.57699715 -16.45251369  29.69435882  -8.35671058
 -24.86747072  -1.45005508   8.25766198  -5.47209103  -2.03412401
   3.3162747    5.68564537 -12.17735354][ 18.81793656 -39.44719938 -16.25556222  30.3762612   -6.96856162
 -18.86541503  -0.69787782   9.32945613   4.07257147   2.45790397
  -2.32833461   7.59267012  -3.61860602][ 18.4195625  -37.6097382  -16.53909561  31.05173891  -7.5405948
 -23.24204022  -8.35141723  12.03563451   3.21268055   4.6990813
  -5.5715663    6.26217996  -5.20134732][ 17.49903919 -30.97564225 -16.44200768  28.4897964  -10.30596805
 -21.55467591 -11.41984092  -1.30549401  -3.58248633   9.25566233
  -5.50790665   4.92688508  -7.87782987][ 16.5901173  -25.26342168 -17.22535148  27.39586135  -6.32780551
 -17.61847313  -6.34562351   4.39678833   3.63377498  10.35360981
  -4.41037155  11.00470336  -8.84213214][ 14.97322695 -18.42258139 -14.56034603  19.21178564  -7.27443644
 -19.13465115  -6.84114674   7.44724641   8.67922832   9.34628815
  -0.27180428   2.48675595  -7.51973502][ 14.04581499 -16.31813679 -17.99495123  12.73227783  -6.00248565
 -20.63997951  -5.06782827   5.14686293   9.71307127   5.85371267
   4.35228894  -0.26138155  -2.50799669]