[ 15.62349319 -14.77950989 -19.54868165   4.23500173   2.1921409
 -14.15376691 -21.93989116   3.09149594  23.16263632   7.27912987
   2.67313223   6.4244665    2.29735399][ 17.69099156 -21.69465142 -22.50163487  26.25448075  -3.5862973
 -18.25604194 -11.58220461   6.7822618    3.52518032  10.82708041
   4.89915884   7.28947586  -5.57844173][ 18.22965064 -24.89720702 -22.8518073   35.40183911  -5.28927037
 -17.65884273  -9.90428035  11.24679552   3.76959347  13.00948496
   4.12990176   8.07005807  -7.47182119][ 18.15499294 -13.2164696   -5.83376551  49.30978696  -5.40819566
  -4.29945607   8.1293308   12.66769984 -13.7650375    2.85066143
   2.8365242    0.73587594 -15.65963398][ 18.66356109   3.44479987  -9.03770632  34.29401829 -11.92130708
 -23.65379594 -32.18288831 -19.0057777   -8.47762223  -7.30104879
  -6.48896764  -2.05647902  -9.71453472][ 19.59612375   3.68822436 -15.21106955  37.56558748 -14.89770352
 -29.10147551 -34.6867735  -27.3926839  -16.15632024  -4.28887526
 -18.38582538   2.42415361  -6.30193389][ 20.24301448   4.443511   -14.815092    37.3513362  -11.37069568
 -29.41497953 -26.78381973 -23.89202634  -8.43641923   2.3027903
 -15.08863693   8.16229356  -0.106371  ][ 20.71777001   6.67810085 -17.81793361  34.97819508  -9.80201188
 -31.03081802 -23.48897958 -20.18762291  -5.03928562   7.02162839
 -17.42984764   8.62760482  -8.45943034][ 20.81103141   6.16197793 -22.84009326  30.21902798 -15.96493161
 -34.40689791 -28.10709573 -23.88162093  -3.52140151   1.48224466
 -16.7230607   10.67111492  -9.96286151][ 21.2498841    3.7442153  -23.09618552  30.57835416 -14.79166693
 -33.68121664 -21.91087886 -23.36158865   4.28271428  -1.47913558
 -10.37829537   9.23716058  -3.54304141][ 21.56611848   6.56029368 -30.37826026  34.42901225 -17.8114513
 -35.78030012 -18.93399354 -24.29052155   6.85721645  -1.9122986
 -14.29164482  12.99841287  -7.44175217][ 22.11802015   1.86243429 -29.5885396   28.9996902  -21.52390544
 -27.61247162 -17.94953513 -20.64657066   7.0357139   -3.09808994
 -13.76264366   1.79223488  -8.71771233][ 22.19054939   4.99026587 -32.14166705  37.65791175 -23.9213663
 -29.7896797  -17.68498181 -24.91308387  11.79048292  -0.37136289
 -12.04605799  11.8778991   -9.89494202][ 22.26629153   1.71122858 -32.52693393  34.47294845 -28.9286482
 -34.54058234 -25.18426766 -24.47712012   2.10525696  -3.69083931
 -19.09910111   7.97065535 -14.32346927][ 22.34508952   2.28594172 -28.76139823  39.00578261 -25.80245945
 -26.29168137 -18.9699615  -15.14629367   4.87523912   9.32468151
 -13.64095352  20.64220795  -8.43999914][ 22.40095297   0.68260965 -29.09525107  38.85228945 -31.64051833
 -23.64584467 -22.33468424 -12.56358446  -0.06315477   9.78667184
 -17.6737784   21.39562849 -10.94697378][ 22.3211655   -7.21265891 -15.61122379  30.4838565  -23.53399277
 -28.45280171 -15.36393806 -15.05837727   3.56042104  -1.68247613
 -13.32542199   9.46318752  -6.43575035][ 22.28170578  -4.85282789 -19.65183011  36.17409692 -33.16038663
 -22.69104665 -19.19192992 -17.57462521  -5.56496191   1.71716881
 -20.25062365  16.18662231 -18.64023035][ 22.14591662  -4.43158606 -17.18244972  39.35429075 -37.57702178
 -17.21943934 -21.54667247 -17.4363808   -8.14944627   4.2080717
 -20.88027114  15.97087924 -24.95050627][ 21.87758661  -3.06197552 -11.13950238  41.45230611 -37.75282409
  -9.96737771 -16.42262566 -16.98483422  -6.98622214   9.18270906
 -14.538887    21.29475923 -29.947545  ][ 21.32484985  -2.49704953  -9.36134372  36.67591573 -35.82285491
  -6.52688076 -19.98549606 -21.82292564  -5.57221281   5.23236863
 -18.33866408  19.3291465  -28.22092535][ 20.32631807   1.89345622  -4.92823256  34.30771219 -25.62994489
   7.02633249 -21.57704756 -29.97810316   4.38142923   9.56960087
 -17.56981582  17.93095609 -23.6186305 ][ 18.65668775   8.69683588  -9.00161388  16.75160399  -7.08206168
  -1.01685954 -22.08501861 -22.00492071   2.43936161  -5.08334759
 -11.80173811   3.5522508  -12.037134  ][ 18.57002868  11.8938384  -11.28582039  19.17182737  -4.11858612
  -5.70931832 -33.64457341 -27.01601002  -0.58406141   4.73348265
 -22.35501573  -2.48527114 -15.24392793][ 18.44625415  13.07192947 -11.15649901  18.32077886  -1.38478622
  -6.20337298 -29.89465659 -28.21668099   0.83469336   4.43902442
 -24.15122848  -2.74819055  -7.42224691][ 18.32982464  14.39007878  -9.89926154  17.53593919   1.99598847
  -5.77781363 -28.59244957 -27.60965529   5.39409271   2.52262589
 -24.596134    -1.18515539  -1.94271266][ 18.26353855  15.20104714  -8.9971459   16.36889561   4.27436905
  -5.48611455 -28.06834677 -28.35979641   8.96974991   2.85225843
 -30.64404896   1.68513406   1.51697442][ 1.80816724e+01  1.63894393e+01 -8.88560769e+00  1.27032462e+01
  5.41680246e+00 -8.38513740e+00 -2.40542714e+01 -2.30343122e+01
  1.02709877e+01  8.97543152e-01 -2.51895146e+01 -2.19048615e-02
  1.37418923e+00][ 17.73433218  13.0871836   -3.12475061  17.84552782   7.24395335
  -9.4459     -22.49439868 -16.67789893   8.54749127   0.76834235
 -20.12748929   1.17650526   3.57705845][ 17.48312491  15.96281146  -2.27912622  14.5595516    4.36637145
  -8.68740216 -27.64210332 -24.50574133  11.48445383  -4.39389386
 -24.79056668   0.37401071  -4.92535657][ 17.21597766  16.32002464   0.94812194  13.92132611   6.4847124
  -9.80715441 -27.03259985 -20.41191534   6.90450867  -3.8527914
 -23.75158848  -4.03873775  -3.19865828][ 16.93473346  16.88558382   5.53545861  12.64533227   7.79099618
  -8.16170893 -26.44255443 -17.92219358   8.62155646   1.95236629
 -22.98926093  -2.7432179   -3.54692468][ 16.57194271  15.12875691   8.0937465   13.03510256   3.56112949
  -7.03568871 -28.12929971 -18.47894261   6.0963664    0.49001784
 -17.5716689   -4.88167934  -6.77857643][ 15.99301705  10.95043059  10.46924743  13.31301046   3.45273003
  -3.49334888 -27.08903561 -15.34379821   6.1354737   -2.74277667
  -9.28133241  -1.36856265  -6.53431961][ 15.15903977   4.09818713   9.99296864  10.92887054  14.52234561
   0.20969071 -10.3730838   -7.82848607  -0.7035349  -12.63181153
   2.02172182   8.17040458  -1.81534278][ 14.78201773  -5.66370188   3.50268482  13.39554653   4.34431518
  -0.81919853  -1.22320857 -13.40056184   9.00096883  -5.17442707
  -8.90215486   9.69058705  -8.78370197][ 14.52452212  -9.95398874   0.21392979  13.20551717   1.22375957
  -6.1942804    1.08031118 -15.06702957   7.47694692  -4.52468425
  -9.67549048   9.30055341  -6.23975286][ 14.07989354 -10.97321235   3.05508136  11.9904326   -4.47651015
  -8.06848549  -0.50185418 -12.77756114   3.16050089  -1.14780834
  -3.90186625  14.41057158  -0.86549294][ 13.50638576 -10.45913685   2.67996009  11.16495976   2.65349933
 -10.516722    -7.42563799  -8.75341993   9.93152132   6.43060024
   5.62477804   6.92982844  -0.87413355][13.09382144 -9.13964096  1.17700229  8.28891908  0.34569571 -2.33152393
 -7.6189639  -3.51240983 11.80904985  7.54146742  6.71363729 10.60054712
 -1.54969085][ 13.15081862 -10.31768778  -5.15418803   8.28933789   1.298228
  -5.01876195  -2.20369113  -2.92827719  10.32936029  13.61911632
   3.7971007    1.74351084  -8.29245267][ 18.57683663 -27.20862794 -14.53167787  14.15385669  -8.69755504
 -15.63144458  22.66162359 -15.66765842 -14.04172436   9.3431259
  -6.53255066  -8.24802091  -4.86966599][ 19.56650971 -35.08029058 -13.26105979  15.76696851 -12.11723578
 -11.79211748  12.04006984  -6.50793741 -16.2356788    6.97099515
  -1.26011031  -5.09664579   0.79190718][ 20.85107862 -43.61418771 -13.13205153  24.49874425 -11.11868503
 -17.60239392  11.76795206   5.95918665 -23.74737798   0.83005113
   4.81124002   0.65838444  -5.87041312][ 21.44123352 -42.7552183   -9.98259468  28.09293244  -7.42203698
 -19.15501737  13.15046873   9.37860634 -21.93690974   9.17726743
   6.96423094   0.33353623  -8.59830608][ 21.6470945  -30.44844131  -8.36871242  21.23556988  -5.97390131
 -16.15782034   9.56657794  10.00323812 -14.64638434   4.27064118
   2.15790027   1.29398592  -8.78763435][ 21.74034162 -37.42213375  -9.5717585   22.80518841  -2.86233078
 -19.78757643   6.77230285   9.60032919 -13.30271628  -2.31529373
  -0.55320562   2.37525015 -10.1722798 ][ 21.98755787 -47.5900819  -16.915031    25.11476639   0.91177813
 -18.91378658   4.31225223  12.72604495  -8.2477588   -0.91116909
  -2.1272218    4.88343214 -13.14429798][ 22.10846843 -38.92943931 -11.16457268  27.45139393  -1.79523637
 -19.77696479   4.40860029  17.17288564  -9.98205325  -0.83588461
  -4.62884513   7.33220473  -7.52711274][ 22.04994064 -35.94456917 -12.28817934  24.92242562  -2.60923367
 -18.34716611   4.51736763  12.96566026 -11.6268525    3.09288941
  -2.25958872   4.78681008 -13.39052157][ 21.61563535 -38.03471713 -11.62139401  28.18933716  -3.85197734
 -23.64838838   3.16137828  10.11638989 -13.523306     1.01369955
  -2.32340077   4.76927218 -10.83048754][ 20.74898335 -35.02763571 -10.95179369  24.23985784  -2.14897488
 -18.90360329   4.79099946  13.00022162  -9.88595161  -2.62934088
   1.8482466    6.93142532 -13.83489123][ 20.17916238 -36.55042867 -13.87281709  21.89666432  -0.86866386
 -13.47031257   3.87864163   4.92083854  -5.766504     1.00067368
  -1.64408754   1.04810426  -6.42556139][ 20.00967711 -37.84953566 -12.9280715   26.37661784  -1.326194
 -16.0298903    2.36755201   4.36963047  -7.38384701   4.58403991
  -6.9459354    8.87198498   0.26410958][ 19.83371167 -41.87241174 -17.13460288  32.57550826   0.58481911
 -19.27162816  -3.56098895   3.61920802  -5.19012208   9.90603041
  -3.93280064   7.46374566  -2.0790433 ][ 19.28268261 -35.52928783 -17.7524874   29.5788531   -1.61728215
 -21.83788585   3.04330082   6.68887301  -3.45114743   5.90328313
  -4.27386904  -0.9777912   -4.9257588 ][ 18.27375473 -30.80935253 -20.56856994  19.22035912   0.74517914
 -21.78929795  -1.42408758   9.94052307  -4.8317362    3.50860366
   1.29585125   2.2155321  -12.38278431][ 17.17948788 -28.44240174 -17.18785214  21.26408659  -0.0586167
 -27.37537077  -4.99357049  24.31812603   7.69940183   5.9424392
   5.70317856   6.32688519   3.04792165][ 15.82575582 -20.40114101 -15.10522384  20.55518497   0.08953828
 -21.48962487  -2.91348731  18.06199023   9.64502257   2.22912595
   0.69424664  12.2256347    3.20903336]