[ 10.56152735   6.37597399  17.40043084  10.0175016    7.82001699
  -1.22237583  -2.05244441  -2.65197363  -2.9584992   -8.88143391
  -9.50066892 -10.07709595 -10.4310347 ][ 12.05338726  11.95679784  19.17880391  17.56109644   9.46690528
   1.25471675  -1.48852128  -6.51131187  -4.46775424 -11.56228163
  -8.21999066  -5.77167782 -11.58902472][ 13.02134888  14.59976125  15.23011252  19.60295702   0.85099145
  -5.45795657   2.59901234 -17.26824483 -13.64942244  -9.39781626
 -20.48798217  -9.11284032  -7.34429123][ 15.8297366   -7.03399868   1.97999373  37.87449367 -13.30910451
   7.69578732   7.19167522 -22.67265132 -18.54011542  -3.19158256
 -22.78780975  -3.33938497  -2.3205517 ][ 16.28698475 -14.26768207   9.36990639  30.56006656 -11.53972778
   3.15987406   2.69390503 -22.63659898 -21.55821547  -5.26377661
 -24.45981336  -6.92803841  -6.45046781][ 16.35095135 -21.24039633  25.83039542  45.40037762   0.79517108
 -17.53559955 -15.84403569 -13.88817315 -19.50915346  -8.80093309
 -16.6971994    3.40613875  -9.19332975][ 17.2384353  -15.58613811  15.31398115  35.648795    -7.46889086
  -9.60113867  -2.2296993   -3.43849091 -23.1004071  -11.36273338
 -10.39232605   4.50580972  -0.26347074][ 17.91969865  -9.36061156   9.19075124  40.48971234  -6.33894994
 -26.6026424  -16.74276047  -6.50069398 -15.23937007 -10.93838809
 -17.3597668   -2.62062662   1.38089319][ 18.75887167  -2.31383328  -5.65996907  40.12323616  -3.10234841
 -28.93950617 -18.207273   -12.56484141 -14.63061526 -10.40110778
 -22.52558737   5.46269665   4.2317991 ][ 19.44449576   3.40627076 -12.19709374  46.90674707  -3.01558471
 -44.09496146  -9.54941947 -24.53744379  -2.63575566 -13.88617935
 -23.78020291  21.33026153 -11.9271105 ][ 20.37036725   2.45997239 -14.92482937  44.48222079   1.10978959
 -53.41267242 -12.62354002 -29.17928824  -0.25863527  -7.47752012
 -22.09404607  22.85649268  -5.54321763][ 20.61192563   1.86524188 -15.56695683  40.06133943  -3.68944787
 -57.51079392 -14.52441561 -29.04092855   0.38868261 -10.56544728
 -19.28604471  24.76476408  -5.39371429][ 20.97044478   2.7096031  -19.29369744  30.63418968  -9.75626021
 -49.41850637 -15.12662415 -25.04898222   0.3813629  -10.64231164
  -9.80025204  18.60314431  -7.08021289][ 21.09231049   0.36802811 -18.69493131  23.09629119 -10.76681052
 -37.04731061 -21.81587417 -19.98902933  -8.00292897  -9.53437701
  -2.20135382  15.47213237   2.1453254 ][ 21.17343206   5.48382246 -21.95940008  21.23534891  -8.3486485
 -32.5515555  -15.79837771 -14.97998752   0.33354816  -6.29566691
   0.47931321  12.01195169   1.50596125][ 21.12948372   5.25969566 -20.13881279  22.81044602  -5.15425742
 -32.67748076 -17.24629864 -16.1173061    1.65319567  -7.20634212
   5.54568772  14.00131867   4.78305007][ 20.64422266   5.48453944 -21.95391439  19.68334604  -5.05285849
 -37.47071761 -18.50893577 -19.41275566   3.59478756 -12.01604768
  -1.26478324  14.48287075   1.94006691][ 20.15509362   4.75519331 -21.14288329  20.62569151  -3.31353696
 -44.58318039 -26.6565271  -24.74486581   5.94717921 -12.03218468
  -8.76849181   6.24771524  -6.42268663][ 18.77577728   3.50345604 -19.04808198  22.08576465  -3.86320233
 -40.82681594 -33.82232764 -19.56136396  -4.20198375 -15.96828917
 -23.88643877   2.69210376 -14.27154034][ 17.67736161   9.86153104 -18.46648197  28.96943763   3.38681725
 -37.15772315 -26.24225059 -23.81748157  -0.29738377  -9.98497733
 -23.05510541  10.14002023 -13.62827406][ 17.87974597  11.25659767 -17.41550314  25.77323478   4.23682623
 -36.59432262 -22.37880771 -12.14288951   0.72262092  -2.73828283
 -18.69723998  10.26964296  -8.49983751][ 18.36376271   8.70705332 -18.79767653  29.98525448  -3.49919412
 -39.28253771 -22.83576057 -18.0288792    3.75944833  -4.06026509
 -12.07554797  16.24679363  -8.83065117][ 19.1515184    5.18260263 -18.54603286  17.57956072 -10.00327019
 -31.92266937 -19.73519961 -15.48868079  -3.19527653 -10.46745565
  -6.90307454   6.62496773  -4.95657045][ 19.86055516   8.94970954 -23.79004368  31.7942686   -8.90392165
 -51.56219035 -10.83053699 -21.29224     14.1690697   -4.80845819
 -12.10264661  19.6259512  -15.98222054][ 20.09404077   8.15877339 -22.62571889  35.70579979 -10.73176915
 -47.90538924  -8.16563058 -14.13378995  14.88327224  -4.38845486
 -10.49527877  19.85874676 -14.03346973][ 20.37992168   5.65589045 -22.83840031  36.60604262 -12.33391004
 -49.84101309  -6.51794922 -16.1754936   14.79694267  -6.88658292
 -11.9793238   18.66435929 -11.3803785 ][ 20.22020377   4.78532901 -24.09225246  32.37251688 -14.54209663
 -48.90584066  -3.70411068 -20.06794276  13.69383623  -8.29287419
 -15.21569118  11.4982284  -14.23210315][ 20.30998993   3.91356165 -25.03347706  28.85518205 -14.17223031
 -46.28462324  -6.66256209 -22.95346501   9.40453615  -7.25978241
 -18.13197446   2.62675261 -13.22217338][ 20.16871752   5.17345662 -24.98988095  29.15659747 -11.17545673
 -51.22082175   1.55842878 -27.12961577  13.96046227  -6.39764295
 -20.38599331   8.44758789 -13.53083629][ 20.15407846   5.6273617  -25.13333583  30.03269881 -11.1630405
 -46.59300522  -0.87771052 -27.454371    12.95148213  -8.01301779
 -21.58462949   4.55140042 -13.34593941][ 20.06172327   7.1593264  -22.9893334   34.73840046  -5.11703093
 -47.33159117   5.35897466 -23.38797058  14.64928286   0.06068333
 -22.38934455  15.57623594 -11.16411697][ 19.56621203   5.88036822 -18.18054659  34.79340235  -8.54805638
 -41.22949381   1.05650112 -22.20144391   8.27784601  -3.73577719
 -24.39934732  12.30243022  -7.15737868][ 19.18071257   4.94071465 -19.29959249  33.65908476 -13.60831266
 -41.37934495  -9.14433605 -24.36615283   1.47521094  -2.54020785
 -30.67584342   3.79026508 -12.07708342][ 18.00274827   1.79666536 -11.84073155  27.80355186 -14.12927957
 -30.43100653 -15.63003595 -28.88940738 -12.21974579  -7.98825492
 -28.28724798  -1.56916709 -11.01093234][ 17.00752925  11.16508251  -4.23778539  29.91503499  -4.27689495
 -30.36326648   4.49645774 -28.37402964 -11.80357213  -0.67320473
 -31.20821351  17.91697186 -16.54056314][ 16.35577147  12.86532325   1.50600824  11.28732771   5.10052101
 -34.52011643  -7.96278255 -14.86065353 -27.79768275 -10.38052952
 -18.77898685   2.25361631 -28.97519306][ 16.30363328  16.29368536   1.49641716   8.84686053   7.09377181
 -41.82993572 -11.63047106 -16.52732106 -28.51509819  -5.32181235
 -22.85456662  -0.67975097 -27.5637813 ][ 16.05126663  17.09373535   6.89273647  14.72385214  15.44779475
 -39.18591976  -1.90579048  -8.88357984 -15.61954294   1.42409367
 -28.20752196   3.23692441 -15.25117946][ 15.86503363  17.40248116   7.00631136   7.24197968   5.8902323
 -30.67316415  -6.9987433  -12.46846822 -16.43544392  -7.3602681
 -25.31078684   0.52307963 -11.45522047][ 15.78265952  17.46862181   6.15539246   4.75914831   2.08360795
 -27.50290261  -7.97000725 -15.45527507 -18.53375708 -15.92503918
 -24.17816161  -0.88481153 -18.39055958][ 15.16161393  18.27310608  10.47616738   4.82077281  10.66696296
 -20.86641112  -9.25255066 -20.92697033 -11.60323449 -18.26268209
 -28.77097804  -0.43772891 -18.54966864][ 14.40908979  15.90609028  17.13897942   4.11058055   3.89249
 -13.24685595  -3.97038212 -14.43217138 -19.12735202 -17.64923589
 -22.20844332  -3.04548614 -14.49232841][ 11.55482473   5.50554119  12.747658     5.46031001   5.22391453
 -13.468266   -10.15923438   3.59663003  -8.26602136  -1.04480938
  -4.12576618   5.22401139  -7.30590416][  9.95950117  -8.4084301    2.92999244   9.48711778  13.22555932
  -8.84554526 -13.43216702  10.82966463  -1.86113758   0.3882176
  -0.88760821   7.50504607  -8.20205856][  9.23128819  -8.27820792  -0.99439373   5.57563184   5.24007459
 -12.43320995  -8.89890721   0.4815228   -3.22174706  -7.24443992
  -4.17941135   3.23208135  -2.01207333][ 1.63839864e+01 -1.95631965e+01 -2.00023512e+01  1.55417078e+01
 -3.37506816e+01 -1.07277668e+01  8.09926968e+00 -1.76369590e+01
 -4.45618523e+00  1.65927436e+01 -1.46574364e-02  8.00045203e+00
  8.36948091e+00][ 16.81845632 -27.73331301  -6.90349744   8.72008596 -25.47071185
 -10.55525178  10.32061463 -17.93314061  -9.73494819  14.0042643
 -14.43074354   5.94769402  -1.65777567][ 17.28119673 -32.19968378  -1.96960086   5.41970585 -23.59964729
  -9.77222103   8.91759785 -14.8632031  -10.64154205  15.66863037
 -14.45163022   8.18974259  -2.75342483][ 17.23318262 -39.57475452  10.72350497   8.77961086 -13.40702866
  -4.51750732   6.046361    -5.28846395  -6.59451085   6.43364263
 -11.2654361    7.67196607  -7.1262899 ][ 17.83799471 -56.613268     4.69192135  17.75302553 -14.71576333
 -12.53973125   7.66795202   8.00789717 -13.86666026   7.78910238
  -6.59661322   4.97373245 -11.38380483][ 17.9280644  -49.40718181   5.97102818  21.20357549 -14.58775619
 -13.97445941   2.55496795  11.21789235  -5.76879511   9.69111495
  -1.11916746   7.23811359 -13.54375385][ 17.97154788 -41.06673379   1.8628717   19.87113748 -17.13812083
  -5.08741687   6.69330029   5.47173881 -14.04120815   2.1311409
  -8.82489616   8.76696069 -11.94567996][ 17.89090726 -35.25633351   1.27753985  17.23682724 -14.88737745
  -3.97237097   4.31432872   2.99286902 -10.44227347   8.05364739
 -10.24978625   7.53281753 -10.72587114][ 17.97420106 -37.0161747    0.70324075  19.2637711  -15.24100283
  -3.85592675  -0.48380284   7.68994485 -16.98669509  10.80483819
 -17.53809994  13.36405802 -14.19030285][ 17.83189087 -49.45399837  -3.02450567  22.21766808 -11.34041279
  -3.93300641   4.17131846  16.91272806 -13.45560502  13.58138948
 -10.98919559  19.81543663  -6.80543052][ 17.82298013 -37.77196341  -1.88140012  19.86741752 -13.21576071
  -6.31067735   1.6374579   13.3627151  -17.54579888  11.88304945
 -14.69138427   9.38434513 -12.64934397][ 17.80884261 -40.17784686  -0.55117251  23.36397602  -9.7097208
  -7.87813408  -0.34339637  18.38439254 -13.27085842  14.4423528
 -11.5421291   14.20753026  -7.91373065][ 17.63543625 -44.36068834  -7.29658703  17.16053612 -13.43952432
  -6.69592109  -1.09187874  18.47158221 -13.97328914  14.03438683
  -7.87861484  14.05977357  -8.48802956][ 17.26844525 -32.07775738  -1.78470668  14.35950906 -11.1639392
  -5.51582518  -5.23873556  18.42851446 -16.20027865  11.63149294
  -2.83103177   8.42507857 -14.46869925][ 16.79868948 -34.13706248  -0.89373169  19.36362718 -13.89340822
 -11.35124867 -10.85830678  18.92874567 -16.7408099    8.95857695
  -4.94857652   7.18546574 -21.01363078][ 16.38250928 -27.83393033  -6.36548384  24.22782521   6.26775113
  -1.47720406 -20.92507961  16.90519932  -5.05202362   7.03013611
  -5.77705788  27.68453783  -9.08371071][ 1.58349150e+01 -2.53904021e+01 -5.90467405e+00  3.04992524e+01
  1.25132858e+01  1.40689034e+00 -2.34372851e+01  1.48318734e+01
  2.63981677e-01  2.77660329e-02 -1.62953116e+00  2.91462721e+01
 -7.81356177e+00][ 15.09772667 -19.23561859  -2.98743956  27.19109679  -3.16164316
   0.98360175 -16.1497151   10.74410286  -4.34226735   4.56301618
 -12.46369662  15.62734283  -5.49145419][ 14.31616766 -15.03242837   2.79063255  29.32467862 -16.1634673
  -5.07176577  -3.02414405  11.29452267 -14.06176701   5.58397821
 -12.20325734   7.68853567  -2.55841988][ 13.82852087  -9.83545185   4.86503414  33.33649723 -13.12137174
  -8.52885085   1.74962693  21.18291379  -7.70246413  -2.82272228
 -14.46470841   6.52803624  -0.53304232]