[  9.94069535  -8.47155885   4.60548832  -2.16853335  -6.61652001
  -2.80866046  10.27648009   1.74413836   7.32224285   4.4943895
  13.0607346    4.7630202  -15.94584396][ 18.22814505   0.2634206  -19.55333324  -7.07090193 -36.39900313
 -17.1936797   37.79775706 -32.77765094   9.45705889 -14.1959227
  12.81459861   1.97240056 -37.21414598][ 18.31656626  -1.65418361 -16.88447294  -8.8965127  -35.03986823
 -17.29216004  37.65386853 -30.16349283   9.13019845 -11.061688
  13.67135321   4.70884386 -36.41384061][ 19.30134883  10.41088885   2.21370092  -1.8707133  -21.24829944
  -4.89733657   3.18115347 -27.34519655  -2.04094939  -7.00468229
   0.6939087    3.76039865 -20.43063035][ 20.67198472  13.35651646  -6.82539267 -12.00159319 -40.36856601
 -30.21525339  27.76518459 -24.30377536 -19.00018641  -6.19078524
  -0.46788174   8.00262469 -30.91329355][ 21.12918949  14.63657633  -8.01387324 -10.94993175 -36.12649339
 -33.06800637  30.06343107 -24.58437674 -18.72623904   2.830977
  -2.785454     8.1972646  -32.07685966][ 21.25353525  14.47914678  -5.2892379   -8.37634737 -41.41940159
 -35.37833402  29.49367128 -23.21911068 -23.85410853   1.63634949
  -3.317095     8.26422886 -31.17886124][ 21.06028097  14.20353808  -4.1307219   -7.73436872 -38.34062651
 -32.55507038  25.17578943 -21.59029773 -16.60580058   7.71399173
  -4.579327     9.93165513 -30.81453961][ 20.84710496  14.15859941   2.00025689  -6.79876689 -34.84199024
 -22.25633028  19.86587042 -17.59192094 -18.16660549  12.17643198
   1.23980201   9.26843908 -22.84871539][ 20.76411092  12.51387487   3.97422997  -7.35573655 -33.7726368
 -31.48841904  20.39956839 -22.30195463 -25.17903067  11.42719852
   6.11792234  10.63264071 -27.18143608][ 20.36544363  13.01271679   4.34555428   0.33608409 -25.86997074
 -32.59814141  18.65798756 -33.85510625 -18.81119498  14.72851548
   8.64145607  13.88964297 -38.16875099][ 20.28093034  11.32428724   3.57526757   7.37215063 -23.62308899
 -26.63505381   7.96153649 -37.04932223 -13.09729093  15.45147568
   2.17744118   9.22091206 -36.84531026][ 20.35778049   9.02403423  -0.48718759  12.34539916 -17.7126836
 -28.3746491   -2.13656858 -41.33150085  -1.25284422   8.27236379
  -7.9993902   16.5873747  -29.06188949][ 20.28307482   5.81024185  -4.91820691  20.92004196 -13.65911707
 -37.56432899  -6.37395304 -45.52307913   3.23102908  -5.65176198
 -28.94081341  20.65966351 -25.85176853][ 20.03248449   1.92213361  -1.27519823  28.53417646  -9.49674908
 -31.56670949 -12.61707442 -29.74853202  -3.29166465  -0.24405311
 -19.92429514  25.6902904  -15.57826039][ 19.26226082 -11.99070281  10.27119595  33.46577801  -2.11273665
 -22.13784999 -20.61400139  -4.58336973  -7.21990577  -5.11488137
 -11.54455736  10.82402792  -7.25063991][ 19.61962976 -22.5447097    5.89483288  29.33859299  10.10664504
  -2.81271361   9.46670129  17.69741213 -10.8530317    5.70485575
 -13.24015577  -0.40409917  -6.90446953][ 19.9782799  -28.31715294   6.42432286  32.80161429   4.09821522
 -20.7436429   -2.55031388  18.17105124  -6.28863555   9.91770155
 -12.49246489   1.96188351  -5.20672724][ 20.07311554 -34.74168465   3.80203678  31.63328384   3.85672104
 -23.66553132  -9.39157349   9.48655321 -13.12889171  -1.16873844
 -12.64709481   4.29104475  -5.09174258][ 20.11682773 -41.44690662   1.15913013  27.15516445   1.59327658
 -20.50217713   8.40097069  19.20271119 -10.37815513  -1.92765963
  -9.1260164   16.59244885  -1.07553578][ 20.25381121 -39.43997878   0.69566362  19.96754986   1.24815932
 -15.34989372  15.21367834  14.54832466 -17.47036603   9.60895192
  -6.90004975  10.0506196   -6.38997503][ 20.20933495 -40.76603832  -0.63787657  16.32696967  -2.55031479
 -20.16070465   7.64584099  11.65813043 -13.92720023  12.38241555
  -8.64275715   5.85771472  -9.41876976][ 20.19093065 -37.95087153  -1.66300244  17.65495388  -3.16807608
 -19.08097885   2.52710693  11.70396098 -17.74871736   9.02015515
  -5.94212738   6.78568987 -13.95927697][ 20.26720293 -40.20881974  -2.27445482  23.10711977  -6.1169649
 -21.34593387   8.78285541  18.72083963 -18.95043476   8.11025793
  -5.88894751   7.31197955  -7.81612366][ 19.8960394  -41.87418622  -6.67555084  24.8992616   -2.37559787
 -16.91656924   7.88034902  22.26207695 -19.34428782   1.81193125
  -6.89193676   6.18972431  -9.80038888][ 19.17944318 -27.82167801   4.27440949  31.88805621   0.04840917
 -15.02398886   4.25007756  20.26473742 -15.50538542   0.8408911
  -5.58004501   6.19282324 -13.47056731][ 18.63114238  -1.9949865    7.92174038  27.55637871   5.45809115
 -32.65086719 -13.69255492  -0.39323498 -13.19574829  -8.33076086
  -8.52786408  14.68363929  -9.76587057][ 19.61012083   3.38479015  -2.06968864  23.70763602 -12.37301929
 -59.91815059  -6.92149008 -22.8816938  -11.62933003  -8.323814
 -20.76109304  15.11494796 -20.84570854][ 20.11265425   4.20612327  -3.48025808  27.47621802 -13.46896678
 -61.59524768  -4.59167856 -23.71399878   0.96591226  -1.38685104
 -15.34615054  19.58425005 -21.32384171][ 20.39886419   4.04660633  -9.88666774  24.2266891  -19.96957935
 -55.07338626  -5.27175372 -22.87551466   7.5102766   -3.14114878
 -22.33426268  13.11984929 -22.64524367][ 20.27700771   4.37777778  -8.95513357  23.14540894 -16.65370586
 -47.38807894  -1.39250655 -18.51002313  17.44404109   0.79428257
 -19.7254697   10.87253563 -18.19198815][ 20.27851768   5.67861458  -9.6885502   22.54884277 -12.45070075
 -37.30636351   0.43989753 -17.76580068  21.56344237  -1.94091391
 -18.18578388   8.39852398 -20.35983555][ 20.20384417   8.55503906 -16.85705339  12.98693767 -16.15135584
 -42.46547976   0.39945324 -33.44709708  21.77290727  -6.73953729
 -27.36149537   5.46393242 -33.30091817][ 19.94042958  10.30864713 -17.14149544  12.78898884 -14.41851465
 -33.30268196  -6.16879164 -32.8849206   19.15203126  -3.07801232
 -23.3540932    1.87717333 -33.78511879][ 19.31665449  14.19018195 -11.61367508   7.53367896 -16.67780054
 -14.57312261 -17.54809206 -30.58008303  11.06977172  -2.93714301
 -16.65858255  -5.28898539 -24.46609496][ 18.77361077  17.56529352  -5.15583007   1.85443472  -1.16793089
  -8.94164123 -16.85900284 -25.45354442  12.43469809   5.70401316
 -14.52092059  -4.40989252 -20.902931  ][ 17.92975494  17.97769163  -4.50664778  -0.16740924  13.1638225
 -17.78871074 -19.56779453 -20.30131446 -15.16578185 -16.55265977
 -20.96283935   6.54702603 -48.69382874][ 18.10104002  19.82693905   1.45281078   2.85726151  34.16032899
 -23.15885731 -25.41478607 -12.7957484  -30.74575435 -14.40063855
  -7.48201286   8.02941039 -39.08184625][ 17.938652    16.49427076  -2.4745778   -0.3879651   21.85491189
 -25.70189775 -21.6805955  -19.6562101  -38.01873518 -20.84535946
  -8.61643356  -4.3961872  -35.99736034][ 17.90398123  21.14468791   1.94483411   1.04289587  31.86255858
 -22.6936485  -15.71167676 -12.93129299 -33.25316232  -8.21067461
  -7.98698916   0.71686439 -33.34130103][ 17.86350741  18.92882562   0.22345672   0.13406148  20.7739863
 -22.99283725 -16.84720201 -15.93270569 -34.44187674 -10.6748517
  -8.9812274   -0.58365817 -33.42549186][ 17.54783204  19.2136394   -0.56108473   3.4338278   22.33127934
 -22.64925782  -9.63403603 -21.23851584 -35.98169712  -8.98766507
  -8.68773265   3.3810483  -31.08819025][ 17.5212435   21.13930214   1.55245012   4.62412529  24.36711836
 -21.1398192   -8.95245769 -25.71677063 -32.68782966   0.910409
  -9.91954409   7.67225767 -29.64514974][ 17.20183282  15.10221429  -1.34899936   4.3641854   12.85847109
 -17.23875887 -15.22808536 -18.71731105 -34.30884375 -10.852114
 -16.08745942   0.92043164 -28.04643092][ 17.15581836  15.17015161  -2.08888421   7.02582009  13.35052665
 -15.5276833  -16.68787019 -22.80236737 -32.48046877  -7.77114631
 -16.4303874    3.41267903 -30.81265087][ 16.74563071  17.79121376   2.56318916   5.77273491  21.21068
 -11.24369695   5.65191492 -28.290994   -18.68588286  -6.16156808
 -26.51038749  11.29605165 -27.07287104][ 15.9654618   15.80094382   4.6762246    4.42426286  25.27743563
 -12.93703522  -4.19180968 -34.29812642 -21.23105191 -14.91894488
 -23.2098565    5.59833689 -35.07947814][ 14.87865627  12.07436271  12.98299672   9.60134212  18.0530205
 -10.23469122  -7.80865487 -26.57019625  -9.69496725  -2.10539597
 -12.17724397   5.22417964 -33.59176545][ 13.43951534  15.67380285   8.4418524    1.65695117   6.08435579
   3.22713346  -9.3170358   -3.51219837   3.63204126  -8.22431286
  -1.986108    -2.58498241 -21.29673326][ 12.65877496  14.49347428   7.69241682  -0.51309833   4.44609296
   2.11785939  -0.71490904  -2.74566233   3.19535427  -8.05701932
 -10.75463734  -8.01466786 -20.01772454]