[ 15.0946381  -10.7548859  -12.52316417  33.26799626  -5.81004635
 -14.80000433  -0.03875301  -6.20582921   0.7777737  -18.18553935
  -6.37377645  -2.49384374 -18.12190722][ 16.04564953   0.82324974  -1.51206252  63.05895544  -0.40211846
 -33.37602003   8.31097429 -15.31806293   5.56803743 -41.13647461
  -6.31368011   1.91463179 -43.22708115][ 18.18475208  -4.29134495  -4.59398424  57.9359057   -6.3268719
 -41.47076932   6.90361002 -19.77386261 -10.71720518 -27.60448161
 -14.09085184  15.31208217 -32.43146814][ 18.61862223  -0.69229882  -5.41267158  51.23976677  -3.60268841
 -26.59084876  14.21482801 -16.60044074 -17.60084717 -26.68669384
 -14.87654959  14.84633153 -25.30805361][ 19.06131474  -1.1049826   -7.78150513  50.62130246  -7.81125521
 -42.12140725   4.65701864 -26.58300583 -18.0519109  -32.25877681
 -23.5902819   11.26990783 -33.68024591][ 1.91114144e+01 -2.21075212e+00  1.07627522e+00  5.63037114e+01
 -6.20562930e+00 -4.01478820e+01  4.58238133e-02 -1.52813566e+01
 -1.71727404e+01 -2.56734987e+01 -1.46356120e+01  1.31156661e+01
 -2.92065400e+01][ 19.44256389   1.03133529 -11.74364189  45.75300424   0.24191154
 -20.17281206   4.44122042 -22.91540458 -22.42116286 -26.23964445
 -15.40281646   8.80944472 -26.12124943][ 20.08675223  -2.41845658  -5.1121642   52.27210413  -4.89786909
 -41.6291608   -0.06391022 -21.05667367 -17.71115705 -21.26144918
 -10.60684306  15.65139088 -23.04356867][ 20.44412269  -6.71774577  -5.0876676   44.53766308 -13.860205
 -51.62427869 -10.11734705 -24.41439264 -20.7956045  -26.6802634
 -12.22197205   9.21314174 -26.90957932][ 20.84207038  -3.70332327  -8.21244588  38.76501988 -13.20888809
 -46.67826872  -9.27083259 -15.01271908 -17.11571328 -16.93592126
  -4.61985521  18.43151551 -19.5993475 ][ 20.84698561  -3.73749943 -12.48178603  32.05319941 -13.70705507
 -49.90658704 -20.83967393 -20.50198057 -15.63747365 -10.72727165
  -6.77930682  19.01995839 -16.76938295][ 21.02847958   2.14956186 -20.28046418  16.22514891 -15.53189199
 -32.44986146 -12.2661677  -13.71102564  -7.68139416  -8.75508809
  -1.78182462  14.34425522 -11.03188475][ 21.31210222  -0.49404886 -18.66004066  18.23681819 -13.248024
 -40.82789032 -13.13669013 -14.44150099   2.65400058  -4.0001389
   2.40518561  11.71563815 -10.9402669 ][ 21.30165344  -1.60948381 -18.52236324  18.43819331 -15.30434418
 -45.56893801 -12.21938937 -11.83571723   9.04205372  -3.80895359
   0.32303267   6.89237763 -14.29989981][ 21.30018813  -1.96645697 -15.21893332  21.87585406 -13.27298915
 -49.64705922 -11.7616458   -6.83133509  15.76261536  -0.80219985
 -11.27468715   4.17349701 -11.70803493][ 21.12363926  -0.43848748 -18.28412776  19.96014511 -13.95098994
 -44.69666354 -13.11168913 -13.99596939  15.02693088   0.1216624
  -9.5395289    7.79514051  -7.90487721][ 20.79015619  -0.47982641 -18.3594295   18.10465751 -14.16913637
 -43.44161808 -15.144718   -18.23833035  11.405968    -2.82501387
 -13.35384712   3.31968078 -10.70190967][ 19.96043057   2.20696837 -19.73839747  21.02348139 -10.63949679
 -39.42699596 -14.59041841 -27.66743742   6.91491528  -9.19174068
  -9.73236505  -3.17969802  -3.50646765][ 18.37380824   4.2891868  -16.56419336  27.11867396  -6.95504201
 -35.49122633  -7.72639857 -25.04878505   2.09496839  -2.60250336
 -11.70525201  -5.47206227 -11.06369022][ 15.61024597   4.23483045 -14.17371226  30.7676514   -4.04567861
  -7.68728954  -1.51860682 -23.87243684  -4.94822182 -16.80920818
 -12.42575287 -19.72965757 -15.03817867][ 14.45357123  11.22733166  -1.5269552   35.97138735   8.04555677
 -32.99216653 -20.13394032 -21.86093683  -3.12339311 -12.95342218
 -32.84998427 -13.72598428 -22.28426625][ 14.304445    13.17202593   3.71173017  34.21441313   2.35481615
 -24.2815597   -3.82921694 -17.07529137  -9.5188157   -7.05535279
 -24.26021645  -9.25553581 -19.84378093][ 16.18843625 -10.78706741  -3.57909265  21.56511712  -4.28976883
   5.82375583  -5.89998196 -10.82535557  -9.29589988 -10.538514
 -14.25429417 -11.35716499 -12.56037673][ 17.08113917  -7.80308036  -5.31466776  30.53630237  -6.58319284
  10.57366562 -11.89980755   1.45716378  -6.89360257  -7.28703089
 -13.93261356 -10.72536704  -7.11251653][ 18.15993706  -0.7127236   -6.75140434  23.21341648 -13.30808289
 -18.84326009 -30.22025173 -12.69254931  -2.33153714   1.8620306
 -13.11658218 -17.1028886   -8.64083934][ 19.18762709   4.55900767 -15.71096964  20.20085848 -13.44471859
 -35.41555276 -26.08025851 -22.46027718  -1.65850862   9.73458528
 -15.65748617  -7.88438308  -6.37863409][ 19.78292245   6.57466228 -18.6144414   21.68280808 -14.95753425
 -47.77303339 -13.52934628 -30.87605167  14.82063999   9.73978778
 -20.24509888   0.82012264 -17.96276875][ 20.11751714   4.03475691 -17.15296104  15.4214444  -16.25410564
 -38.39722319  -9.82028826 -23.97041999   9.73144153  11.80473768
 -11.96992994  -7.75108621 -11.57457147][ 20.11346472   8.41139289 -23.03089218  16.66925899 -13.59920567
 -40.19562725   2.01122477 -29.7675588   21.24898138  11.53254457
 -15.87318924  -4.86946178 -19.01893822][ 19.90024061   7.17628415 -23.2584026   16.68323856 -13.414656
 -36.29669016  -1.50217026 -30.90009521  20.19117691   7.5548715
 -15.52557281  -9.30057648 -18.35998208][ 19.73898163   7.60436404 -22.40549376  17.42975465 -14.74927628
 -36.14533996  -3.69224198 -32.56723484  21.37930425   8.48584718
 -21.51694958 -11.74956041 -15.2139367 ][ 19.60257825   9.40276541 -20.10745862  20.01460362 -12.64269836
 -31.78694989   4.3817028  -30.05620915  26.55554347  10.70113178
 -16.18667857  -8.32863364 -10.37311237][ 19.23094555   3.83186788 -18.42047288  15.04497588 -16.31732852
 -31.92818047 -12.28731024 -31.72336099  11.44443509   6.78162278
 -23.39818485 -18.19247763 -13.5240066 ][ 18.88712307   8.91697843 -22.48447009  17.27438198 -18.42780875
 -27.87101269  -6.00539937 -43.14082859  18.1251956   -2.13396103
 -16.82138889 -13.12698883 -21.6738492 ][ 18.47274716   9.03836727 -21.9385837   18.26306478 -20.08085091
 -26.48529845 -13.93982336 -46.31042542  16.74107388  -5.72574491
 -16.88542766 -18.26490148 -27.40284036][ 17.58488307   7.8826135  -19.05336296  18.38756977 -17.0266078
 -15.09695454 -18.0181772  -46.31560306   9.7539197  -10.0714416
 -14.63592996 -14.34370103 -32.17859547][ 16.90998994  10.99578958 -19.54308118  17.87447521  -6.79926925
  -9.6534214  -11.21009388 -44.04920677  13.61394648 -18.85667515
 -14.31671161 -13.0643908  -38.25476673][ 16.39837684  11.56660893 -14.68508868  20.25698867   9.08002252
 -25.3649215  -14.17176642 -40.13881138  -4.71403718 -10.77631127
 -12.59524902 -10.9700549  -28.8337614 ][ 16.21991427  12.29726697 -15.11928823  22.10404617  18.12274118
 -33.85458839  -8.87922987 -37.3699529  -11.10372106  -3.45905775
 -18.79153203 -11.97838543 -30.38340974][ 16.04740048  13.39807309 -14.62405131  18.49382962  16.53153885
 -36.96398569  -5.4831427  -35.10859546 -18.49641451  -2.44471791
 -19.9765359  -10.51224202 -24.44953873][ 15.94329929  12.47153377  -9.76122484  19.13869909  14.15426413
 -28.92220938 -17.60981075 -26.2248125  -28.46262705   3.86443972
 -16.43015084 -11.39953912 -14.34753641][ 15.62953127  11.68230878 -11.10949184  13.44650794  11.70454615
 -23.66060566 -17.37366566 -25.92611095 -33.02758565  -3.45868402
 -22.71613733 -16.49029951 -16.54380876][ 15.48301744  17.06562846  -8.74418135  18.70360562  19.3680839
 -20.74985396  -6.20751913 -34.49727757 -16.55581553   0.97201562
 -14.94474982  -7.69365391 -16.67613933][ 15.51614373  16.09520034 -11.68176402  16.58480336  14.30597798
 -26.04179414  -4.65762181 -33.88874112 -15.64975996  -1.03823923
 -17.27527954 -17.55809011 -17.05118295][ 15.19138058  15.01952908 -13.63312175  17.81130482  16.75907837
 -27.61017871   4.60798902 -36.18091079 -19.20259716  -4.98451185
 -22.3931426  -13.94324843 -19.88042067][ 14.93291548  13.96234903  -9.9250909   18.64896537  19.5916223
 -22.25890724   2.6198985  -30.20909492 -14.56811873  -6.7711437
 -19.11994048 -12.58041387 -14.57500172][ 14.05414247  12.52920906  -4.38142186  12.74460958  17.04296635
  -9.98658178  -8.64988463 -16.30594802  -0.73069358 -14.40217287
 -13.66355456 -19.98394155 -16.86039141][ 13.24779885  11.68950705  -4.33035452  10.30934058  22.32884896
  -1.51206409  -2.89072621 -14.50274165   2.73529809  -2.22456549
  -7.92903587 -22.19513928 -22.41001318][ 14.09115398  -2.60357697  -2.32828567  34.34603493 -11.08736542
  10.42677316  -4.47633201 -13.46612627   1.08372469  -0.77908054
 -12.67189754  -6.91497574 -25.75022349][ 13.99700676  -2.43364704  -2.25933691  33.16375914 -14.02102066
  11.97324491  -0.05731817  -8.62030029   5.50739098   2.05671838
  -7.68925939   0.8188552  -16.45538375][ 12.74421675  -0.11110805  -0.20053341  19.74951025 -13.02470113
  32.2996995  -14.51326423 -20.69136854   4.16885713 -11.5839048
  -3.16228366 -17.03087922  -8.27517331]