[ 11.82427769 -25.70303591 -12.87413945  27.63918146 -16.14816495
 -13.75944191   9.21715615  11.51139393  -0.99523081   1.62527395
  15.80295222  10.61008357 -11.24370936][ 14.42269268 -34.29635172  -5.05102849  29.93702478 -15.09013091
 -14.39957778  -1.30338645  12.91804145 -12.7096268  -12.8920946
   8.99745261   1.44815368   0.19405289][ 15.83477707 -38.75530981  -6.92484905  22.76799646  -9.09002811
 -16.97984923   3.50359018   5.84648711 -13.50684433   0.39980606
   3.64643125  -5.74605078  -3.92608672][ 17.33124587 -36.99667463  -5.61083738  24.94295064 -10.72666864
 -13.26317279  14.02882848  10.03765128 -12.38963306   3.48391562
   9.21003052  -8.88109044  -6.1008698 ][ 18.17483991 -43.6611496   -2.49550041  28.20110023 -16.62434695
 -11.92996102  10.01721424   9.92372557 -17.54175497   3.75103773
  10.84761844 -10.94375226  -1.13334853][ 18.98023308 -51.60698193  -1.84091767  33.72726313 -20.19263095
  -9.95290002   5.71710802   4.73950675 -17.30660465   6.21373633
  -1.42220459 -11.27744623   3.88767565][ 19.62907617 -56.44002253  -0.6816191   35.89346326 -25.09065699
  -6.88292138  13.39548473   6.48759109 -15.76422997   7.15345939
   2.37797014  -3.65550211   7.95482309][ 19.83755524 -41.15998978   1.46053555  28.25841938 -25.41120636
  -1.07165817   8.05884473   1.97017771 -18.5544836    8.61137006
  -1.97120187  -8.6676816    3.59363183][ 20.15825269 -46.86167117   1.40956102  28.22265223 -25.88270067
  -1.25750513   5.72023833   9.3111556  -24.22031957  10.35121727
   0.20971868  -2.47692569   0.87157285][ 2.02081493e+01 -4.28902197e+01 -1.59011316e-01  2.72808307e+01
 -1.94312336e+01 -2.30251553e+00  4.24104573e+00  1.38251936e+01
 -2.13367911e+01  8.05532777e+00  3.76428727e-02 -1.60114327e+00
 -2.37753797e+00][ 20.07046148 -45.31516936   1.36027288  29.83351787 -19.13021808
  -7.63864357   5.27480179  19.44589457 -19.64071044   5.78590079
  -1.51278197   1.69586391  -2.75047005][ 19.64045784 -41.07179483   1.88016857  29.72828558 -19.43063163
 -11.25391334   6.63623023  16.86395224 -22.76214788   6.95737865
  -1.59508098   1.07607802  -6.61630329][ 19.13753298 -38.10190375   4.40538047  35.90416729 -18.53985473
 -17.47383782   0.81710632  21.07462624 -23.76590193   1.07316266
 -13.26192032  -2.03607722  -8.59648096][ 18.08018395 -13.62832135  14.20524332  29.38380491  -7.92734246
 -22.35416088 -25.24741034   6.03849496 -27.0805263    0.96734951
  -5.13150743  10.3667473   -3.11656539][ 18.82830075   2.29331365  -9.79198582  22.17875452  -6.3022692
 -36.95927649 -26.99639102 -12.68314551 -11.51854107  -7.2428807
 -13.6142623    6.90599753 -17.7322464 ][ 19.61833897   5.83678617 -16.28829467  19.35922789  -4.85926462
 -35.77844705 -21.09863234 -20.59279961  -5.80673084  -2.10786664
  -7.04017651  14.89777316  -3.79703415][ 20.25326944  10.73949029 -20.60143338   8.34876341  -8.85242528
 -26.72197706 -16.65550235 -19.25597233   0.22583568  -2.96405736
  -3.97985194   5.33571168  -6.45357045][ 20.23131931  11.70705075 -20.67670238   9.77957317  -7.33093822
 -27.06196845 -12.59224005 -20.36917813   5.45971994   2.00706133
   1.38327772   8.70200433  -2.88250601][ 19.83998019   9.16156522 -20.9526816   10.56693699  -8.533413
 -33.22988812 -12.69812056 -16.79941648   5.64776599  -1.04150608
  -1.66281241   7.67977115  -4.15608003][ 19.88551432   7.20029163 -23.1848494    4.8918907  -12.11902687
 -35.9877462  -15.61071475 -23.69217646   1.70656405  -9.56935533
  -8.30742373  -4.02995408 -12.23331069][ 19.77678278   9.4770343  -22.24738702   5.49678486  -8.72332704
 -33.89201221 -11.39344907 -23.20596049   3.87841982  -6.0099118
  -7.09027818  -0.45140216  -7.69959127][ 19.40668176   9.53022861 -21.56417178   6.81402691  -8.72824003
 -34.94849557 -15.45116143 -31.24689996   0.89023803 -10.11960648
 -11.26230829  -4.08930293  -8.30869633][ 1.87749028e+01  1.14473337e+01 -1.88338715e+01  8.68501954e+00
 -5.02020208e+00 -3.01287544e+01 -9.90330175e+00 -2.71797404e+01
  1.46457350e-02 -1.69809503e+00 -9.29998487e+00  2.75254413e+00
 -2.12355742e+00][ 16.81118895   9.90105589  -9.44489895  21.14533883  -1.0707595
 -26.61025292 -12.86599499 -19.75594157  -3.11224593   5.53415527
 -17.35679353  -4.68895343   0.51316084][ 13.60378047  12.18644155   0.13103191  32.24405978  10.09521051
 -17.58806789 -12.46864576 -14.15006424  -9.5863425   -8.15952189
 -21.61231735 -12.12707809 -10.01316597][ 13.41172764  11.85928483  13.0973105   31.54012614  16.60373164
 -29.55929003 -23.50487084 -15.84775655 -14.33361506   1.04719058
 -30.1518337  -17.37028087  -6.5854585 ][ 13.33558626  13.3685083   13.66063476  24.80746706  14.99075758
 -21.08360757 -17.63343354 -12.91741085 -14.00748416  -4.09120196
 -32.20853034 -11.34656601  -2.34091349][ 13.25738963   9.21976274  17.78187076  12.05265576  24.05073386
  -4.55913167 -13.04600336  -1.21817841 -26.84337016  -2.68872274
  -8.12993671  -2.34478377  -7.86778252][ 16.18713064  -6.09969294  -7.69586639  21.56379642 -17.57855212
  11.72447274 -15.81653894 -11.37762921  -5.52817503 -17.27554626
  -8.53691841  -3.84064207  -4.27164675][ 1.72229613e+01  1.65455184e-02 -1.99614562e+00  2.21739515e+01
 -1.99952313e+01 -6.12060905e+00 -3.26079878e+01 -2.07636556e+01
 -1.42456169e+00 -5.44508565e+00  2.11367165e+00  4.58537056e+00
  5.64672740e+00][ 18.29443261   7.06489296 -12.32711186  15.88807749 -15.3656647
 -17.48258243 -20.00882242 -17.30717395  -3.15478823   3.06257588
   1.95898755  -1.75683167   2.95249079][ 19.20399219  10.00920763 -12.63637618  14.36500359  -4.44833156
 -25.02324301 -13.79179223 -15.08473068   9.8730173    8.78334736
  -0.21994612  -3.47090044   0.13312877][ 20.03735502   7.6277964  -19.1189577    6.88097263  -9.7902786
 -28.85682062 -20.74595649  -9.54835598  13.3320928    7.87231718
  -5.86621606 -12.89416126  -4.72253571][ 20.13219394   8.69994665 -22.37877646   2.9594823  -10.25713123
 -27.60804784 -14.50216447 -11.2067892   13.32363555   4.39603618
  -6.12204421 -13.71976131  -9.8620561 ][ 20.1644823    8.69433259 -22.42503644  -2.98229541 -13.05065212
 -22.35564668 -14.89980836 -14.86615788   6.80650061  -0.55328096
  -7.39963344 -13.00619599 -14.26520918][ 20.04518303  10.03630157 -21.05303143   1.0855713   -4.86510096
 -24.13977456  -0.45188628 -13.43117831  15.00950288   6.10949349
  -0.8751964  -11.7586416  -10.51425149][ 19.74110334  13.43175068 -24.41699265  -1.15490945  -8.79452797
 -23.7476154    4.44740908 -28.47900265  12.3330101    2.34379081
  -4.75303684 -13.22840382 -19.00798059][ 19.71904331  15.17924814 -24.93773148  -4.02014919  -9.80321767
 -22.85611738  -1.81350552 -31.19855015   9.42471001  -6.07960103
  -3.84558409 -15.50026512 -17.62413752][ 19.09124095  13.71238961 -21.86221649  -3.81339439 -10.02891224
 -20.94100086  -8.63918059 -28.63529897   1.79714334   4.05150852
  -8.38595926 -16.79080455 -17.92012176][ 18.39578055  13.2189568  -20.17367466  -4.36308314  -9.60836022
 -26.10817662 -18.74037415 -33.16584307  -7.51827291  -2.227192
 -10.35234468 -24.36978426 -23.00471131][ 17.59149718  16.91261651 -13.12802217  -1.43035902  -2.84018323
 -19.87476979 -12.63679293 -32.55487591  -3.0710166   -1.00036443
   1.5496178  -11.04049102 -21.59450785][ 15.98537129  12.67253071  -9.63323451   3.29135499  10.28160385
 -20.63523102 -11.82157737 -22.06538191 -24.60392428 -12.47549674
  -8.8448431   -4.71759741 -35.04509935][ 15.79600549  16.37897372  -9.69761868   7.73161107  26.70473058
 -36.61319965 -16.98549664 -20.81003592 -40.90658183  -9.63040637
 -10.08958329  -5.39323753 -32.89526823][ 15.88522212  19.15594348  -7.82000022  11.58880244  32.08731621
 -34.35286077 -17.71455996 -20.31000554 -37.93246554  -2.26621187
  -4.78756663  -1.74287058 -29.16073669][ 15.55263347  17.44713075  -8.61963265   7.75064891  20.0601981
 -30.68938614 -13.90131546 -22.1097449  -37.97375421  -9.78384515
  -8.62321709  -6.34874441 -29.02112505][ 15.47301009  19.2077911   -5.20187718  11.29531695  22.03824918
 -29.42943465  -9.72542872 -20.04247681 -31.38769305  -9.22582053
  -7.70121239  -0.96649998 -25.87058707][ 15.44552525  18.52198812  -4.60504236   9.52890427  14.65545577
 -30.60493969 -10.43641446 -19.6747054  -26.4647699  -15.56211062
  -8.35158371  -5.0339949  -25.00897935][ 15.0855876   21.69764064  -3.66711253  15.10634957  20.40663605
 -28.84539894  -8.9506608  -22.82037588 -24.57938854 -10.38742595
  -7.91464063  -1.43567939 -25.85411529][ 15.03307311  20.28967932   1.11523717  12.96619345  16.16463599
 -17.38524836 -11.18061586 -17.63786012 -24.43236504 -11.92002001
  -7.41142481   0.9221859  -25.68378496][ 14.83925752  16.24490127   0.13594409  12.61952497  15.78499727
 -14.31471766  -7.0871782  -20.38247469 -27.73281466  -1.14174292
  -5.6262337  -10.11667199 -13.68245295][ 14.2934536   12.87864644   1.6615189   14.33572107  14.35326537
 -10.53564455  -1.19769242 -27.08116392 -21.46086839  -2.88688098
  -0.06309658  -9.77147933 -19.36460887][ 13.56410079  13.529105     4.75986736  11.62086686  19.46594665
 -10.02679757   3.458556   -36.55585219   2.43277436 -12.40626668
  -5.86408193   2.84357139 -38.05858165][ 12.93790918  11.5161029    7.53599428  15.50055126  15.11036269
  -1.62079299   7.01989147 -27.10229463  16.20385636   1.07948514
  -2.11866787  -5.30875857 -37.64861596][ 12.62547982  17.50209003  10.28535466   8.88020388   8.05980555
   3.14175116   1.37360665 -15.56532451   1.7459414   -4.26573769
  -7.98903734  -5.08479043 -24.7953847 ][ 12.1152006   17.31294448   9.19692128   9.11866337   5.90159697
   7.77314336   1.41818065  -6.17731726  10.66398441  -0.29240093
   0.66934648  -1.53656266 -18.80226156][ 11.59584686  17.45273629  10.61328646   6.37410081  -0.0920286
  -3.38548829  -6.26588217  -7.31639024  -0.1642885   -8.24460816
  -3.50795221   2.84993809 -11.28997883][ 10.99498975  16.17080976   8.70199474  -0.25880652  -5.18865417
 -10.77636469  -9.84889134 -12.5278147   -3.36260973  -9.8642523
  -6.68375721   4.5039097   -2.27467246]