[ 13.36573484 -14.94714752  -2.37740121  26.28709016  -8.03618015
  -3.28196154 -17.4475149   11.83704244 -23.32652367   3.8876987
 -10.7455897  -14.62656942   0.76470705][ 15.47319272 -22.11947444   4.84212206  35.05657757 -17.44582361
  -3.5968812  -18.31335233  25.62210205 -19.34855646  10.00224849
 -10.57224934 -13.99515672  -4.93494147][ 17.20859185 -29.74383453  -0.0650367   35.80983902 -12.65879712
   0.57250209 -14.96305728  22.42898127 -22.01576916  18.0179027
  -5.99894735  -7.60857723  -3.59393845][ 18.05660236 -34.7763362   -8.29290053  27.09245755 -15.26132897
   1.95031407 -12.7416985   23.3248131  -25.81795305  13.92628423
  -9.6367207  -10.42835397  -7.44628422][ 18.88835317 -42.29417514 -10.68404547  31.58290767 -12.03671985
   6.63129324 -14.10028933  21.76830849 -15.70497286  30.88258565
   1.0500971  -11.13922645   0.44701104][ 19.38806019 -42.54152979  -9.81010233  30.8036377  -15.45375584
   5.97996403 -11.64895441  23.90843449 -14.88024956  26.75654469
   1.50656753  -5.90438932  -2.9567709 ][ 19.61458811 -38.78788466  -4.40204287  30.04549683 -14.25548612
   2.34250818 -10.4500065   20.84128573 -25.79807311  19.89603815
   0.04357376  -8.38403249  -4.99711773][ 20.13241358 -41.91730905  -7.79578011  26.85420622 -18.05276039
  -1.86128725  -7.0113623   22.39130299 -32.83003527  18.15011287
  -6.12626336 -12.77906535  -3.65183259][ 20.74975584 -48.49347026  -4.28099086  22.74705985 -19.80439097
  -4.45144503  -8.25491059  18.364759   -40.71058987  16.36812728
  -0.9550113  -20.61127342  -2.82672249][ 21.37772294 -49.33182244  -1.36560301  29.16524609 -21.75369516
   1.04077862 -10.91562842  17.21872617 -35.08930741  28.00988875
  -1.17000905 -15.26056071   2.40136163][ 21.49981868 -44.90461956  -0.68832043  23.18143787 -21.38755136
   4.14140737 -11.76882319  17.42534432 -30.22927347  25.63900487
  -8.70267081 -12.34066725   3.89236525][ 21.33042896 -40.79741455   2.7506766   18.44345258 -18.30824809
   3.51931512  -8.23020031  19.08549174 -33.51185432  29.58157275
 -11.06094867  -4.22093507  -0.11709683][ 20.93498273 -34.82041658   3.84760316  13.96691623 -12.68843854
   3.50037361  -5.66538344  14.47183572 -24.89986778  26.44258429
 -19.53237086   4.88931691  -0.73253803][ 20.11295747 -39.68716583   1.48423944  14.55134707  -7.54680805
  -8.3539069   -4.86159522   7.70451474 -19.02583987  28.44932184
 -23.48749329  -1.67523961  -4.90537753][ 19.15825935 -20.15508565  17.6340032   29.84371906   6.50789517
  -2.83367588   3.17114456   3.38381302 -12.70266132  25.74785906
 -29.56039951 -14.86600361 -10.62238221][ 19.85589302   0.67741679   0.05833824  22.65567205 -10.81147513
 -33.97171763 -15.06741435 -22.07518375  -7.16013222  29.39695093
 -20.79001864   1.54732524  -8.03922375][ 20.4228799    9.30146576 -12.0526904   22.3533476  -10.16691429
 -37.70957379  -5.75121875 -39.65504313   5.81436719  19.46157378
 -11.32192419  -1.37344061  -8.80793649][ 21.00504622   9.91335815 -18.73653615  18.66134816 -14.18854337
 -43.6931886   -2.94254728 -41.59294124   2.28663715  17.62643556
 -16.25047003   0.15531233 -15.49210495][ 21.00884847  12.65420707 -21.10711295  19.16708897 -14.74984286
 -42.16338519   4.66076662 -35.35363951   5.76182372  24.87947448
 -14.30250416   3.81703399 -18.7620635 ][ 21.09450825   6.90470041 -19.9294959   11.41516466 -17.11542838
 -35.93372279  -8.98814017 -28.81552564   0.27139398   9.93312454
 -11.48532094  -6.80847039 -13.01219746][ 21.27433553  11.15537794 -21.52306811  17.72942587 -10.94493875
 -40.50556429   0.39153424 -27.57786595  16.55229611  18.42530854
  -6.33850995  -0.43620447 -11.46487798][ 21.01589217  11.93983966 -21.91523093  17.28564116  -9.74995912
 -47.92017777   1.41651038 -30.11448226  14.96489789  18.03841081
 -12.91020246   5.08087651 -15.55419182][ 21.06780271  10.02614711 -21.70550111  14.532149   -11.61896066
 -49.13606746  -4.22764984 -31.22136527   8.0854349   11.66282062
 -15.08541462  -2.21625304 -18.10569058][ 20.8547905    8.51457778 -16.8293824   20.75194645 -10.72821954
 -47.37899105 -12.20527773 -26.16671083  10.47358365  13.52651083
 -10.35311339   0.95160744 -11.7807469 ][ 20.67729986  12.45231833 -18.13335595  24.54050776  -4.62193829
 -52.62875243  -2.42945051 -32.06467212  10.49810897  14.72048421
 -17.32107361  11.7648345  -14.46754098][ 20.77682509   9.9274772  -17.51275208  27.20932629  -9.97963522
 -48.85917657 -10.91524655 -29.71804858   9.93450206   4.51349306
 -10.09514056   2.4042753   -4.93804252][ 20.49779744   8.10564243 -15.65422837  26.03546275  -9.82730958
 -46.42034543 -11.89859826 -30.31067113  -1.10234696  -2.79163519
 -14.01795834  -0.07107813  -2.11349314][ 20.37870778   7.29179372 -15.42985914  27.42905537  -9.36712806
 -46.38511789 -13.25172139 -33.92041932  -4.68800617  -8.63058945
 -17.57580323  -0.74603981  -3.43306814][ 20.06367254   6.46138454 -12.06534449  30.58497599  -8.331406
 -34.47715795  -7.92154387 -25.91588684  -6.20649353  -5.38508325
 -14.56697455   6.04189138  -0.7272619 ][ 19.4708013   -4.44580847  -3.01789442  30.68048586  -9.11090624
 -36.5900092  -25.41599375 -14.80220594 -23.21710418  -9.28519487
 -25.53615499   4.54235795 -10.29148454][ 19.63045292 -16.47749118   8.86822347  33.38893607  -4.06863228
 -31.81392547 -14.3618556   -7.90751964 -18.60266114  -7.07279003
 -12.65740223   3.23675581   0.58430943][ 19.91509582 -32.97656532  11.51804256  31.34823283  -9.68977867
 -12.23994089   2.59624474   7.6774808  -14.80547187   3.64174138
  -2.24582637   6.44482674   4.11826727][ 20.40432493 -46.69657227   3.82406339  23.31112162 -10.81784818
 -12.00024424   9.59096911   9.06812367 -12.71222316   7.74005764
  -1.47466459  15.60489123  -0.86204519][ 20.51612725 -39.77841053   4.65005347  21.36553471 -10.51975697
  -8.49424095   6.14781067   6.37050631 -10.02341309  11.72331751
  -6.74936599  11.5000623  -10.03383417][ 20.35343245 -46.35936296   4.16405897  26.2560649  -12.52102383
 -15.87929115   1.88457516   8.78529088 -13.81233028   3.1099608
 -11.13009249  17.66066398  -7.22653066][ 20.07294491 -43.97840884   1.11062364  24.35948273 -15.61196314
 -10.57847179   8.23479702   8.50341081 -13.7077402    8.70605247
  -8.25167326   7.80668153 -10.36625233][ 19.9739956  -41.48763603   4.74270306  25.87727638 -15.79559311
 -11.14398503  10.98925531  11.61433361 -12.65500426   7.4569608
  -4.75784056   7.66453536  -7.27324891][ 19.90673071 -45.64406385   1.0431764   20.61284141 -14.19426408
 -11.88258607   9.49297992  14.09541758 -12.45131466  11.0346014
  -5.16052236   6.15957723  -4.06823788][ 19.81287995 -36.62286951   1.73899794  16.12890298 -12.76288906
  -7.74599664   3.24570638  10.0887207  -17.62922667   6.47121712
  -2.86071329   3.17295574 -11.75720589][ 19.93710349 -53.93319877   1.00184784  28.58812118  -9.06536975
 -13.02619828   5.35234716  21.11762894 -20.29752986   6.16030455
 -10.20683676   6.51740759 -10.10664183][ 19.97935176 -49.94938289   5.96517992  25.97631596 -11.44760335
  -9.42119452   9.31249805  14.46037528 -26.24868864  12.46778999
 -15.76269726   8.43979888 -15.36870065][ 19.92185885 -40.81503281   8.11900594  17.38911665 -15.50052557
  -4.0588349    7.57521569   8.50669283 -20.10229724  18.83602671
 -13.00168945  12.32046932  -9.98018722][ 19.47663233 -36.15386245   7.15645942  10.46927393 -13.57486478
  -1.78735505   2.50877082   5.85459238 -16.87701966  13.50044911
 -16.3951635   12.28207081 -14.9850745 ][ 19.3251136  -35.8958313    7.14016685  10.00105504 -12.56621383
  -4.67149182   7.63613861   2.56318348 -19.36104867  16.35971973
 -17.66114434  12.46364438 -19.39523205][ 18.76156599 -46.47212277   8.66703079  20.99355203 -17.30743181
 -10.09953955   8.30327737   7.37482068 -18.21902369  15.43044564
 -15.99965534  13.89563035 -13.40387595][ 18.41589494 -51.16253508   7.86318207  20.67574319 -14.99080712
 -12.75081909   9.06855575  10.10104913 -15.39114448  11.82412111
  -9.76582439   9.87057186 -10.40903811][ 18.10002974 -57.33746306  -1.85622961  12.51291833 -11.90035063
 -10.84879156  10.22923246  10.46716799 -11.23634462  16.36233685
  -1.06285529   9.23496012  -5.37222024][ 18.3202962  -38.63126171   3.35621673  14.89914184 -12.11567016
 -11.55065884  12.93467151  -0.4630877  -18.21176108  13.45825495
 -10.05584451   2.53323183 -10.31559125][ 18.9923435  -47.15000135   4.89076923  25.76858843 -14.8474855
 -12.63973599  16.92810195   4.10037777 -16.33531459  15.9404048
 -10.72177918  13.58444331 -10.29037852][ 19.36322867 -37.07876815   2.32544701  20.33983053 -15.30622394
 -10.85975228  13.90514053   4.76192434 -19.47530217  18.12161708
 -11.98853253   8.43376008 -12.34745103][ 19.36386737 -44.39746818   1.75287332  27.26793148 -16.33290191
 -14.40673165  10.05099787   4.97941398 -26.08080397  11.75861919
  -4.62653206   9.13320748 -12.49548011][ 19.11244797 -42.18505453   0.89999237  30.34490077 -11.03575524
 -12.20441672  10.66868738  17.22626454 -23.49094807  12.95031235
  -2.39481089  11.39845026 -11.28182322][ 18.60146377 -34.80408805   1.38203992  23.63205608  -6.29912234
 -10.34295195   1.29029741  14.78341537 -16.81232249   9.53193987
  -5.20653036  15.52892086  -9.79855975][ 18.05218821 -30.53783881  -0.36148351  23.70167916   4.08567242
  -6.0276741   -2.24762947  18.78097441 -12.67901661  15.72888427
  -9.08701677   5.27982664  -8.25189329][ 17.62340034 -29.35924379   4.14406247  31.11430298   4.93380473
 -12.35038244 -14.45107955  13.51592424 -10.81907103  17.70540509
 -10.36508362   4.31175413  -6.25639845][ 16.62330073 -22.1063096    5.12017968  26.3608014   10.4039207
  -9.9377025  -17.34760791  11.33891241  -4.56657039   9.10096229
 -11.32524263  12.82199415  -4.89042921][ 15.27275539 -11.11974827   8.9473834   30.67787315   2.46485669
 -11.02122921  -1.83290072  19.65553502  -7.74810353  -6.11297251
 -16.57174557  16.82205718  -7.19390911][ 14.57848885  -4.09358769   4.90840984  26.81686115   2.45271581
  -8.73735389 -11.35240559  16.76748293  -6.58403631  -1.02286763
 -19.12210271  10.15369989  -6.16751468][ 13.90570017  -2.01812839   5.10450529  27.17303515  -1.93152598
 -14.79081675 -15.26234723   3.91690302  -5.04793716  -3.69047504
 -19.64791367   1.67167177 -10.54826843]