[ 16.27257241 -14.30414798  -6.75404662  14.93622318   5.51294891
  23.82531462  -3.37096204  10.32012523   1.28387919   9.2339178
   9.33648901  12.78451626  -4.40095592][ 17.68078249  -2.01555188  -0.45696442  33.66832677  16.87457273
  16.25568198 -18.58160923  11.44614107   4.76849705  -5.90936438
  -9.39150813  -1.97540818 -10.55704811][ 18.6138811    1.40861745  -0.80906381  40.1656182    4.75059182
  -7.55201642 -22.20573388   5.09727598  -6.60388517  -7.37814108
  -2.14092659   0.21884403  -4.65640092][ 19.76465882   3.41196437  -3.67054832  52.57050683 -10.13245056
 -32.75486661 -13.85284009  -7.3602173   -6.14331376  -6.61892821
  -7.82990872  12.61696946 -11.73793479][ 20.44095315   2.49746887  -9.61694422  47.70344047 -12.48300177
 -47.08028328  -6.75344374 -19.31761247  -3.12816136  -8.39720933
 -18.00864761  21.89486077 -21.45578397][ 21.28950064   1.4045404  -16.51824003  43.87323775 -16.6989337
 -48.05245122 -12.2848589  -21.99074703  -4.74980582  -2.95347933
 -18.40024702  22.0814011  -20.00454488][ 21.53694156   1.67460622 -19.13707399  43.81706025 -20.21587968
 -54.59737093 -10.70537476 -19.84957034  -2.31691095  -6.11120187
 -19.08412884  30.68332565 -23.60793137][ 22.05669564  -2.54578495 -15.62054839  33.1974473  -17.53468398
 -52.58954598 -10.27066487 -14.63264818  -1.75422731  -3.57255866
  -9.71830117  19.36005312 -14.45724077][ 22.10718231  -2.36262023 -18.37071479  30.6298379  -19.4343891
 -45.92965871  -9.56334057 -11.00767598  -3.10816882  -0.43039571
 -11.11883115  20.75375732 -18.60035571][ 22.28473639  -1.8971135  -20.95594926  31.81295657 -20.61973753
 -61.12127941  -5.77572557 -21.36295315  -2.56608397 -10.86626769
 -26.78627379  17.12263901 -31.19621609][ 22.26393236  -2.87151435 -19.53430104  29.58544727 -16.28130939
 -49.6681848   -1.85555256 -13.87012294  -2.13147536  -5.68467487
 -15.42233452  11.37330696 -19.22284161][ 22.12400887  -5.1142477  -15.73250608  28.05697971 -16.14582723
 -47.57460991  -9.92334243 -13.96217221  -5.25603023  -9.63960512
 -21.51663624   2.34195449 -17.072227  ][ 22.04431701   0.07182898 -18.38215819  33.92569333 -12.79589892
 -45.26885561   3.56324762 -14.6738099   -1.06898436  -4.70368637
 -19.82446872  18.19257143 -19.34212771][ 21.49330634   1.4938077  -18.74252018  36.62210488 -14.20296948
 -43.63713896  -0.71625834 -16.20911375  -9.96038184 -10.61167626
 -23.9553362   15.10618017 -18.56410226][ 21.08380272   2.99883854 -16.10508063  38.55364217 -15.98558648
 -36.7575304   -0.72018084 -12.5794451  -15.63433818 -10.18111112
 -23.99633708  16.85934191 -13.91294718][ 19.79096484   4.98282808 -13.98998898  34.53602303  -7.42955237
 -34.18095836   3.41435    -23.63891814 -16.23587536 -14.18638407
 -29.61001243   7.92957516 -20.92080415][ 18.96048787  12.77196699  -8.4039974   23.96658288  -1.77597581
 -29.31444613  -5.88424268 -15.73732918 -26.97650764  -8.52868271
 -24.11122852   9.4571813  -27.67902465][ 18.87136258  16.46210485  -8.28514149  17.92768077  11.54122381
 -33.40836517  -4.80429848  -5.86797699 -34.50609831  -2.26141686
 -27.63649402   5.82798665 -17.83650072][ 18.74009102  16.27076673  -6.62977891  16.38390288  10.90838603
 -24.88639538  -5.3669751   -6.85944011 -29.17323025  -6.38880246
 -24.41697186  -0.07456548 -12.1572175 ][ 18.77530788  16.85586492  -7.53252087  11.72815902   8.6511151
 -35.27331844  -9.8640084  -12.38715195 -29.89854131  -6.29627418
 -32.96544371  -1.73193321 -11.90603345][ 18.55179858  16.80301542  -6.09124257  11.82628502  12.76656762
 -31.52352974  -7.9564675  -11.03635994 -32.04217474  -5.8238941
 -34.88843711   1.99121897 -11.39131472][ 18.59448069  19.92654951  -2.76064051  10.74036484  20.38663131
 -30.5537119  -10.33691928  -6.64685077 -30.48060325  -5.93974074
 -29.01917474   4.77286162  -9.09080844][ 18.37280164  17.2749932   -1.53848836   9.04310088  13.8786596
 -32.00803886 -17.57290731  -9.37122204 -25.51463006 -20.18303275
 -26.30434529   0.86728605 -12.99633991][ 18.19758604  16.77558512   2.62880244  10.74183873  15.57912108
 -24.31868127 -14.39973103 -14.44562055 -18.9984058  -26.47488732
 -30.30596015   2.60412911 -15.11574389][ 17.71448881  16.36646022  11.92246343  12.41495243  16.08045624
 -24.61880798 -10.90949525 -11.01572418  -5.57711184 -27.94837403
 -23.75768498   6.14827677  -9.25654607][ 1.64443213e+01  1.37337936e+01  1.56057093e+01  9.84683676e-03
 -2.43660071e+00 -2.52942181e+01 -4.75912391e+00 -9.68900261e+00
 -1.25132017e+01 -2.15313525e+01 -1.59880501e+01 -3.81187171e+00
 -1.76198761e+01][ 16.47956712 -11.79104155   8.63919971  30.32971184 -21.1204738
   8.67472631  -5.99937888 -12.15388172  -3.28017048 -14.42388813
 -18.1768069   -1.87660662 -11.73832363][ 16.52955909 -26.54536184  -3.82815238  23.58417605 -25.85645526
   1.82050166 -19.26154042 -26.01358072  -8.33941217 -11.6222317
 -15.14606911   0.39634374  -9.77062064][ 17.15792911 -33.63733458   8.03090812  17.97885663 -21.19783353
   4.471056    -8.37256312 -10.55531478  -4.00322136  -8.10929573
  -6.09966422   3.977045    -5.3336947 ][ 18.61770299 -35.15232691  12.65723533   5.89665395 -18.84963673
   7.37941966   0.45596813  -9.89004391   1.70592355  -5.24581315
   0.27359768   0.42418785  -4.06376579][ 19.81319621 -48.41796853  14.72204671  19.42124035 -22.6463211
   0.29848234   1.56651811  -8.45352784  -7.91009034  -6.89590509
  -2.91884008  -4.4042541   -1.81822938][ 20.42124588 -48.52491488  11.40448094  24.39945526 -20.52091756
  -4.9636176   12.08913465   0.30549665 -13.05403997  -4.74172751
   4.553043     1.75755746  -7.75609787][ 20.85084123 -48.94397302   7.39523666  22.95830371 -20.25434021
  -6.38454833  12.19668741   3.77581918 -15.2765068    0.58808264
  -0.46946386  -2.63165561 -11.47259652][ 20.84095164 -42.21172598   5.15104167  18.19648942 -18.86219768
  -4.49751797   6.17351071   3.0994736  -13.52387706   5.85397301
  -0.69890112  -1.6866483   -7.9612788 ][ 20.60996642 -48.0740836    6.75203998  21.09600824 -17.3718288
 -11.85406401   6.08427495   7.3552614  -18.57537235   4.84333166
  -4.18891662   1.85240916  -7.47747067][ 20.56632759 -45.97285271   5.26072538  18.70563255 -15.98042995
  -4.92950289   2.56148361   5.56928545 -14.4722231    2.89546324
  -5.99362666   3.62557038  -9.11368161][ 20.27168462 -57.37911469   2.31804389  23.33340721 -21.04996084
  -9.49106784   5.42411229  14.71833287  -9.73563019   0.12107584
  -4.68384369   6.52352731  -6.99249076][ 19.95422473 -36.9957252    2.92989866  18.02668379 -22.25381415
  -4.6910925    2.53117576   6.87643066 -16.61808969   4.32283798
  -3.74584698   1.01905213 -13.17436934][ 19.60343817 -37.9070657    2.91533084  20.76138922 -18.12714519
  -2.51414655   1.05742299   6.8221525  -17.0627248    3.26427215
  -5.12656364   6.96139705 -13.53545362][ 18.82362342 -36.81605158  -0.4086723   20.26711082 -14.15431859
  -2.45381693 -10.26405402  10.76555742  -1.09659789   0.5837047
  -8.84061016   5.42230947  -4.06729499][ 17.93138539 -37.43367922  -2.61053387  24.74905421  -8.22311114
 -10.55763364 -17.6912495   11.58064764  -2.75265614  -7.802765
  -5.27542593   7.2895222  -20.36366311][ 17.35288388 -34.94448818  -4.88619955  32.46058959   1.73187629
   0.35470286  -5.21229227  21.71571227   7.99197748   1.4247088
  -0.11704277  15.71810063 -10.9936011 ][ 16.60348261 -23.06935383   8.12661321  34.7425555   -1.95379864
   4.97947844   5.70418255  16.83370961  17.39496324   7.85345771
   0.71601998  23.40497021  -4.96750679][ 16.25201875 -17.44553503   6.74941027  36.54241141  -0.52309187
  -0.43715272  -0.41876405  15.1549161   17.01359097   1.69916106
  -0.24035491  21.98502482  -5.46885869][ 15.70922213 -13.09227376   7.13761962  36.96892153   6.08752867
  -0.30233743   0.98461869  17.27938032   8.2737595   -1.76533966
  -9.43179489  15.0762197   -4.01819446][ 14.8626002  -11.09310184  10.56954629  28.45196638  -1.64285228
   9.62790616  -0.72852942  -3.95694422   9.14849567   9.70801111
 -11.61952503   9.35819231   1.41365361]