[ 14.05890785  -0.44249627 -10.16202505  25.69785916   2.17094713
 -11.44014411 -21.52642753 -37.15970087   2.53377804 -19.30224014
  -1.72699214 -17.93809915 -10.54250072][ 14.53240472   1.50394457 -12.17959877  26.86586183   4.95455687
  -9.68885289 -17.62820504 -32.72041135   9.88586086 -17.47347543
  -4.35313066 -21.77796859  -9.58352021][ 15.02424616  -2.51069594   0.07027981  24.62813248   3.20717692
  -0.19881588 -33.50748929 -15.93714351  -6.78726629  -8.96546974
  -8.88119766 -26.09195209  -4.0770356 ][ 15.3041993  -10.24424939  21.22803346  19.54334682  -4.58178287
   7.48700325 -44.40508546  -0.36056743 -23.73677825 -18.27464552
  -3.88227118 -16.51182565  -9.96544473][ 16.44979927 -18.48175365  28.34191316  22.3039827    0.67886131
   8.07035083 -42.97493907   2.19573219 -24.76612088  -9.23078442
   0.59784852 -11.76072288  -2.47009288][ 16.83256406 -24.07078668  25.38847758  14.14781674   6.27548832
  19.6506538  -32.5789629    7.37154768 -22.17690482 -10.78735853
 -12.36676694 -12.22320048  -1.24416813][ 16.70637742 -20.0787802   24.47414782  12.30609588   8.35076895
  16.27020982 -34.88516536   3.5938046  -16.8794594   -0.51491738
  -4.92475368  -8.80280791   0.24109097][ 16.41632093 -15.38236876  21.55648911   8.10555241   7.10125265
  15.49553759 -28.04144372   0.89124267 -10.02790207   0.88074324
  -6.32950865 -13.96687395  -1.72657863][ 16.53128505 -17.44283718  20.02907007  14.64353005  13.08262601
  15.86670949 -31.9885469   -4.19497547 -15.56873639   2.69531667
  -0.96559121  -9.58130918  -0.16157354][ 16.79749309 -18.23868856  21.26370589  15.61950698  11.50340672
  18.20881403 -33.37231378  -0.58196461 -18.31471709  -1.02801494
  -1.81717273 -18.69223736   0.47933284][ 17.03456951 -15.48155712  21.62017356   8.74604759   2.41815166
  16.31014152 -31.52699503  -1.56571168 -18.86846981  -0.12821686
  -3.05372626 -24.93718666   0.36786061][ 17.47505284 -13.38158138  19.16622836  14.09943794   3.59585502
   6.87821934 -42.70469445   2.66426214 -14.27212268   2.37471354
  -4.48365566 -24.55004591   1.63591101][ 17.56148345  -8.39910669  13.15169487  14.52517596   4.42073874
   2.09400707 -48.20225233  -5.71112319 -16.39701902   5.8606106
  -5.64411307 -21.64675489   8.20824719][ 17.71671314  -0.60637434   4.70620929  18.19663563   4.3701749
  -5.40326034 -41.61609577 -12.63334776 -12.61013331   9.59356676
   0.04967943 -18.4053239   15.33198405][ 18.46062454   6.23972954  -3.60843317  22.31161804   2.50019197
 -16.52267641 -24.58356356 -12.310034    -9.20097752  14.59643421
  -0.82971843 -14.56472785  13.11138395][ 19.35757724   7.72099346 -11.81261396  19.75498788  -2.63392462
 -33.55138384 -19.19848425 -18.1839643   -3.22560279  14.25310131
 -16.36674565 -11.61049119  -6.56953239][ 20.16091515   7.85447782 -16.63168663  15.17868119  -4.46957823
 -33.30997515 -17.92658276 -19.41869732  15.26973323   8.35417319
  -6.22736737  -9.05408728  -3.80708445][ 20.51046831   7.17318353 -19.55023008  13.70103412  -7.25776213
 -35.73873101 -20.81408986 -18.05001071  19.52140946   7.88373629
  -7.55254864 -13.58617486  -8.15576592][ 20.74421634   8.04246308 -20.96432908   8.72509648  -8.08599217
 -31.38085232 -18.07651656 -19.42743579  23.58690814   5.67686326
  -3.23350252 -12.17733526 -10.1685407 ][ 21.01496343   8.25255399 -20.85112795   5.35431899  -8.81753987
 -23.77209548 -15.05424841 -13.02734935  21.42438132   7.85433175
  -3.39367968  -9.48044713  -9.55884999][ 20.86537699   8.71539258 -26.05366738   3.64526948 -15.91791089
 -24.4280734  -15.99426628 -17.34590806  16.25429048   2.83552248
  -5.23731115 -17.26160578 -10.9274979 ][ 20.73229181  10.34350216 -25.54266226   6.62679943 -15.13864649
 -20.62153228 -11.58216048 -16.27733669  18.19998389   9.19447531
  -1.05303758 -10.2629535   -9.57695286][ 20.57079061  10.2584201  -24.20589029   8.9664559  -12.55652448
 -23.99805938  -8.18154164 -18.83546114  14.8892255   14.32154583
  -4.87212941  -7.0678001  -14.09041922][ 20.49747804   9.9509523  -25.56301045   6.26793613 -15.1749919
 -28.33025787 -12.07046728 -24.410961    14.19325212  14.31113239
 -12.05607379  -9.06887017 -17.31538689][ 20.40524624  10.1866246  -23.02698292   8.55172046 -13.26716636
 -24.07331137 -13.49847339 -26.05347696  15.80632933  15.34320762
  -5.95821001  -4.06115552  -8.21084559][ 20.00518566  11.44956883 -22.50976772  12.34052273 -11.04751441
 -20.88121983 -14.99549166 -25.52901973  15.13640975  19.88973502
  -5.23536151   0.12330208  -1.6183259 ][ 19.30452591  11.27809307 -20.71444782  10.61677592 -10.28852163
 -18.45602279 -16.14500597 -31.24697279   9.20681523  15.30345976
  -9.98060997   0.43752641   3.12325109][ 17.41993291  15.19079491 -20.81031148  21.74463016   3.4676732
 -13.3700444  -15.36650451 -28.90942016   9.99291498  29.81193778
 -27.81961152   8.93506751  -0.21145509][ 17.24115658  11.93644195 -16.56525312  17.14928155  -3.9393017
 -13.44188324 -20.34200665 -40.8294109    6.88992743  29.41613257
 -27.58328079   6.60883552  -0.94373779][ 18.81603474  15.57286969 -23.0731255   19.26592951 -10.83739573
 -22.40644617 -16.38650598 -41.58982084  17.98698452  34.83359019
 -21.57315844   9.82612938 -10.82969901][ 19.31074017  18.08559577 -27.21781728  19.30461824 -12.50183117
 -24.00283676  -7.36839882 -42.46273321  21.05388348  31.92829288
 -16.42728755  10.20969058 -21.93546721][ 19.30512662  12.85221819 -18.42313717  13.14613672 -14.86877789
 -14.42998143  -7.7522302  -32.67803814  19.69208001  28.89761201
  -1.67088447   6.85058891 -24.18893457][ 18.95241228  17.59014538 -21.82508757  10.27813768 -18.60583704
 -15.45301299   4.06255186 -34.75064677  15.3145243   21.79561234
  -0.81435764  14.27179884 -40.53846568][ 18.72836315  14.60896481 -15.3345753    4.3616618  -18.9156494
 -10.17343639   1.45830995 -27.55594991  10.30019317  16.45784302
   3.08343104  15.01786763 -32.41752763][ 18.46072327  18.76143989 -16.1878599    2.13542733 -17.74985455
 -15.42677273   9.97887049 -20.88692078   0.86962942  15.13363224
   0.29329983  22.0997173  -31.07671484][ 18.13009893  18.55253169 -13.68738902   0.40985071 -22.86935339
  -9.28740787  11.79947295 -14.46386985  -0.76461264   5.9890284
  -1.4424711   24.09805708 -32.04394697][ 1.76889732e+01  1.85209013e+01 -1.06290752e+01  3.99214385e-01
 -3.02544302e+01 -1.47921990e+00  2.22524364e+01 -9.27234378e+00
 -2.81750746e-02 -2.22216092e+00 -3.98618996e+00  2.09941342e+01
 -2.41313458e+01][ 17.40648338  20.81494509 -13.27493544   2.36541516 -30.15494121
   0.88472817  24.71356179  -4.06587534   3.1739642   -4.1419429
 -11.33383515  24.30213303 -21.37584651][ 16.86915591  19.15320766 -11.26302953  -1.81575397 -20.94195562
  -0.10159642  21.24637149   6.32239551   2.16857312  -3.84446303
 -10.21526395  20.80539488 -19.38589617][ 15.98515764  15.29368755 -10.18267281  -3.74413491 -12.38570809
   4.38142366  17.84174627  15.86671557   7.83109607  -3.3570513
  -1.24301812  22.64986403 -17.97240842][ 14.43260224  18.32050793  -3.53822076  -6.01115827  -8.12712628
  28.26590604  19.96865865  10.14285548  18.32372599  -3.89978794
  -3.71361172  -0.54872981 -11.42942997][ 13.17225949  15.677769     1.50095162   2.66778235   1.76234322
  21.82650104  25.65180291  16.43003849  11.25369944 -14.10791081
  -8.46214193   9.84697614   6.8305012 ][ 12.06920521  12.85924837   2.09735782   4.38168996  -0.22747196
  14.7516356   15.90060772   6.58689046  21.4396708   -6.11106103
 -11.23208681   1.68280382  -2.56086396][ 11.12751864   8.63784958  -0.78222926   2.39331137  -2.55611842
  10.81566956   9.04601192   3.0623805   17.50852918  -9.98400939
 -15.91646812   4.89313597  -8.98286887]