[ 14.05295802 -22.72210037 -13.45491688  26.69597026  -0.05265048
 -13.32663206   1.15360754  20.40515382 -13.05572389  -1.6738742
  10.40775503   0.13051807  -2.92016904][ 16.88543693 -36.32852185 -21.38907847  39.34125213   1.82186281
  -7.05432099   1.54518732  20.86285538 -25.80258302   5.15219355
   1.75198946  -9.71264637  -8.13797137][ 1.78129313e+01 -3.38765473e+01 -1.44327142e+01  3.84163381e+01
 -1.50762000e+01 -6.90781931e+00 -5.54942644e-03  1.72467457e+01
 -2.17212602e+01  9.47036735e+00  4.13507816e+00 -4.83175229e+00
  3.18141970e+00][ 18.42138476 -28.47615934 -13.21978411  30.05140199 -19.5615301
  -1.28086344   0.54455001  12.4892772  -21.40811794   7.16896864
   1.38044314  -3.65142358  -4.40557783][ 19.01009824 -38.7883465  -14.36480998  36.82310346 -13.1984597
  -4.98860255  -1.31502841  19.30286436 -22.97652966   5.52163601
   2.27044758   1.91537952  -8.24673431][ 19.34400113 -39.62471189 -15.11688575  32.84743442 -12.5117843
  -3.26602166  -1.45232997  20.07542233 -16.16571225   9.4593495
   2.91440618   0.84564828  -2.78962983][ 19.66844459 -50.26667607 -17.44617519  40.93373111  -7.68695514
  -2.82624836  -1.61267417  24.74822833 -19.84111939   9.00869716
   7.42945632   9.33873676  -3.11712228][ 20.08474869 -41.71554085 -12.87657155  35.04791081 -15.22455289
  -3.20981428  -4.7250937   21.88579603 -16.66204666   8.91759455
   3.22299476   2.60333764  -5.07633008][ 2.04155888e+01 -2.99293284e+01 -1.16071756e+01  2.87872334e+01
 -1.76170417e+01 -8.03016338e-01 -3.85551858e+00  1.98685066e+01
 -2.04545222e+01  7.82459547e+00 -8.30160413e-01  2.93807974e-03
 -5.43032027e+00][ 20.74105522 -37.1928722   -8.87968101  32.20418579 -17.91002671
  -7.61771111  -5.36966072  20.27678858 -21.2408968    4.05559851
  -0.30286016  -1.93823933  -3.88860561][ 21.01652598 -38.09388095 -11.17666548  31.63474381 -16.33584996
  -4.98356952  -2.08823211  16.89076575 -19.94357282   6.11056454
  -3.55060396  -3.18323651  -4.76377138][ 21.08599508 -32.88312026 -10.0143331   29.59795982 -14.80780336
  -3.84709051  -1.4773666   16.04421326 -21.76455246   9.28859675
   1.17769696  -0.93085453  -3.26966283][ 21.44740132 -40.08072462 -13.13997705  33.96625983 -14.5581742
  -5.52202449   0.67073866  19.54702054 -20.44318807  10.15170619
   1.24446497  -0.88954327   1.47114553][ 21.49847535 -41.37088892 -12.83223111  33.26256467 -18.67910396
  -8.44656061  -0.84419674  16.68096389 -24.54123624   8.38044185
  -6.72689346  -0.95585778  -4.29400385][ 21.34672734 -48.38032688 -19.3737766   29.32706277 -13.08157576
  -6.77621491   1.0189908   12.50670791 -19.84452505   8.86743948
  -7.84153419   2.0757562   -1.92790923][ 21.10253328 -46.9822918  -17.08281648  33.42725435  -6.87291132
 -10.3878503   -0.17842928   9.32919713 -18.93417752  11.40191059
   1.77973241   8.03556276  -0.21438204][ 20.86270042 -39.81597903 -15.6704887   34.34923796 -10.0887103
 -12.54557245  -1.08827547   7.62585869 -19.14850644   7.52809122
  -2.51778077   2.78616521  -3.41316186][ 19.87933386 -22.25769084 -14.51865672  24.27409842  -8.82201158
  -5.27411846   1.48128363   7.42145996 -11.68806932   0.44570456
  -0.74969679   0.69821133  -8.54691672][ 19.01764936 -18.61847253  -2.90397573  33.46884103  -9.28222846
 -17.44032924 -17.47404975   0.85967838 -17.14147446  -7.27909323
  -7.18515571  -3.52499254 -13.29534784][ 18.96878395  -0.7466678   -4.32082599  24.69598902  -8.45454738
 -12.28949039 -13.0871252   -3.77059795 -22.53515668  -7.65200145
 -12.59097356   6.89358614  -4.73507603][ 20.27744064   1.00905223  -4.76284879  42.21929295  -3.99409938
 -38.47035746 -25.26252645 -16.92853756  -2.67839346  -8.06331121
 -13.29503652  16.67675322   1.16792281][ 21.02509653  -0.24433724 -16.79880528  26.76624952 -13.93028557
 -45.72713294 -26.55623163 -28.71271815 -13.25596525 -18.08052627
 -23.73635841  10.95382836 -12.09691266][ 21.22192793   2.26091707 -17.0525204   30.40571165 -12.2659764
 -44.11506901 -22.13024858 -21.8634712   -5.50507983  -9.64359036
 -18.82791525  22.9982446   -6.66649695][ 21.31910371   3.68769287 -19.14584169  29.15602454 -10.46301322
 -43.21538079 -22.6672238  -16.41051792  -0.90582973   1.90316105
 -31.31024607  23.72489163 -16.20850253][ 21.3576895   -0.96922706 -20.15807359  16.58689197 -10.93334288
 -33.36174692 -19.93149075 -12.39774788   3.42485599  -5.23170377
 -20.24400086  13.39572744 -12.6109985 ][ 21.30742621   1.56359051 -21.65418441  17.91190762  -6.47650921
 -37.83688531 -15.32436491  -3.81847804  17.25632785   5.52238351
 -22.67146191  19.61804062 -17.75063423][ 21.19133306   0.43546946 -22.99421625  12.00379074  -8.15448073
 -36.12309258 -15.21058881 -13.65796896  12.5232189   -5.96867138
 -24.20518893   7.69503096 -23.99003756][ 21.20013081   0.09540199 -22.53246696  13.22617827  -6.45765403
 -35.87573656 -16.44030911 -13.45678658  15.87708412   0.82977669
 -19.82908595  18.30579034 -17.72189472][ 21.07901627  -0.18173183 -21.64165567  13.68581061  -4.99063977
 -29.90386822 -22.04829543 -15.52833744   7.59275163   1.91039616
 -18.27857355  19.55696966 -15.16247008][ 20.94416052   0.2637374  -21.09191085  13.44426606  -5.39732632
 -27.65801418 -22.2821235   -8.82076911   8.68067211   5.71341729
 -17.05762196  19.07404728 -13.65377946][ 20.59792127  -2.22825315 -20.81719352   8.84827812  -9.54340975
 -29.54460152 -29.90204999 -19.10612916  -4.97878457   4.00348002
 -22.04189949   8.26973763 -25.28969162][ 20.30031781  -0.18891892 -15.49458945  14.65547939  -2.85096237
 -22.5546025  -26.17924976 -11.66253598   4.17922616  16.64000013
 -17.59622921  11.08049371 -24.28855735][ 19.5088183   -2.16677862 -17.02115543   9.75216576  -7.58157345
 -22.06631794 -34.60491651 -28.83144774 -16.57083081   6.88059616
 -29.49061015   0.04193841 -36.58430604][ 18.84423659   2.86401427 -11.53274496   8.09818715  -3.37327326
 -19.49112211 -27.34523981 -17.45823371  -5.63393872  17.50064689
 -15.96453341  10.39473338 -31.13611529][ 17.284188     9.79061233  -7.08186101   9.08008412  -7.12882916
 -19.54217664 -27.7114821   -1.3515428   -1.55750348   7.90591002
 -14.13645528   9.61423251 -26.21229952][ 16.48044481  14.46326404  -9.98839707   5.1587628   -5.48898428
 -19.13790934 -20.81734642  -5.04963374   8.93132277  15.68479919
 -18.85725005   2.31472188 -33.53195994][ 15.70529671  14.69454941 -10.05071353   3.49067566  -5.95201042
 -12.47788368 -14.24331289  -6.96081698   5.6058243    5.59357299
 -17.01965969   1.26857748 -28.14675382][ 15.10508406  15.28806614  -7.91498871   9.17162612  -0.06641161
 -11.22248774 -15.49893978 -16.03129967  -2.375097    -1.26039409
 -14.7440056    4.87413191 -26.67798266][ 14.95907318  17.01760858  -2.08016656  13.30187685   7.12419048
  -8.0249102  -10.283971   -14.1046405  -15.21576427   1.44003795
  -4.11290737  -2.86362407 -18.88805647][ 15.06234651  19.80849799   2.94118471  10.60507483   5.56649194
  -8.0507407  -12.15496745 -14.79118869 -10.61624702   2.08536293
  -5.29979309  -0.99684395 -19.65109236][ 14.89281072  19.17890717   8.64074095   7.77435671  -0.56044212
  -4.25047105 -12.26709913 -19.75898997 -11.0781615   -0.89184846
  -7.02746457  -7.53458845 -14.49055216][ 15.91753778   2.44520572   2.67267068  16.98856638  -5.90842355
   0.40665663 -30.99390277  -6.27091842  -6.65554283  -7.25136746
 -16.18497263  -2.29836533 -19.98562848][ 17.64356974   4.92744642  -1.82985131  14.25919477 -13.08200521
  -4.66571046 -38.6360495  -21.81583844  -7.25562709  14.80109471
 -14.47552269  13.30144049 -19.84991307][ 18.69409188   4.95376282  -4.4020091   12.99618989 -16.2889222
 -14.79948236 -33.31112292 -29.64374854  -4.25956564  19.5718354
  -8.2904517    9.48716966 -22.32324782][ 19.0711654    5.62199963  -8.54363195  11.60432723 -18.65858027
 -18.62927714 -27.94672907 -30.50342723  -0.06299259  22.1815477
 -10.47412718  13.13901102 -27.74458717][ 19.31106689   5.82524272 -11.64264095  12.09885016 -22.07385953
 -21.4252728  -24.36826178 -25.0674425    8.25599457  21.13262677
  -9.63065797  15.13190525 -27.05234015][ 19.32577008   4.68361862 -14.94022913   9.92641955 -25.13419206
 -25.50057239 -19.86103318 -19.05363068  16.52702481  19.65311339
 -12.39698058  11.33515827 -30.17314125][ 19.20128647   6.03020259 -14.06265047  12.97671732 -24.60540759
 -20.38412059 -23.47023056 -11.55266238  19.31067356  20.1771964
 -12.24846062  10.88890391 -29.40105751][ 18.91492503   7.10310292 -15.40424185  12.88001234 -19.56316772
 -21.4357136  -16.28000816  -9.92934681  18.16702125  17.32978943
 -15.00906119  11.47168778 -28.87868025][ 18.45441652   4.31848515 -13.34195765   8.24663761 -14.58552274
 -20.91574885 -14.86868496  -9.2796514   17.15288361  10.57825772
 -14.7467123    1.84465601 -25.23688418][ 18.25388239   7.27618776 -20.03097483  11.32556324 -13.40326977
 -15.83648685 -11.07391168 -11.49033113  14.48741677   9.28703411
 -15.84967822   5.33527864 -31.93238884][ 17.95535976   9.50785268 -20.97824986  11.5261494   -8.51024803
 -15.53532926  -6.85616442 -16.57950309  17.30042134   8.79090345
 -14.26022132   4.63204474 -28.65555404][ 17.49896923  12.10096356 -22.54513728  17.67143175  -6.22628735
 -17.82722221  -8.01166297 -23.64886853  18.91395079   9.17443218
 -11.91509278   3.47024136 -27.13839863][ 16.77584569  15.01108015 -16.90595841  11.51370246  -8.06180303
 -18.63173003  -5.41319566 -24.18127404  11.06695938   3.06124349
  -6.96581677  12.30057117 -32.60337509][ 16.20493627  21.27828713 -11.68605455  14.90832431  -5.2247187
 -22.2248261   -6.49565851 -16.46993749   2.60833684  -5.25148384
  -3.6561041   10.23385144 -32.4388636 ][ 16.05005494  19.91890632  -9.13641875  16.7918318   -0.7651943
 -21.75877551  -9.2883088  -12.37345495   1.27622408  -4.76828069
  -2.64008032   0.52873019 -38.86228237][ 15.89090727  20.09478037  -7.18406039  18.16710017   1.44263603
 -18.53813623  -2.8228836  -14.77114021  -4.81725192 -10.48469961
  -1.42969369   9.25080353 -37.88864794][ 15.64500401  18.45018776  -6.63792387  21.59578684   8.52565364
 -17.15029912  -5.63543538 -20.00067688  -4.76758952 -11.10260458
   0.31203476   7.82126121 -35.2033261 ][ 15.40599857  17.21158797  -6.09487001  22.31036992  10.04275872
 -12.4541283   -7.90298654 -20.41629326  -4.19189519 -10.74834123
   1.13273783   8.38327821 -26.69031862][ 15.24173738  16.84643399  -4.20485714  19.34071066   7.22829026
 -14.8866425   -1.69406088 -18.55738682  -8.08415528 -11.38517306
   8.58252757   9.87203532 -25.67627164][ 15.09184851  17.17173758  -5.34151354  18.98427281   9.12807619
 -14.31177681  -3.71542826 -20.25118131 -18.41243078  -7.41104063
   7.06552547  13.01261297 -23.33069094][ 14.96656111  16.63474076  -3.32422497  17.5938528   11.16013398
 -11.8538329   -9.68881309 -15.71351128 -21.58384391  -7.96460827
   7.00265747   9.05766911 -16.07124878][ 14.70418609  16.07374785   2.03098595  16.70664772  12.11024041
  -9.22524139 -14.13029408 -15.31062655 -23.30528145 -10.27254429
  10.23757513   7.09223664 -12.30606199][ 14.1873218   16.58671792  11.99579544  12.64293517   8.83570369
  -6.31496336 -15.39940184 -14.93886431 -18.84363129  -6.1124684
   6.99168729  10.02834527  -5.5864271 ][ 13.32277335  12.77153432  10.06339403   8.01080624   5.81650887
  -8.76540375 -21.21698029 -21.23754263 -15.18993418  -2.8928501
   2.38046152   0.2353858  -11.45312288][ 12.19961283   8.870206     5.14275562   7.43594571   5.65923548
  -0.65345197  -8.25991568 -17.82909875  -7.24063635  -4.96928696
  -3.00711365  -3.12512983 -12.0274492 ]