[ 14.26167066   5.06850893  10.90127209  17.07272436  -8.29420549
   0.50047532 -30.50652243 -36.38124463  -6.10850368 -11.71626254
   2.82583736 -25.17887521  -3.74220502][ 14.5489825    5.9180892   13.22188706  22.23936325  -0.42917055
   6.01057177 -28.52372815 -32.01961821 -10.31105471  -9.80088793
   4.30573599 -22.80722067  -8.86994956][ 15.18814423   3.42201408  16.22768417  12.28084344 -12.15385745
   6.95450577 -28.03682794 -25.32052418 -14.07791665  -9.4171202
  -5.70625838 -23.10438171 -13.68187261][ 16.93917871  -9.9261892   30.68358395  15.49970482 -11.62246047
  27.92487024 -44.20246707 -11.54444876 -18.94412476 -12.22698417
  -6.71954735 -20.94291937  -7.08608703][ 17.64565605  -9.78045463  30.15704881  13.3733205   -7.33591
  23.11257165 -38.92487151 -16.65247949 -15.85203531  -4.29449192
   6.94161837  -4.79344433  -3.33740174][ 18.03378064 -12.64571605  28.21046667   3.03075394  -8.85564549
  19.48492698 -42.65742503 -23.95808816 -24.76021109  -5.08768207
   0.11936189 -19.79343999 -13.36304868][ 17.68995064  -9.21729635  27.4947041   -0.82983122  -3.49091376
  16.36976733 -34.99710658 -13.68850919 -23.23736587   1.01729422
   2.76797849 -11.74918475  -7.01823119][ 17.60930015 -17.39807488  32.17349114   2.6677671    4.62704707
  27.7589977  -34.93807245  -7.2317982   -8.95109773  -4.70037263
  -3.16073815  -8.65308395  -8.03565579][ 17.42434664 -19.74540174  35.06445267   4.31772824  -2.01530653
  23.05893688 -28.97784131 -13.96796365 -16.67637837 -13.07625432
 -13.97234895 -14.3868632   -7.4248464 ][ 17.74341536 -24.1639054   36.58826472   5.98389829   3.46719609
  23.23240259 -30.03364434 -10.35241577 -22.04910139 -14.02247263
  -5.53410298  -8.83858957  -8.19835574][ 18.25659029 -28.29633217  34.92745412   3.68752195   3.9225647
  17.10750953 -30.67677218  -5.02779719 -16.56930735 -10.07550597
   0.86772061  -2.34817326  -7.48041025][ 18.54131031 -29.88892569  32.34085291   1.17419499   3.32971549
  15.63805817 -23.6368742    1.70848615 -15.05173514  -7.60985069
  -1.57284335  -5.69783289  -8.3092176 ][ 18.54379309 -26.0400402   33.27618514   7.68074285  13.34548637
  16.08647233 -25.39354945   2.75194719 -19.59248373 -15.02600207
  -7.22059709 -15.30322143  -5.50748362][ 1.84501511e+01 -1.30124128e+01  2.78701923e+01 -1.18652499e-02
  2.14113314e+00  3.00741484e+00 -3.07385437e+01  3.61719469e+00
 -7.55320511e+00  4.13012423e+00 -8.73398908e+00 -1.93138835e+01
 -5.93805304e+00][ 18.29783278  -1.86202728  18.32243749   1.76984333   4.19583884
  -3.64401873 -35.7405975   -8.35756081 -23.06919104  14.60055358
   6.07603029 -23.00960021  -6.55275312][ 19.07669329   2.90460545  -0.50620914   4.34866657  -0.78997623
  -6.1339793  -27.08548208 -10.88043493 -19.26185249   2.91614782
  -0.91302254 -10.62225931  -3.61555492][ 20.088559     2.46110651  -2.41083341   8.86538169  -0.98223727
 -14.91564479 -38.07186604 -17.51553592 -19.13663116  22.36996282
  -5.83352642  -6.23315196 -13.72379517][ 20.57320059   4.22919874  -3.64534772  11.81321817  -3.28455867
 -13.90986657 -32.52081351 -12.71437386 -14.48774312  29.06020692
  -5.95410712  -4.24234142 -16.77165132][ 21.08344166  -0.21694124 -10.63518784   5.38225106 -11.67921646
 -24.9335382  -36.85355981 -16.33174912 -10.17251608  21.03115985
 -10.68857131  -9.31534929 -18.28842814][ 21.10272856   1.90602598  -8.71754035  10.27697951  -5.53682785
 -18.23991735 -25.8175091   -9.45417477   1.98518771  23.94661497
  -4.53655205  -6.56506718 -15.41127995][ 21.48810529  -0.66734865 -16.49846003   4.24470233 -12.63650027
 -19.98752968 -27.96106907 -11.36852865  -1.32118709  16.7237055
 -12.95531397 -11.14526647 -20.86885785][ 21.48040746   1.58963991 -16.40027524   6.09768248 -10.18553417
 -11.34888657 -18.54393865  -2.0097692    4.56238979  18.30962894
 -12.38693798 -10.35111335 -18.80121517][ 21.69751824  -0.12000102 -22.5351051   -0.25045798 -16.05224861
 -14.73169553 -18.99134739  -5.07188697   2.584577     9.4258909
 -21.09795496 -17.58460871 -22.76705947][ 21.52944501   3.87068088 -21.36617054   4.3645144  -12.82046102
  -7.67549201 -13.30056046   5.24124505   7.13421884  11.3495149
 -20.37663806 -15.30666796 -18.03727369][ 21.63742315   1.46113135 -24.64818708   1.42524898 -16.34407304
 -14.26609881 -16.40820534  -1.27346704   3.10614036   6.82546339
 -26.68301201 -16.60207202 -22.13333631][ 21.4446181    1.8886335  -24.15068884   2.86938341 -13.39245631
 -11.21004526 -16.51026426   1.45508146   5.66735019   7.54889995
 -27.65479372 -15.38519379 -22.6592678 ][ 21.50492189   1.89040049 -24.40560041   4.4796658  -12.79952529
 -11.31417636 -18.73371937   2.87158706   7.25705192   6.56428427
 -26.01543831 -14.59881614 -22.85357314][ 21.26014527   2.13435025 -26.20658781   1.36239259 -17.32294897
 -17.24268501 -24.44596118   1.43930228   8.22571989   4.3909388
 -25.75145009 -21.86832806 -26.09014084][ 21.38764903   4.10701097 -25.67620963   1.92347492 -16.95034846
 -19.28983332 -22.47411442   1.49674262   8.49392195  10.15725918
 -25.59707862 -14.11797345 -20.97540822][ 21.27678748   6.31448981 -24.93820273   2.72782093 -14.62081915
 -13.47978621 -19.79588144   4.06738363  14.37629361  13.25053234
 -19.40101275 -11.87832014 -17.44528411][ 21.21801198   7.50648434 -24.37335203   1.66354343 -16.71268573
 -14.52487614 -22.77520868   5.5628064   14.51970038  16.24662683
 -14.44000157 -11.23182134 -21.21207131][ 21.24217762   5.74732123 -26.26611762  -5.73805626 -22.51414016
 -22.73327183 -28.29629806  -5.10046208   8.35862057   9.61329392
  -7.35277006 -17.76388179 -22.39855321][ 20.94936239  10.85230773 -24.51142199  -3.18878675 -16.1629773
 -18.18033061 -24.64301599  -1.58373932  10.75153862  16.75971922
  -0.58586636 -17.05178576 -21.99531004][ 20.42801528  13.14859944 -21.32532252  -2.8664335   -8.99062012
 -16.1777227  -26.91600215  -5.02863724   4.40513796  16.95622618
   5.25397972 -14.39749646 -18.78063758][ 19.90676015  14.89086076 -21.65288409  -9.20207088  -3.14153609
 -19.50931113 -30.22444165  -5.7663583    0.07353378  12.03595518
   7.60301558 -10.88734372 -19.33902903][ 18.00642988  18.83309664 -17.63985232  -8.50509471  -9.90323661
 -12.82445455 -25.81584379  -5.42047804  -3.43552316   9.78722554
  -6.26832326 -14.18948514 -19.47301465][ 17.69329251  16.66247112 -15.59310691 -10.93760728  -3.41704242
 -10.57909656 -24.33088933  -5.72959781  -1.11265455  16.0392858
 -12.97786151 -13.05378966 -15.43157519][ 18.49089903  15.7578527  -13.98900996 -12.98348195   3.70966671
  -9.93409614 -27.86916265 -10.0448313  -18.46434265  25.21331342
  -4.91258969  -3.76169456 -19.93562849][ 19.29484573  17.50935779 -12.56980148 -12.95733828   3.03315983
  -7.08278083 -29.22377086  -6.75096734 -21.68203727  29.73616199
   0.12000239   6.44935769 -24.05545281][ 19.78878897  16.98070139 -15.5802803  -17.02102791   0.8887415
 -13.09137943 -27.7629297   -4.13059944 -26.47365762  22.17884915
   0.60837205  10.76145388 -24.49276413][ 19.93181134  17.868679   -14.73886001 -15.21996272   0.0500832
 -12.58963753 -19.46591581   2.3212197  -22.74219749  22.67210232
  -1.31154565  14.88248335 -26.5763461 ][ 19.70339368  18.12369151 -14.42549261 -19.94866026  -7.14787143
 -12.47102014 -11.70084242   4.51804973 -16.20258878  17.54346884
   1.17285117  17.07231183 -26.1444229 ][ 19.45639971  18.3554892  -13.8398152  -19.25485506 -16.38250644
  -1.29183812  -8.46421453   1.02535735  -3.00249909   3.85001333
   4.87643074  21.21430481 -20.61860316][ 1.90924536e+01  1.49465267e+01 -1.42531140e+01 -1.86987754e+01
 -1.85830195e+01 -1.11537592e-02 -1.41737600e+00  7.94323256e+00
 -5.32966439e+00 -5.02433442e+00 -4.74099025e-01  1.90881662e+01
 -2.08953228e+01][ 19.17252153  16.20819828 -14.80510692 -26.2341171  -15.49771147
  -3.65803526  -1.48934454  14.29281492  -7.0895575   -6.37526261
  -4.60115776  18.45554869 -22.36889989][ 19.16249042  19.12768605 -14.67922083 -28.1134636  -18.76043798
   2.54094717  -0.84691246  26.33040233 -16.19820853  -4.74321041
  -8.61322799  23.6196966  -22.51651704][ 19.23203392  15.60467241 -11.95111584 -26.18622017 -19.58044012
   0.67484865   9.19686173  17.05249107  -6.40778711  -6.90922574
   6.12125217  10.24458661 -14.63013864][ 19.039613    22.19540312 -10.8933457  -27.4433071  -23.91613574
   0.47609157   7.90402397  21.54614763  -8.54429217  -8.16649304
  -1.07154109  13.21226967 -10.1781255 ][ 18.67989304  20.35923021 -11.13744043 -26.67634922 -23.33622608
  -3.49917405   9.88655266  17.43763551  -2.71923968 -12.47951557
  -1.12117664  18.59954646  -6.35208955][ 17.97293748  22.62405639 -11.3031972  -18.87233821 -22.80240734
  -0.34906946   3.75918697  25.35540582  -8.88206456 -15.04834923
  -7.31862157  24.52744944  -5.42022147][ 17.36791461  20.35464242  -8.46003192 -19.576333   -20.16945828
  -4.91642838   9.40749119  32.81496239 -12.28201872 -15.65501103
  -5.4084532   25.56000837 -17.15903171][ 16.60552101  20.20311263  -6.81253411 -20.82128081  -9.47767559
   0.32602446  11.18167928  31.45559334 -18.75336646 -16.93877356
  -0.71181541  18.87088492 -14.36621753][ 15.82763531  22.22599277  -0.35325532 -21.50207156  -9.01157412
   6.93685434  18.2477615   21.88158041 -15.82346782 -14.85621183
  -8.99969577   6.6893298   -8.54916067][ 14.41840431  16.94929523  -2.70962866 -13.20280503  -4.8631854
   9.6305217   11.99712847   8.40173112 -10.19724795 -11.0448762
   2.71919071   4.45363754 -13.92316454][ 14.05723452  15.26398448  -3.22241462 -16.1549057  -13.38821879
   3.71885286  19.15310132  11.33563075 -13.73457686 -13.80151473
   2.99379344   4.78279548 -13.45697154]