[ 15.86170563  10.60665841 -12.03883007 -22.40831932 -21.06390943
  -3.47427049  13.81503701  16.2420064   -0.93680133   4.2083097
   6.23812236  10.16220164   3.65543461][ 16.48924068  15.67315614 -10.88291701 -19.07477821 -24.79330492
  -4.20778892  13.03162457  29.65826774 -27.98045023 -11.01583222
 -36.67970575   3.75536261 -29.29747635][ 19.02357562   7.45954565 -13.97649549 -19.03425876 -41.24527355
 -18.03044503   6.72631297  15.56906622 -13.4483071  -21.462865
 -22.16050331  25.04032573 -28.32833165][ 19.91960407  10.72984786 -15.26653703 -19.02186896 -38.0116787
 -14.5992666   10.54703198  14.04455269 -10.41002866 -15.67649674
 -17.56170257  19.61838016 -23.0024268 ][ 20.63992648  12.3288797  -20.23328476 -21.2852478  -42.43744846
 -24.46382767  12.57579026   3.53469049 -18.98762622 -27.10433162
  -5.69159081   6.52838704 -18.05241474][ 20.94701932  15.3122718  -17.47612955 -15.16740555 -25.55467768
 -12.53017038  12.65242629   2.46023007  -8.72315    -15.30499495
  -5.98960636   1.63698592 -12.02994946][ 21.13108934  16.57180321 -17.36663489 -14.00334999 -22.10371804
 -14.05330527  14.66251823   4.03544587   1.095994    -8.94857723
   5.36147889   1.65507743  -3.48065687][ 21.27508266  16.47862811 -18.21700246 -14.89611331 -18.7914277
 -16.88897027   9.27718362   0.59351572   5.43004333  -9.95071008
   2.25958638   1.30066806   3.15706958][ 21.26481064  17.5317271  -20.54609291 -13.62365899 -18.8643664
 -22.80596664  13.50822308  -3.28803315  12.69612516 -19.8904688
  -1.37149353  -0.77377749   1.28312005][ 21.14076148  16.09813637 -23.91191391 -18.5594189  -25.7481495
 -29.61776722   4.84973933  -7.40714635   7.19680076 -27.83930092
 -16.12528503  -6.172899    -7.80465864][ 21.05942577  18.54705162 -12.78531371  -7.91564959 -17.1967303
 -18.25920129  11.74613211  10.83845398  17.58664844 -18.78972906
 -12.79970423   6.37088705   3.60276606][ 20.99012534  16.4642595  -17.32134627 -12.9425704  -19.77919575
 -22.62638853  11.79472816   4.09357295  17.45214067 -18.9590489
  -8.43008594  11.67433162  -4.83634969][ 20.70756102  15.86674018 -17.0483503  -15.5183478  -22.98365038
 -21.52955854   3.02776609  -3.32059378  10.88413066 -25.60863694
  -6.8271286    9.08256422 -10.80726943][ 20.33325708  15.91770984 -18.62881703 -10.72091474 -28.30196341
 -25.13413744   6.59122492 -14.73883715   7.02714677 -19.46615414
  -9.83545464  15.69166402  -9.98467777][ 19.79470846  10.98385332 -14.00475336   0.0953143  -31.10271333
 -17.49302422  -0.96297219 -13.45925131  -2.95006608  -5.15275626
 -14.79904709  21.9780035  -14.44363791][ 19.26542254   9.93599189  -6.54992549   9.97244875 -24.45306566
 -11.84802298   2.89650503 -10.98465867  -0.49236758   0.72102278
  -8.16358621  26.87766052  -9.40487773][ 18.01300769   9.42115516  -7.17878917  13.68600177 -17.41246885
 -11.78410345  -6.48893307   8.41478888 -13.08130915  -2.001686
 -18.58859537  18.11914664  -9.96201261][ 17.64943504  -2.47223541  -6.24313748  16.73991695 -17.88036237
  -4.17861923  -9.5558718   18.30357313 -32.02593317  -9.13379138
 -18.12400449   6.5680659   -5.58791192][ 18.39671375 -11.45089218  -6.07938285  16.6774754  -20.58583685
  -8.47164464  -6.6935447   14.9744246  -29.75298345 -10.46051134
  -8.29662902  15.51023686  -2.45466149][ 18.78866265 -17.72487476  -9.24094442  19.97328384 -22.09135737
  -8.59045455  -5.64592019  20.29736235 -21.84304059  -5.78008517
   2.64537183  23.84496193   6.60946614][ 18.91793265 -22.38449243 -10.93462217  22.76680989 -21.18893423
  -7.17860882  -5.23389343  23.30780317 -15.96727376  -3.38727483
   2.58290999  21.24038183   4.17182196][ 19.03550602 -28.06225265 -14.15688025  24.2300503  -19.8469214
  -8.31682235  -9.24480845  17.88776895 -17.30660002  -3.99652551
   0.79757691  17.10808331   6.59928377][ 19.09067237 -30.04978336 -13.71702015  25.54247518 -20.01299247
 -12.0371431  -15.41795988  17.32385913 -17.89173069  -4.84692684
   2.10086079  12.61883621   8.353756  ][ 19.17505814 -32.21001633 -16.05977154  27.89311765 -17.69281895
 -12.42228169 -19.42172959  18.07430702 -21.36026463   0.89998812
   3.508024     7.56423583   9.48455776][ 19.08309676 -34.663068   -16.32187511  24.58352237 -19.81421759
 -10.82816588 -12.63405174  18.13863004 -28.58484622   1.93820778
  -1.35047819  -2.2809593   -1.97100693][ 19.28018651 -33.3071705  -13.45510168  24.20550194 -14.21616058
  -1.18357541  -5.73917382  20.30163769 -14.31510748  11.94589177
   0.27258275   1.67574482   2.80148641][ 19.22237667 -38.39592859 -12.68416487  31.45981934 -11.1400195
  -6.54432806  -9.18083755  19.99184247 -14.23648593   9.2790503
  -6.21437775   6.51983562   1.02107837][ 19.17931416 -40.34461925 -13.9333226   34.1419657  -10.8012633
 -12.09649877 -15.53079424  16.81713292 -18.81365978  10.62218021
  -5.48489759  10.92359018  -0.841384  ][ 18.80645094 -40.37069268 -14.98222419  33.11560473  -7.38593853
  -9.23066014 -10.22604043  20.74697453  -7.1546767   17.55343617
   0.34777068   8.73362514  -4.83574756][ 18.43239009 -35.22542351 -16.29139732  30.27743804  -4.13686994
 -10.25527284  -0.8303111   14.08605422  -4.09611557   8.08492259
   0.9467602    5.86096098  -2.25909817][ 18.16063625 -34.63635198 -18.59298631  28.31667064  -4.26169576
 -16.10236616   3.78011434  16.609201     0.88661089   5.08406353
   1.46962239  10.75908732   1.37789099][ 17.41039912 -28.97748865 -11.63949463  34.8485228    5.33394354
 -22.38437109  -1.94507911   7.79805186  -7.17849968 -13.46093244
 -19.20289935   2.49348268  -6.49442412][ 16.95338964  -2.7854219   -2.22440794  35.28372758  -2.36918313
 -29.36387807 -22.77879241  -5.74719784  -9.53749993  -8.16791882
 -10.64014835  16.03798479  -2.2482597 ][ 18.29468565  -0.34436664 -14.75225851  24.38638641  -8.90859299
 -36.55224721 -29.35962132  -7.70789177 -12.43342283  -6.64649377
 -22.34790303   0.04401936 -12.78231106][ 18.77372566   0.69184999 -12.10317701  30.74420118  -6.14654633
 -35.23677564 -31.78604265  -0.21279628  -6.82734991  -1.98159511
 -12.05579422  17.36978428  -1.8125415 ][ 18.67699786   0.47785086 -14.4462548   26.09540849  -9.04807221
 -38.8991359  -34.47253153  -2.52568068  -2.22235644  -3.15070424
 -13.16500471  13.52403032  -5.19685512][ 18.5644271    0.60276576 -13.71232603  25.41081086 -11.71637265
 -34.13162386 -36.2356265   -1.75696272  -1.5152402    2.03131931
 -14.4728391   18.1361643   -2.13249392][ 18.48913669   2.64383717 -11.45655619  26.89811755 -10.95876122
 -26.68820326 -30.86104873   3.39212717   7.06867712   5.9097033
 -14.58823605  19.59059712  -1.61597309][ 18.30880844   4.55408034 -17.54285459  21.28372371 -20.55740425
 -28.94280409 -36.20231099  -5.58011749   1.58666568  -3.00633053
 -21.37052372   9.01348377 -15.05937942][ 18.15357796   5.39640547 -19.45547204  21.02303534 -19.93404195
 -26.80167867 -32.77135317  -8.53449237   6.43349948  -1.68079726
 -17.91140665   8.57915641 -13.08225033][ 17.88565102   7.67146459 -21.85283252  19.69771983 -20.65721303
 -23.08003297 -30.97281408  -7.20998138  12.18739312  -0.03471538
 -18.95248331   5.57998399 -10.45920664][ 17.7748483    9.77161226 -23.08288315  19.62058327 -20.87220592
 -21.05751269 -25.8247661  -12.87796577  14.57127934   2.48295721
 -22.81455303   5.4471426  -12.15375967][ 17.39433542  14.73769447 -23.18363403  19.55979428 -15.96179971
 -21.04029454 -19.55045645 -19.12361443  18.33233447   2.82119316
 -22.74764928   4.21981866 -14.11659573][ 16.76356882  16.14066498 -19.87310667  13.42935149  -8.9617864
 -28.6570467  -13.04839395 -25.1215042   10.73957135  10.9938152
 -15.14750934   8.87807134 -19.92886155][ 15.91864968  18.62932115  -7.69060373  11.8030608   -0.993956
 -22.25248012 -19.51369193 -21.23008962  -0.47836196   0.07648732
  -9.95164479  10.70287623 -15.16342838][ 15.5848381   19.60748062  -7.18563344   9.69916605  -2.01608332
 -16.31343685 -19.69944857 -20.01295817  -3.949418    -9.16667256
 -17.57337729   9.53976804 -14.83124572][ 15.76100896  20.95985224  -4.46214657   9.03258002  -2.79709939
 -15.21538626 -14.88315828 -17.18178286 -10.37067548 -16.27557735
 -13.42653954  10.30829109 -15.89538209][ 15.78797718  22.01841949  -4.5568196   11.13332701   2.23140801
 -13.13236655 -12.84088447 -19.5033255   -6.24712911 -13.73659065
  -5.80490311  11.13142801 -12.33123643][ 15.73585142  18.46081983  -3.26204781  11.52256214   1.47585621
 -10.47757697 -18.61390267 -18.62595296 -16.07203233 -14.45630698
  -5.15809731  10.72242665 -16.41688153][ 15.51584723  18.75129451  -4.85452144  15.97463443   7.43531972
 -12.65985239 -18.82005603 -23.40953467 -22.06569849 -10.50821874
  -6.50932622  15.8732827  -24.01430197][ 15.2783349   18.73908659  -3.70102037  10.86464115   3.89976505
 -13.40546991 -11.8772399  -19.53333254 -22.96217586 -13.0132951
  -6.29974153  12.91637496 -21.78463802][ 15.17110889  17.93675949  -3.9769169   13.67693896   5.87002099
 -12.4955261  -12.40204017 -20.65239471 -23.5457236  -15.02140597
  -3.01304608   8.43927456 -19.82946332][ 15.11095929  18.86479069  -4.22459884  14.09312393   7.5988914
 -13.33804867 -14.0855916  -18.61476346 -20.94403317 -16.05422933
  -0.20123703   8.28310718 -15.61226167][ 14.97275078  20.05065928  -3.7139795   15.21731447   9.2758907
 -10.14223872 -15.13244319 -15.37253397 -20.45683547 -17.08734093
  -0.41892969   8.30120426 -10.74198581][ 14.66486905  19.8086771    0.60219289  12.58171392  13.55709255
  -5.34483914 -18.87165459 -16.52359978 -15.01810206 -19.75848841
   1.22213791   8.45959278 -10.06567581][ 14.14512385  18.97390089   3.95872777   9.39897444   7.13374778
  -5.80870447 -21.69118783 -12.45397026 -10.47722836  -8.9169186
   2.69695105  -0.69760457  -5.90903952][ 13.43909676  16.35867287   6.72875634   9.9456187   13.05022264
  -4.70868203 -17.49544662  -9.62605842 -17.41464311  -9.30504146
  10.1348761    7.63475169   2.64114149][ 12.75067876  13.75699588   7.41604299  13.23106792  14.48617952
  -2.94858282 -11.58996874 -10.86330832 -12.47640342  -6.0794329
  21.46765986  11.70266048   0.20238161][ 12.09577348  11.34244044   5.21772041  12.03359483  15.93256809
   4.55826919 -11.91731522 -17.56890879  -6.84332481  -0.6416774
   7.91744811  -1.59271017  -0.34940665][ 11.58136712  10.02690349   1.76348757   9.67801937  17.42640058
   0.94884964 -15.05263259 -15.41128589  -6.57924289   5.97846444
  15.52248626  -2.14589074  -6.92298511]