[ 14.95343476 -15.73272484 -37.92406136  26.38443492  15.69828422
  -4.22664476   5.94841642   5.29073898 -23.22270753   0.88283507
  11.34235107  -4.73274668  13.41950138][ 16.44283742 -35.93298415 -28.56499223  28.95563419  -0.31324845
  13.05284109 -11.14738155  14.91212076 -28.82209701  -3.36216701
   6.98665036   0.09504666   2.73586779][ 18.23485798 -25.6855948  -15.14091271  29.78402691 -19.16221652
   4.90369013  -8.97792679  17.06643316 -18.17331749   3.14769264
   7.38956504  -9.91978427  -1.99449091][ 19.49579831 -47.48559382 -21.58915327  36.48890811 -16.4682668
  -1.23774263 -10.49909729  18.07972296 -22.05232777   0.13873317
  -1.27482473  -2.61574964  -3.79954287][ 20.1139152  -48.07163448 -14.84016826  38.31104537 -14.57211315
   0.89131954  -7.0386769   22.22423915 -12.87876004   3.56953216
   1.26141674  -0.50751325   0.50463217][ 20.39235871 -40.98516474 -10.2552223   33.93271404 -17.51330817
  -0.29310967  -7.86292178  15.02198748 -16.06301403   0.37482136
  -1.44958377   0.55753317   1.34681267][ 20.53388432 -50.14958408 -13.39682752  36.85763306 -13.7380995
   2.47062162 -10.42743621  12.54501331 -17.0554146    8.58532969
  -0.82206527  -4.65610456  -0.81405604][ 20.6115922  -47.59459256  -8.2631654   33.17598512 -18.98397026
   0.74404559  -2.18533367  16.30838623 -17.34502731   3.57582987
   1.2231865   -0.93016287  -1.46630261][ 20.53345253 -48.4138482   -8.56312489  31.89305813 -21.51473746
   4.89401969  -2.09071847  12.26926281 -22.09728012   4.89433856
   2.16606624   6.62810146  -1.23042386][ 20.3249856  -47.08827219  -3.16365834  30.88372766 -25.2736195
  -0.85335447  -0.40828114   6.50864046 -20.46071564   9.04398114
 -10.34757709   4.96713401  -2.78054528][ 19.86753731 -41.99643064  -0.54527978  27.66398671 -23.68655635
   0.09946672   7.98616284   6.54196679 -21.83165063  11.25002342
  -8.42304323   5.8934883   -0.33134113][ 18.97165914 -43.52023607   2.57690923  29.79755028 -28.50451464
  -7.01604278  -0.40994618   4.45460435 -31.070393     3.59118793
  -8.287967    13.51388     10.28372142][ 16.65658361 -33.64785569   3.53310182  21.18559699 -19.61077562
  -2.92508513  -4.71241549  -1.10586519 -21.29350536   2.32375791
  -2.23612609  21.86218223  16.17360612][ 15.74148481 -34.64552672   8.24848265  36.55649793 -14.64338954
  -0.50876208  -7.47549067   6.28938208 -24.84626705  10.20951709
 -14.21944847  16.15885434  15.37994887][ 14.86585049 -31.41805231  -1.46046426  26.55024218 -19.29093945
   5.06629518   1.82287009   9.78747693 -21.04351745  10.18057398
 -15.16844773  10.14307774  -0.71623953][ 14.00325807 -29.69095163   0.38508705  29.35659469 -17.03316308
   3.92648473   3.28625971  10.143739   -20.00068532  14.75453426
 -11.48067932  10.1018964    4.05562117][ 13.17047074 -26.68509991   2.14293996  28.71078814 -12.80818887
  10.49679041  12.28358576  10.93632398 -15.83964673  16.17831211
  -0.81064724   6.6958511    2.97298146][ 12.50277459 -25.64171126   1.58276566  25.67383461  -8.00616699
  11.86628324   9.8337949    8.3609256  -18.7167863   13.69784198
   1.58457328   7.53320401  -0.96375366][ 11.96426289 -24.31412698   5.20495877  27.20659843  -5.13734365
  13.6303487    5.54540597   2.93869373 -24.90396993  12.91928344
   4.10237202   5.46506802   7.44342446][ 13.16950423 -19.94954829 -16.96854868  13.3765686  -12.52058179
  11.99452278   1.93197692  -4.88842914  -5.08306483  -3.05448089
  -9.75824745   8.47749506  -1.03530402][ 14.76574144 -15.54566548 -11.37980602   7.35592419 -11.26230756
  -6.40181438  -1.17327107  -0.20035513   3.54208648  -3.63759516
 -17.08802553  15.71869379  -1.74882657][ 16.11958327 -13.33359656  -2.01224589   3.77092767 -15.02030048
   2.34630177 -10.01588023   4.72481356  -2.03284454  -0.48885857
 -11.20441348  14.62666784  11.6618494 ][ 17.43208939   2.09839097  -1.12320537   7.46036349 -12.52461284
  -7.96950451 -21.22504511  -8.21936428 -12.64797241   6.62107858
  -8.69127637  -1.59111847   0.05673951][ 19.98049237   2.23860503 -19.24377927   1.7884579  -10.73113949
 -33.23341096 -18.47035848 -24.23650846  -3.44751975  20.62165929
 -11.80694679 -12.69344261 -15.62358472][ 20.78638812   5.93997622 -22.72676432  -0.2134427   -7.61603958
 -33.75298907  -8.96689213 -21.81518577  -0.57609217  12.93246658
 -16.42486371 -11.1899782  -17.23049483][ 21.07890527   5.83468204 -25.30166717  -0.2173172   -9.6975002
 -32.86049366  -6.88560544 -18.96865823  10.4292089   19.02280884
 -14.92979178 -11.04575562 -20.22935737][ 21.25611162   4.21718129 -29.94748076  -3.07529874 -12.2133176
 -25.85214051  -8.55478497 -21.52326263  11.24659646   1.73356971
 -12.13673224 -13.74245516 -20.48899722][ 21.3444271    4.20511505 -30.49042545  -2.98763362  -9.85863893
 -20.14856519  -5.14261794 -17.06501956  17.01452661   2.01616222
 -14.45082566  -7.17519011 -22.16480666][ 21.34327275   4.89242711 -31.83002978  -4.40512724 -10.97849963
 -20.80750444 -11.41707697 -16.75582562  12.74466715  -4.21615969
 -23.77656041  -3.11247881 -23.25324611][ 21.27977274   3.91466385 -31.69847167  -1.4535603  -14.13099382
 -17.43995415 -12.57221587 -10.97561914  11.76008594  -4.21950451
 -28.58962626  -5.92992969 -19.11411502][ 21.47703873   3.15054452 -28.66482096  -4.72305966  -9.62898586
 -22.33947203  -8.31241377  -7.04554814  14.9415149   -1.77308622
 -21.7766449    1.49316536 -13.68485302][ 21.39016287   2.43780128 -27.02812335  -3.24013856 -11.54462572
 -22.89886485 -11.53724358  -8.41152626  15.5480462   -6.74104746
 -23.80614497  -6.39307953 -18.32675512][ 21.22839493   1.51086129 -28.04379605   1.49419215 -15.58093869
 -21.87601163 -15.5673224   -5.87748128  13.19915124  -2.24621592
 -22.72057712  -0.70631373 -17.72121585][ 20.84118504   0.43674677 -26.1886083    5.72632544 -15.39510503
 -22.49062904 -16.06825148  -3.96897345  17.3608957   -6.7963283
 -27.56997386  -7.47087376 -22.43203926][ 20.86381493   0.55031328 -25.2679452    2.76085155 -14.96853567
 -25.02976773 -10.38253863  -4.49723551  16.33331692  -6.13044109
 -21.89438903  -6.93979472 -22.25960894][ 20.79512213   2.17196217 -26.64606957   0.68891021 -16.60189397
 -27.50476803  -9.38436351  -8.01458588  19.97999628  -5.61130501
 -19.89842918  -8.72252708 -28.16438187][ 20.7857741    4.92586344 -28.63306702  -1.95005677 -12.89204514
 -24.61162329  -3.37281036 -10.93810185  15.88810844  -1.61116614
 -17.1544464   -1.85657625 -26.51660486][ 20.77270472   6.56122659 -23.87084071   1.0372235  -11.87239
 -28.68567345  -8.68831254  -6.60334801  21.01973541   7.21673793
 -11.65098305   4.54197479 -23.04448691][ 20.31184376   9.45382526 -24.46360417  -3.90545362 -10.10656939
 -30.71813396 -14.03162968  -5.66918344  13.32758697  11.67633612
  -7.68193482   5.57440861 -27.65727525][ 19.68620237   9.36179759 -22.54674244  -2.28203439 -11.18590733
 -34.18140498 -21.44357203 -12.93216778   6.66543933  15.64967971
  -4.63501569   9.52220152 -30.45599779][ 18.17576747  12.60703486 -23.07219726   4.73135394 -12.25351049
 -23.86185531  -4.43438179 -20.92182884   1.04222866   8.14961313
  -0.63333444  -5.8605126  -18.88030297][ 17.1930313   13.19801742 -19.16089369   4.8457455  -11.84725815
 -27.56968845 -22.34073211 -10.82113783  -3.30329798   0.11032659
   2.35550506 -11.77912925 -18.15478151][ 17.73499322  12.8750452  -16.93097649   6.18998231  -2.61491223
 -26.34744817 -23.81807385  -9.94649136  -6.67615411   2.47695592
   3.77120082 -15.52187364 -13.57067799][ 18.22555849  14.57538481 -15.67240859   5.54185051  -0.85002663
 -28.12643475 -24.49789103 -12.16327574  -8.99037062   4.95191391
   4.83752546 -16.87521409  -9.52554422][ 18.53281218  14.35605796 -15.45639201   7.78980015   1.135412
 -34.15784233 -28.37752281 -14.47401834 -10.43654008   3.35875834
   5.5622697  -16.95092215  -6.31594594][ 18.52830585  15.50668872 -15.67003067  12.2688737    4.09084276
 -37.34115567 -31.95039167 -18.52643219 -12.36600493  -0.56794275
   6.79542841 -13.34662164  -3.86169748][ 18.35360526  15.64762329 -14.05723546  14.00640955   1.96103352
 -37.52492852 -21.35984529 -19.42628788 -10.25761902  -2.57374154
   0.85778845  -8.66670104   2.72779365][ 18.26172697  13.41354033 -11.30464539  18.86235722  -1.61350217
 -36.87586488 -17.31329998 -21.98764355  -2.08666295   2.42950828
   1.04140425  -4.17981458   5.86651959][ 18.31683497   9.20380356 -12.67521552  19.74828552  -5.19458552
 -35.20569404 -25.06925809 -21.01036771  -7.16580619  -1.63206547
  -1.19240405  -1.82791043   6.71877251][ 18.2834993    8.23716251 -12.47760351  20.62942651  -7.47298409
 -31.46592008 -21.75886794 -16.35502191  -6.30241688   0.8573245
  -0.78692308   4.03287241   6.9872266 ][ 18.15115876   8.79953445 -10.91274959  27.44940897  -8.79083858
 -28.82901567 -22.37627743 -12.53872087  -7.77355945  -2.97998363
  -2.93336961  10.24252857   6.34038265][ 17.79240054  10.02465482  -9.73658986  36.87099736  -8.15229846
 -29.0089153  -23.71702279 -15.05474694   2.03425951 -10.49168379
  -4.15520883  10.97363735  10.84504322][ 17.35261803   8.69957101 -10.68933194  38.33555541  -7.34136847
 -29.68405183 -19.44313469 -11.97309636   2.87448189 -11.95791052
  -7.54415596  13.63096754   0.80267965][ 17.15294846   7.69150061 -11.42803043  41.9306863   -3.64186016
 -30.25999046 -23.92152296 -16.99384113   1.40962158 -17.10530015
  -7.14513621  14.76022591   0.06279167][ 17.08157239   7.56228518 -11.43351502  41.9340554   -4.57766973
 -30.31794585 -23.95724649 -14.74478098  -6.00439653 -21.01102632
  -7.62846373  12.96085519   1.47725557][ 17.01879012   4.55111682  -9.70551382  38.85489626  -5.6675307
 -34.76501255 -27.2092546  -10.97768389   0.88558165 -16.83436561
  -9.44918762   7.24206098  -0.3478279 ][ 16.74872436   2.47871328  -8.52634942  36.00803786   1.88220908
 -31.48086142 -27.55094921 -10.29046841   4.6509469  -10.93560615
  -6.97481505   5.75362951  -2.19813806][ 15.97052858   7.95695007  -9.15359324  21.10378771   3.80485299
 -29.98861721 -19.38628967  -6.15570333   4.07800429  -6.14953321
  -4.45624757   3.69573438  -2.8792637 ][ 14.88652919  14.11935522  -7.1479643   18.95123079   6.80904826
 -29.32178744 -14.77311603   2.42160747   8.89818337  -1.67986169
  -3.211611    -1.6702032    0.37817275][ 14.29682139  14.18564219  -6.09101759  19.64845081   7.38728491
 -24.24032524 -17.57297164   3.49777824   9.47537392  -4.27918613
  -1.76535398   1.16790388  10.40424037][ 13.61306863  12.1507517   -0.16929091  22.79747799  10.88372773
 -24.62961093 -20.36834161  -2.24242494   2.3678382   -4.95418628
   1.53417044   9.53091374  12.55404856][ 12.8201523   11.74696286  -0.4286476   15.43914623   5.32813056
 -24.07814787 -11.50751829   2.63005519   0.258348    -1.0741943
  -4.51295455  -5.14167194   1.5361707 ]