[ 14.57362233 -17.41671112   7.08895733  48.20728429 -19.0959521
   5.22275517  19.14965062 -19.74453065   8.59839944 -26.28542411
  -7.60088406  -5.53207791  -9.95685565][ 14.77123869  -9.9447467   15.71074911  52.36302949 -13.47283779
   9.70426438  17.86455112 -15.65890922   4.77475838 -20.44914543
  -8.33778713  -4.81305952 -11.25957705][ 16.608403     5.44286161   9.04600686  40.57375639 -23.98438947
   5.39317107   5.56023691 -32.60479672   5.10078509 -22.26724887
 -15.93736496   1.15265796 -14.89270499][ 17.93888838  -0.59777278  11.01215809  51.18429306 -22.8969261
  -9.97630347  10.42906368 -34.78222919   3.31646071 -15.19678531
 -27.85652816   4.17605531 -22.02307631][ 19.18236123  -4.11658477   4.87516189  50.56897196 -22.46281671
  -8.71260089  11.72298272 -37.19926602   7.27307562 -15.82704237
 -19.64983183   2.34346564 -18.0716414 ][ 19.48973629  -6.01520101   2.65148189  51.72871364 -20.57490551
  -6.50142559   9.14487137 -36.60668514   9.50516959  -6.89072837
 -14.98999039  11.39543663 -11.59478451][ 19.64666691  -7.19125501  -2.25760033  50.67961541 -16.74466966
  -7.11081057  -1.54548692 -33.63315974  10.01309026   0.69873174
 -11.35774945  11.08299548 -11.93317663][ 19.8551026   -0.47829885 -11.33463601  51.22980032 -27.44743492
 -15.99901878   5.02831516 -37.91354459  12.32608846 -17.18137202
 -10.9274607    4.70499655  -9.17360637][ 19.6129301   -6.63693792  -3.7201585   35.17898517  -8.15811091
 -12.66039449  -8.73667176 -24.01623308   0.11315354   4.58077822
  -4.98326755   8.35541261  -5.28245539][ 20.51102107  -3.37711877 -10.09728303  42.19984437 -15.48129629
 -25.92714004  -5.54427357 -21.69278277   9.97376348  -5.3138723
 -13.03524633  19.82245374  -0.41702961][ 20.90395729  -7.19116122  -8.67746443  30.02361234 -14.08284854
 -32.41124961  -7.81099766 -12.07199752   6.80246435  -4.73456454
 -20.44050085  20.14558119  -7.74219551][ 21.19505409  -8.00544829  -9.49537136  28.11954563 -12.68374081
 -28.92905274 -17.76268923 -16.37642217   4.4777521   -2.81293672
  -8.64606946  28.90159986  -1.54194784][ 21.33426294  -7.19619467 -11.63498489  20.96332882 -12.14170574
 -33.47100938 -22.30730585 -14.16372893   5.84196338  -9.46900482
 -12.46614286  17.11706775  -5.65783551][ 21.4717717   -6.59971317 -11.34036014  23.12791432 -11.38074185
 -34.5900457  -23.6771252  -12.37116304  14.61771811  -0.92254985
  -4.34843703  23.87834049  -4.26855712][ 21.48896643  -5.54217149 -13.67113998  21.95346257 -15.01303799
 -33.61906159 -27.44791022  -9.84033762  22.97763692  -1.60771467
  -6.66144107   9.20305314  -7.47204295][ 21.43422343  -4.33399454 -11.65379471  26.27147715 -13.8381545
 -29.15817775 -27.48585677  -3.26197192  29.91311128   8.44492887
  -2.53128972   6.7324903   -8.14740711][ 21.32652941  -4.07543619 -14.70157173  23.3516352  -14.8086734
 -26.4105532  -32.26508507  -5.43482915  25.22241502   8.17377996
   0.33431962   0.20127164 -13.98795016][ 21.01409088  -2.08047701 -16.85606763  18.12263886 -16.73436715
 -26.02253748 -28.11452257  -7.15872709  15.62557043  -2.71258441
  -1.67549339  -5.77801414 -15.74647239][ 20.65409963  -0.58901517 -14.38522726  20.4306787  -10.73980393
 -25.67736835 -30.37272598 -10.87493004  23.33001844  -0.64404262
   6.01666386  -2.54641135 -12.30604523][ 19.66869969   3.48124604 -13.72107723  19.64218826  -8.94146051
 -23.76697681 -25.8700419   -8.80751712  24.3930395   -7.87400945
   5.14072228  -7.50650791 -10.37333453][ 18.48825474   4.92541255 -14.15092681  17.4223222   -7.80771014
 -23.28660813 -24.6057052  -18.68291858  27.61617124 -13.68708902
   3.18407619 -11.09856285  -7.01115205][ 16.14420344   7.00190489 -11.63884884  22.46655743  -7.90559235
  -9.92692799 -14.15990803  -7.36126527  18.01816824 -12.14986397
 -15.45612947 -18.38149054 -19.29024677][ 15.52091835  11.11478069  -8.62178629  17.83989868  -3.83296362
 -14.20997761 -12.00886359   0.75029653  16.23731345  -9.48915015
 -23.47678868 -21.92572486 -17.11372402][ 15.2661694   15.38661276 -10.14803731  20.72098308   1.98737249
 -14.07617431  -7.25860444  -6.86882879  23.52696676 -14.01674549
 -21.70342681 -22.12160833  -9.69758513][ 14.8068386   15.58602341  -6.83444139  19.82709556   6.01250686
  -6.30140388  -5.95952401 -15.95230471  16.61169532 -10.82152927
 -17.19351075 -20.39974257 -12.75130007][ 14.43646239  15.35196751  -4.6208719   18.87497035   8.47069596
  -8.32259617 -13.376904   -21.90025039  16.24585148  -5.32103952
 -12.95204934 -18.34449242 -15.04316446][ 15.31324823  -1.43535512  -1.86587382  17.22542902  -0.73439787
   8.59117499 -23.76092499   0.77501206 -10.08071725  -5.98281744
  -7.2785734  -11.497825     2.47494432][ 16.88832656   1.60431353  -4.90847208  20.76052952  -1.03083422
  -7.607852   -29.92332947  -1.52561824   6.23356538   3.00472743
  -3.52232669  -3.67391446   6.95180255][ 18.74170373  -1.86460769 -15.61332316  13.09378618 -12.01968947
 -22.28809722 -28.99687502 -22.04764918   7.72659519 -15.56283875
 -10.35566727 -17.657414   -12.05720384][ 19.40165165  -1.67151244 -18.27000687  15.37980653 -11.52550187
 -25.96902094 -26.62496226 -21.14280043  22.50866628 -10.82629215
  -4.52802693  -8.79585074 -12.20818988][ 19.62555161  -0.32926322 -18.2614057   15.99306667 -10.5038797
 -22.4350596  -23.21078309 -16.19698853  31.66046501  -7.6495194
  -0.42140181  -2.93699403  -7.88524828][ 19.8834078   -1.590539   -21.99452423   9.93427771 -15.84209598
 -23.52744829 -26.94089814 -21.38253393  26.1293899  -12.78547231
  -7.41868015 -12.58912197 -14.48338374][ 19.77509645  -0.07926804 -22.41900623   8.18419475 -16.44394617
 -21.2510666  -27.91305531 -20.76858788  30.13503757 -11.18188875
  -3.37252216 -13.74349211 -14.22357534][ 19.75034028   0.71479402 -23.23911714   9.33442567 -15.81621099
 -19.24910316 -26.32070061 -17.04144593  35.96264029 -11.50613261
  -2.97491122 -14.19192735 -16.05441877][ 19.6877586    1.71186922 -22.84086393   8.29538164 -16.58517698
 -16.17100677 -20.833633   -13.20645931  39.92199701 -10.99716791
   3.81350756 -13.97103711 -10.68119464][ 19.11980351   3.15784422 -20.22276768   6.11628086 -17.48281813
 -13.58822197 -16.62078256 -11.87795555  33.86411591 -13.94224296
   6.91625046 -17.2827742  -13.27473128][ 18.83174219   2.43609872 -18.30818799   4.18166719 -18.93057534
 -15.2960603  -15.1385673  -14.89887042  35.73597485 -18.04632326
   6.20421477 -23.71212015 -13.35753506][ 18.60025575   3.33853188 -16.38332535   2.55721612 -19.35578975
 -15.59256922 -19.02741621 -15.25335676  37.43850703 -21.14654707
   1.67691039 -29.10076278 -13.8940401 ][ 17.70899116   9.08931082 -12.48635943   5.92939938 -12.24843454
  -6.61167849 -19.1429177  -10.91639465  37.00095054 -23.2543429
   5.41519046 -23.93942598 -10.31681914][ 17.01883724  13.12992735 -12.4002088    9.93279485  -8.00356758
  -4.63729923 -10.46433912  -9.81586256  32.31833809 -27.95734151
   7.82029647 -18.45361138 -10.8613751 ][ 16.51121616  11.86221799  -8.19950624   7.85836123   5.91890263
 -15.87807792  -9.17029909   3.13137288   5.58097189 -29.99014078
  -1.08219329 -13.16677219  -9.3509958 ][ 16.31553029  11.44142889  -5.8173756    4.4768156    6.330848
 -18.46476738  -8.50680157   4.57890104  -9.78606401 -31.58280753
   5.80988548 -16.85664255 -12.12397232][ 16.24306246  13.83866093  -5.23955941   5.93858801   5.86242167
 -14.74510526  -6.64793648   4.01349938  -8.96186101 -31.27386928
   9.13638813 -18.40494278 -11.65824993][ 16.10120476  14.74099878  -3.77930054   5.74338638   8.8574523
  -8.7122417   -5.24624139   2.25537654  -0.4020081  -28.00096438
  13.38298036 -18.00454189 -11.76281805][ 16.20150668  15.13488517  -5.41572268   7.41926827  11.0352199
 -10.49651344  -4.26152259   4.96706345  -1.1274694  -23.39727495
   8.03785324 -16.17188692 -11.28117608][ 16.08553075  11.57632359  -1.99904127  11.86742502  10.1416423
  -7.2150606   -2.37395894   6.89619624   1.46059739 -19.80866138
   5.49871527 -16.47605975 -14.54845784][ 16.06249621  14.7442484    1.53815222  10.67301554   4.14632612
  -5.1552296   -0.50849289   5.82162464   8.44166389 -19.79928913
   2.55300778 -17.45971246 -17.20597986][ 16.00950338  16.73445967   6.09805343   9.2105713    0.24018149
   8.03152744 -10.08047325   3.64430353  18.21512496 -21.49285011
  -3.47249505 -20.48098692 -21.86581929][ 15.76184087  16.13077388   4.66562418   9.12186526  -1.73124022
  14.12382522 -13.41348109  -2.96857253  17.95251121 -21.70380594
  -3.38269434 -12.51262854 -19.66538268][ 15.40391812  15.86978826   2.59100742  10.41690067   2.47444193
  16.04362809 -23.54980928  -8.10735079  23.18723223 -20.7642484
 -10.31162728 -24.26517848 -21.74523855][ 14.66503079  13.37574133   0.97263496   7.15498887   9.9233965
  22.10688243 -17.08102683  -0.33837603  21.72213221 -14.17381448
 -17.05969959 -28.83605501 -17.29195095][ 12.75650021   8.32597916   0.10288107   6.1735597   11.77411161
  13.12614443 -10.81518184  -1.82288676  17.63001648  -9.65829319
 -15.16728665 -18.58861217  -5.72514079][ 11.94199644   4.13158647   0.05401581   6.95862298  18.0875933
  15.30600797 -11.55696473  -1.13366812   9.13225381 -14.70585506
 -17.75650706 -17.96461717  -9.27552775]