[ 12.31118895   7.37313245  17.32698018  11.88025457   5.51250165
  15.96640807  -5.88369511  -7.69617604   5.60192463 -18.81433041
  -0.04287453 -15.33873573 -11.25288473][ 14.74675419  11.09483118  26.026659     3.09600863   4.47283293
  13.65080699 -15.30507228   3.02885565  -6.3598215   -6.78907282
  -5.33619241  -9.49576161 -27.32262184][ 15.78201776   4.29957997  21.54364242  11.80936992  -0.60277594
  14.13508413 -16.31676895 -10.17516277  -1.19511402   2.78618498
  -8.07707293  -9.74945147 -17.26009255][ 16.22651768  -1.49375134  21.01216568   5.79691879   0.49210474
  -4.29210586 -12.941537   -21.52878145  -4.12052824  -5.32982472
  -2.55809922 -15.93091428 -21.18729934][ 16.48724951  -6.22022147  22.76620955   5.55438762   6.21924005
  -0.36990285 -10.78489119 -17.71123797  -1.02424917  -2.65373015
   7.76394658 -10.88412515 -11.75176549][ 16.48144001  -7.26934933  17.90825348   2.58385536   6.36133941
   1.93901706 -12.19919887 -15.57456311  -4.66056188  -5.31427432
   7.76988399  -9.9201161   -9.38611642][ 16.23208516  -8.5264116   15.93430839   6.11060839  11.44046895
   8.09338406 -16.80586624 -13.25668814  -3.3880483    5.54342379
  10.67766093  -8.01464895 -10.12283137][ 16.29545279 -11.41794365  14.60992724   4.59506411  13.36552255
   8.19772805 -12.87183238 -11.32117885  -4.37614747   3.53016392
   2.1684593  -16.90137596  -9.55705234][ 16.43570716 -11.03088776  10.47503263   4.47496055   9.16094667
   4.63226309  -6.97555972  -8.37144995   2.96735264   1.97431227
   0.18005932 -18.63032305 -11.17138958][ 17.10252387 -10.15258009   7.15550821   5.13092302   4.80131149
  -0.53695748 -20.07858566 -14.40483133 -11.32242175   2.06987449
   0.22028168 -16.9708189  -17.39549849][ 17.82613386  -4.78308346   1.47735869   2.09938865  -3.84158858
  -5.05635385 -23.01878383 -19.16898896  -4.85712966   8.28288232
   1.53789231 -15.38418306 -14.38622669][ 19.23910581   0.13826965  -6.32119936   3.76207077 -13.85345605
  -8.20620169 -25.61559082 -23.33703896   5.93961565   7.24875427
   6.335969   -21.81629246 -15.81961026][ 19.7356139    4.43269659 -12.19345618   6.41344659 -16.57856155
  -7.08327209 -22.49426477 -21.9231079   16.22703787   3.43246204
  15.17542533 -22.84502522 -14.96037529][ 20.27823957   3.57467239 -15.39545665   2.52015106 -18.63520258
  -6.13741402 -22.09791938 -16.33485089  16.01113072  -0.64515018
   8.34494719 -19.39546969 -16.61062377][ 20.43023053   1.66032294 -18.19412804  -1.86641301 -20.68194184
  -6.57574329 -22.91127144 -12.40404318  17.53288575   0.31679173
   3.03656786 -19.20709093 -25.59175896][ 20.69260595   0.84944169 -18.6415895   -2.75731385 -20.73138584
  -6.1945899  -25.63519911 -12.5066439   17.45266984  -0.78427742
  -2.8942379  -17.33297427 -23.5685389 ][ 20.91967913   0.94686605 -18.28397416   0.25085003 -15.57933688
  -4.18065582 -17.61677271  -7.60281381  29.24173961   6.55897543
   8.89743726 -12.82746409 -17.7200674 ][ 21.02595453  -0.11427052 -19.78453275   0.96784185 -15.86845563
  -6.9313537  -22.8448638  -12.80347963  21.9209536   -4.0030354
   0.38753984 -12.8488709  -20.9232797 ][ 21.19643807  -1.45306913 -20.89891834  -0.63096612 -15.80231928
  -6.23665472 -22.89829326  -9.55256867  27.35558499   1.2101566
   2.08338308 -12.04330515 -20.61327737][ 21.03562261  -1.73510978 -17.75511318   1.02974145 -15.55200366
  -7.17023859 -31.3608206   -8.97146347  21.38789015  -2.13410607
  -5.82525278 -11.60938579 -20.99035271][ 20.96618637  -1.66256273 -17.32055955   1.91731536 -14.10996443
  -7.11838725 -32.02417268  -4.54679076  27.4598458    1.5046633
  -1.36230788 -11.15540154 -22.00762443][ 2.07348245e+01  1.44317284e-02 -1.73784773e+01  4.63195610e+00
 -1.46253733e+01 -6.70093475e+00 -2.94075485e+01 -4.34783059e+00
  2.28859588e+01 -4.75357355e+00  1.14014502e+00 -4.07768063e+00
 -2.01293004e+01][ 20.7308646   -0.19143455 -19.57867139   4.4616204  -15.15102742
  -6.89036516 -28.6447792   -2.24268056  25.5562526   -2.5039742
   0.72555241  -6.10653516 -26.33322178][ 20.67038279   1.04078368 -20.27929875   2.12223956 -16.48831528
  -8.48979277 -30.42748634  -6.88024297  24.71942521  -8.58297546
  -4.63431856  -7.38294049 -28.68467577][ 20.59476914  -0.67703881 -16.39029149   0.2074498  -14.60769026
  -5.49600794 -26.14650038  -2.05908117  26.85290056  -1.85035101
   1.12505968  -6.48745774 -22.55705922][ 20.47375165   2.09050237 -19.65752265  -0.48564551 -18.8431821
  -3.6274379  -22.25696478 -13.6179311   28.9405229   -8.34606177
  -0.08955765  -4.7010143  -24.2128395 ][ 20.12782803   0.41801841 -21.70876149  -2.82601049 -24.11246862
  -4.33583175 -24.86098566 -24.71814696  22.26360613 -12.27519808
  -2.98950712 -13.03771761 -30.42948186][ 19.45951329   3.35828176 -21.14101413   4.86714806 -17.77446436
   1.88440073 -20.24040085 -24.11673505  29.69819703  -7.13138221
   2.22077719  -0.80569534 -24.9176637 ][ 17.91130146   0.84815296 -16.16098851   4.62475122 -23.41563732
  10.0342788  -15.35670896 -24.15997299  13.89108609  -5.15663084
  -2.81195176   0.21477598 -18.30803906][ 17.97230561   6.12952889 -16.64429376   3.476914   -14.91977187
  -9.85227761  -9.22033711 -32.44664612  15.7723345    0.16773182
   4.25963297  -3.42277027 -20.46224185][ 19.35796511   5.04815827 -16.51808631   0.64951773 -18.96783578
  -7.86145965  -3.7369559  -33.45636336  22.1488396   -1.99221984
   6.79678079  -0.17232509 -22.41692868][ 19.6733799    4.1293359  -18.36479495  -3.81249509 -23.75684526
  -8.18469997  -6.79066011 -32.88027781  20.23671043  -3.66083664
   5.5878179   -2.4075087  -29.40006536][ 19.70077102   5.58472672 -18.57889156  -5.70154953 -24.40162383
  -5.10357442  -4.24069395 -29.48270368  21.08425289  -3.36416682
   9.5749392   -0.06134537 -31.04658049][ 19.7096969    7.70040438 -20.16609495  -9.09502742 -28.3810749
  -6.56479394  -5.51244674 -28.33776062  10.63458755  -9.79060498
   5.30870471  -2.13437751 -31.58589052][ 19.36210986   9.88469993 -18.35372699 -11.2467063  -30.30502932
  -5.19544078  -1.28054512 -25.94236149   4.51871254 -13.14771862
  11.35705612  -0.90025451 -31.87883688][ 19.26627287  13.83857075 -19.60883909  -8.99466346 -30.80698952
  -1.95763826   8.3817265  -26.03417159  11.31274792 -18.33159571
  19.44757184   4.21338106 -28.31171844][ 19.37907184  14.24412882 -14.47834726  -8.77062799 -30.47668308
   3.5161446   12.32563872 -18.29524528   5.45163921 -13.31011564
  17.26259167  12.37121006 -27.42164124][ 19.55178225  12.08164022 -17.03770336 -10.99687245 -32.46429306
   3.48324752   9.61381335 -15.60894271   3.19322472  -9.42422494
  10.35647199  17.55345027 -24.85568899][ 19.47656159  14.68194384 -17.80088863  -8.86308582 -37.83415785
   6.3732509   16.36452159 -10.41798014  -1.51451789  -9.90909454
  13.52892979  13.53720658 -25.28521239][ 19.35139251  13.30024053 -17.78018565 -11.53898373 -40.73945565
   2.71545872  15.26431344 -11.27527357  -4.68801007 -10.46088519
   6.86931697  10.58000855 -23.55357756][ 19.36250524  13.36359101 -16.26301031 -10.61851456 -42.83262381
   0.36869953  16.27532693  -6.86018139  -2.55692782 -12.60132017
   0.77188599  13.67934376 -17.4196888 ][ 1.90524529e+01  1.54697727e+01 -1.29540505e+01 -1.10081866e+01
 -4.09424710e+01  4.98877406e+00  1.96510533e+01 -1.17173270e+01
 -2.29314473e-02 -1.06428898e+01 -3.80689476e+00  1.21156115e+01
 -1.57215796e+01][ 18.82924954  18.09602435  -8.79717541  -7.20837207 -38.21302944
   4.83570013  24.00833318 -11.33911635   4.82254512  -6.68110943
  -0.10108286  14.19548354 -13.58848756][ 18.70250064  15.80010649 -10.76535565 -12.0013189  -42.36137404
   0.63754781  21.60368357 -13.28875846   1.55752195 -11.72652255
  -4.43468317  10.48818576 -21.84311504][ 18.10690679  16.39129082  -9.3509593  -12.70472579 -31.91335547
   5.42272179  17.02373703 -11.0395115    0.62234897  -8.60436447
  -7.50292973   7.26265023 -21.92722422][ 17.68520951  22.22540375  -8.28570553  -4.87673425 -29.6202862
   9.47680329  18.42931115  -6.92298613   3.30152983  -7.83927474
  -8.35145197  12.27468691 -21.6392517 ][ 16.94709899  23.80016317  -2.56537089  -5.91704526 -20.17646571
  10.46364062  19.30186169  -4.00870419   1.54910027 -11.37205318
  -9.36840352  11.36103102 -19.55947217][ 16.19363966  22.3882342    5.00610947  -2.80090034 -16.97804249
  10.26226572  13.47164942  -0.05625369   3.59088896 -10.15955427
 -14.32280361  15.32901339 -21.73945622][ 15.53710675  20.97725595   8.19819013  -5.28055235 -12.20160206
  20.2326577   17.20841304  -2.08249095  -2.37716134 -13.41437309
 -15.97431549   9.55938056 -20.1347201 ][ 14.80586057  19.20142414  10.59968735  -6.53617032 -10.4967123
  22.75343276  20.82876759   9.78694824  -0.44678475  -9.49659976
 -13.40837936   5.70756255 -15.98238977][ 13.94129778  13.12373369   8.62216998  -2.71468173  -5.79491767
  21.48576128  20.58490866  17.61269064  -6.40881202  -8.49284671
 -11.87317957   2.87018487 -23.3540308 ][ 13.074878     5.72110235   3.81518596  -5.52854569  -6.39772633
  21.69342727  16.82793828  26.83692002 -13.64327885 -15.24910637
 -16.9499791   -2.59003713 -24.79233251][ 12.45297379   2.94810136   2.04469564  -8.28606872  -7.1338936
  14.24853133   9.88813821  19.04366397 -20.59454832 -13.50364835
  -7.05788444  15.35523925  -7.63232992]