[ 10.80401301   1.44923403  22.96670611  20.56919819  14.1805468
   4.25657987   0.62988451  -2.28215992  -5.03957486 -15.28939679
  -4.5890112   -8.30757005  -8.19961915][ 14.18209518  17.88139675  15.50362573  12.46218358   9.81701202
   0.65065594  -5.33122233 -10.95613825  -4.48479032 -19.3676675
 -19.52046114 -20.53541157 -11.4074808 ][ 14.69261093  15.15674159  19.8174647   23.03149028  16.19097977
   5.94174352 -22.39951751 -31.39253124  -4.39250884 -16.88556197
 -21.56139144 -26.57893841 -21.34782504][ 14.73490713  18.6094212   15.25787251  12.71837484  11.12329778
  10.62143628 -16.03717339 -24.67970941   1.45762185 -16.0899622
 -19.21558694 -20.65910759 -22.24385897][ 14.48995213  18.11658694  17.41573448  19.13098309  16.80740393
  13.92562233 -21.04938199 -31.83666058  11.44427943  -6.31058307
 -11.99581232 -16.3560352  -19.86366265][ 14.57764211  21.33835584  17.14962997  10.4249124   15.41825569
  11.37772104 -15.9811716  -30.01229948   5.94861334  -5.80606492
  -7.62368168 -20.97396273 -25.13994553][ 14.49797734  21.6019947   16.39164734  10.37442489  18.94852776
   2.74387005 -18.14634693 -22.50017717   1.50725856  -2.49971541
  -8.62056582 -24.55233404 -17.99415633][ 14.50346174  20.60508086  18.72860493  10.86878835  15.08960805
   5.17349246 -18.36113593 -32.15635913   1.30327839   0.80856247
 -14.7895948  -26.01587984 -23.49884929][ 14.43690549  21.17354747  20.14289633  17.09588568  18.70279504
   9.97373749 -17.48360484 -29.12259219   9.57696843   3.00614457
  -8.2962934  -18.34253692 -18.24700345][ 16.12322774  -3.60630164   1.8543147   22.62374854 -14.80984967
  11.93880976 -10.56713875 -13.97000105  -3.93840027  -5.09722026
 -12.4600865   -5.98049301 -16.22556843][ 16.88039396  -3.41990017   3.8177713   17.07999289  -5.26540515
  10.04458927 -25.67902116 -20.56842174   4.15267421   7.6514396
   2.17713458  -5.93133689  -4.69960322][ 16.90283532   0.06190832   6.32761686   9.55893633   0.15340227
  10.06367451 -26.79696417 -17.14671242   3.30579596   6.8526584
   5.73418602  -6.37193445  -5.21607287][ 16.64516298   5.79059331   0.79169981  10.51653443   2.10482968
   4.65166252 -17.71351017 -26.20838595   8.04571189  10.67479711
   4.41273829   1.80785254 -11.57821691][ 15.78210723   9.60534536   5.23729174   3.29789457  -3.16974788
   4.67923181  -4.32784574 -27.4552876   -4.98460011   9.81825445
   2.43171021  -0.17680393 -20.97354852][ 15.12677762  12.79241924   4.27140547   6.52083614  -7.53842514
  14.18487772   2.97958628 -24.77855745  -3.35297712  -1.56040267
   6.12759751  -5.3155005  -24.6354338 ][ 14.73860296  10.27384308   7.8320762    6.14591769  -2.67964076
  16.62120826   0.02877046 -27.14399857  -5.78103466   2.86695253
  -1.80423947  -5.72637792 -18.45222362][ 14.39651905   7.94573044  11.21677734   8.28886558   8.33800611
  20.51718061   2.1228825  -16.22534058  -7.14542617   0.20992943
  -1.91401868  -3.85759567 -13.29014814][ 14.30433544   5.66661253  10.48025323   4.95140768   8.88294159
  16.25437754  -3.42876724 -14.5820368  -16.98436924 -15.27961478
  -0.35671185  -0.59833117 -22.45966258][ 14.36713841   3.70010777   6.71600938   9.62019093  13.40376061
  16.62959201   5.70744153  -7.62081144 -22.74839366 -21.21409472
   4.83756113   6.31103289 -19.47504151][ 14.72705761   3.83657273   0.64975193   7.28711447   3.41058071
  11.3914494   12.315633    -7.34274944 -22.32990992 -18.64102755
   6.24285362   8.71725101 -23.4351877 ][ 16.55966722  11.22160863 -11.70626214  -0.14770046  -9.90336997
   2.6289499   10.01379291 -16.41233593 -11.70401595  -6.67292653
  20.14443274   9.77884299 -23.28618619][ 18.28362212  16.2684376  -17.01075284  -5.29278622 -19.07869973
  -9.55486945  16.99477709 -14.75928787  -3.14769974  -2.29362309
  29.25582351   5.01942479 -33.43745367][ 19.45910007  14.51219248 -19.52606238  -5.04619873 -23.13962595
 -12.39846053  13.78695644 -11.83464772   1.25407918  -0.14807746
  17.72543961   0.76788096 -36.03922809][ 20.36323326  12.16073256 -22.97595831  -9.59739819 -24.16205926
 -14.65119796  12.67257955 -10.65500896   4.0188847    0.26456816
  17.0866508   -5.36047119 -33.08193037][ 20.67498917   8.96894614 -25.82434345 -14.59984872 -26.08994603
 -15.45305378   9.72353057 -12.99130302  -1.63569418   0.27719364
  13.9319779  -16.19651797 -40.20536614][ 20.87355733   7.53599558 -25.46322716 -16.9076834  -26.22937581
 -12.3033243   11.54894071 -12.84853486  -6.0406       3.63193461
  14.82661315 -16.02693067 -39.30055661][ 21.25795528   5.6551396  -24.89924113 -15.45006426 -22.65323074
  -4.26903439  22.74865389  -2.39291976   0.68546932   9.22768864
  16.5413683   -6.25044329 -26.65518088][ 21.29519599   4.03736294 -29.2850319  -17.1312244  -19.17365522
  -6.94107721  19.72049807  -4.02163752  -0.43210175  -0.9707654
   2.32293487 -15.55131366 -30.48950228][ 21.3223509    1.45859167 -31.25991442 -22.40137177 -24.57789802
  -7.20388122  18.31670599 -11.07538053 -10.92538789  -9.24252523
  -6.98972918 -24.26366612 -36.09434035][ 21.46093192   5.56866524 -26.10260601 -16.6419493  -17.46309797
  -0.95887049  18.6536293  -10.17687864  -2.77250477   1.67245473
  -1.51411167  -9.61019687 -22.32345958][ 21.30119199   4.41528874 -28.55595302 -17.62451362 -16.34032141
   2.43492905  25.65623112  -6.77772008  -2.75716741   3.34234049
   2.50427265  -8.48683602 -24.75525775][ 21.07430231   4.56812778 -28.45004848 -15.89248803 -15.61553561
   2.47773674  27.14563236  -8.19861265  -6.25747934   2.90988763
   6.01181932  -5.31122717 -26.03692609][ 21.03516712   3.0494456  -29.72915737 -16.89107286 -16.36081836
  -0.14122514  26.6193116  -11.66493471  -7.59943221  -5.39968275
   6.90102808  -8.34715302 -29.82817691][ 20.9791359    1.49939367 -24.47279622 -15.6726799  -18.78692833
   8.33166453  19.4104346   -4.83920975  -7.34343854  -0.29547137
  12.87867005  -4.29177428 -24.60221672][ 20.48986262   2.59955837 -29.09195705 -15.94332759 -24.04780765
   5.60274523  17.93103295 -13.99636073  -9.31518547  -4.07322904
   4.57272461  -6.22493365 -36.66141616][ 20.29070838   4.69070142 -30.73010751 -12.67574697 -25.25605158
   7.55854687  19.57581343 -15.00834598  -5.49308851  -5.588306
   7.03275934  -8.63461527 -36.80781978][ 20.31711659   7.05008566 -31.32573085 -11.33970745 -25.8561846
   7.27032695  21.05160503 -16.35915412  -1.29808162  -7.08677684
   9.81179245  -8.15605367 -36.44775222][ 19.91474765  10.48952623 -31.72914724 -10.11635159 -27.15185183
   8.64139496  20.62688745 -13.8013841   -0.43348933  -8.0464493
  14.87472419  -8.04573249 -36.49395515][ 19.63674177  14.72609522 -26.00106122  -7.35519747 -23.9746855
   8.13357784  23.31682021 -13.28913362   2.70454612  -9.12161978
  17.15676195  -3.72735879 -35.8168097 ][ 19.32320358  15.97708413 -30.91129534  -8.37441915 -29.8383008
   4.54218422  20.46197737 -16.74593921  13.5985655   -9.81639346
  12.47090764  -4.79576212 -39.78715438][ 18.52700802  13.39414269 -22.01447854 -11.52889248 -28.46260355
   5.50808503   9.16989319 -11.76522711   5.50673982  -8.90269035
   8.13951311 -13.73324801 -37.27642819][ 17.87831225  22.86028485 -25.33886699  -3.9621789  -27.54940166
   8.15346749  11.01022759 -20.79198461   9.73597852 -12.26143178
   9.19393094 -10.95050448 -41.56680413][ 16.8930891   20.92200973 -14.21760094  -7.57084815 -20.83234084
   7.34263201   6.58526898 -23.29600469   3.73118997  -8.96017807
   0.50631616 -14.1323948  -33.98288841][ 16.16171442  23.00940126  -6.70046284 -12.59902888 -11.49139211
  15.73057322   9.00954386 -13.3880005   -0.91414323  -8.63860866
   1.8087589   -6.35644602 -28.21221026][ 15.62672393  22.99024198  -8.82702792 -11.09778278  -4.5228196
  10.85907163   8.20728766 -18.14125816  -5.29099647 -13.94242369
   0.81332796 -10.55951191 -29.96242776][ 14.73160507  21.09681591  -6.01306202  -6.86257111   3.17524674
  20.03506178  15.12619563 -13.53921724  -8.47478782 -13.2593227
 -14.96538783  -5.09420837 -23.94630707][ 14.09683571  16.54433936  -7.42945973  -6.67205353   7.84292065
  31.39349327  23.95474804  -1.29191067  -5.42694973  -3.62685574
  -5.1944784   -3.1709576  -32.92637247][ 13.49455121  12.00356966  -7.72650192  -5.2081217    9.69414282
  35.09067089  26.58449902  -2.53597726  -7.36686357  -2.79941593
  -4.75764896  -8.21757969 -28.91531513][ 12.57917633   9.2216507   -8.81381079 -12.49019369  -0.90025496
  22.10042921  17.92278412  -7.04565341  -7.47415623  -6.07118317
 -13.458982    -8.5016233  -27.40100075]