[ 12.93093808 -23.85243084   6.08920127  16.218399    -3.69280183
  -0.27360341  12.94525497   4.09990882 -13.04561193  20.9577287
   6.82500886  -0.66627971   9.91293485][ 13.97445541 -29.16820489   8.46340743  16.95935229  -9.10994129
  -0.93951324  10.24105063   4.28453668  -9.78996541  24.3070036
   7.53295809   9.30213221   8.33726908][ 15.08633282 -31.64938608   6.08749701  18.64986289  -5.93562615
  -6.44888802   3.06502254   3.05564711 -20.11075438  15.68708295
   1.31102539  10.18417514   0.69549363][ 16.04080265 -33.53185063   2.76874996  17.54870229 -12.60529931
 -11.22934486   8.8884136    9.35998628 -23.24863359  12.52535169
  -2.50129924   5.16427409  -0.46534263][ 16.7054485  -34.98193194   2.52877628  15.63316536 -18.38032466
 -19.3274477    3.40653758   3.70331979 -19.09010875  14.8298117
   1.83401117   4.17511901  -0.09260333][ 17.32848471 -37.1664429    1.15537983  16.06783828 -17.0332734
 -22.03082783   8.11347169   2.1617091  -17.15783775  24.39121691
   5.91805153   5.91098018   3.32812461][ 17.8075661  -38.14704497   1.2059377   13.85222046 -18.02234321
 -18.07984761  12.43171492   7.26727604 -17.54927292  21.60843141
  -4.32367419   5.92189391   3.58944431][ 18.17271322 -41.5171904   -2.82031394  10.42443529 -20.56499827
 -12.00875532   5.03247875   6.45126719 -11.57460995  22.55485543
  -4.9506647    9.17098685   5.29029356][ 18.54960523 -39.95271867   0.92610576  15.06925886 -18.1568521
  -8.72519154  -3.47419909  -1.16857772  -9.3259586   24.35974717
  -3.16822534   9.07597909   2.33921191][ 18.94962729 -40.69322719  -1.87036603  15.14624775 -22.12048537
  -7.36937711   1.02058017   2.94388628   2.25746047  23.18925439
 -12.84486093   8.17902352   1.3697011 ][ 19.49043368 -34.36856611  -4.05637388  18.70861578 -19.34121
  -2.91265905  11.22811023  -2.70322374 -11.00288088  14.80995076
 -12.75898301   0.39327943  10.41411645][ 19.94522095 -38.8975455   -8.8103429   14.38359025 -26.0213488
 -15.95109994   6.15972723  -1.82058018 -10.77068305  24.74879409
  -7.47828597   3.07267264  17.25015944][ 20.43149476 -35.78125679  -6.06857838  21.08614939 -23.52842198
 -11.68940816   7.5728667   -2.2674446   -8.77661749  25.29271752
  -8.85660736   3.17540181  10.63333817][ 20.0958406  -36.33534169  -4.81339364  23.22877441 -23.26884774
 -15.35130566   3.52877229  -1.71251395  -7.28499772  30.4579175
   2.97747669  11.72249046   8.15910825][ 19.13279959 -22.66105425   1.11858104  21.82797519 -13.66805232
  -9.81394169   4.19137997  -6.89871571 -22.1937398    8.88359815
 -15.70925786  -9.19220549  -2.7028074 ][ 18.64156979  -3.60343029   2.60285308  28.77051159  -4.68976313
 -17.48734171 -24.08884836 -14.09513494   6.23461222   7.01415312
 -26.20886073   5.78760298   8.54481191][ 19.39217506   2.97078184 -14.21390391  24.74676451 -10.49364514
 -21.82092767 -24.0276932  -36.01807106  13.14278412 -10.40003821
 -23.8532543   -4.06143637  -8.73938008][ 19.97480543   4.81727706 -14.73839895  26.60457835 -11.15679822
 -20.90495784 -18.46757931 -33.06592624  24.26164412  -4.71034292
 -20.13640416   5.42916163  -0.31953792][ 20.38606447   3.05935412 -16.02457816  22.56891443 -10.45085946
 -21.21407934 -23.95051062 -32.1922046   24.05886545   4.5368806
 -12.83435543   7.91545772  -6.06615069][ 20.66145048   2.82406059 -17.49680069  14.03548506  -8.91543201
 -17.58165361 -16.84614231 -18.26134067  18.4676477    4.03825998
  -5.1419216   13.71171152  -4.17615643][ 21.17653848  -1.24084581 -18.60513168  15.58542754 -10.4538617
 -28.55769189 -27.35680326 -28.33285069  27.37979524  10.77387487
  -8.93636615   7.24484558  -8.21798084][ 21.39808858  -1.97014081 -19.58139588   9.68404788 -14.35255459
 -22.97198138 -24.22652975 -24.8902804   25.56705203   6.87556518
 -11.84686271   1.96970388 -11.60921569][ 21.53741455  -2.38966556 -17.8651618   16.36312685 -11.3377466
 -22.83601685 -29.21781378 -21.81506832  32.24310093  16.98057331
  -6.37202336   1.9521046  -10.4385126 ][ 21.47984282  -2.73035146 -20.61817829  12.83942151 -17.53679926
 -19.93999112 -30.15918444 -21.36305364  26.03745173  13.26339889
  -8.65667067  -6.28721334 -14.20811806][ 21.32829286  -0.74987195 -17.28826355  19.94417579 -12.75471782
 -17.51550547 -29.95725568 -18.2583529   32.0959493   21.28615336
  -0.6760481   -4.42740173 -12.06916929][ 20.74442893  -0.5276688  -18.55502758  16.26574762 -16.14288163
 -21.36264014 -36.88948609 -30.11250007  14.60591083   8.97323195
   0.14255294  -9.68090761 -21.42391957][ 19.91549554   3.56914952 -18.7411986   18.04485642 -14.58112886
 -17.49493936 -31.66645396 -24.81880428  10.70412534   6.20042541
   1.60548637 -11.82520374 -18.26226906][ 18.66315015   7.56676471 -20.15804632  22.00246295  -5.82317963
 -15.69089    -24.14300681 -30.18998799  19.13769185  -1.91114567
   6.59097474 -10.75424357 -13.0813992 ][ 16.62278771  10.83816418 -19.59592994  22.47809668  -3.45502747
 -10.17257861 -12.79025772 -24.1446276   26.74449722 -10.90955735
 -16.89630603 -17.71093296 -27.66328832][ 16.23804608  15.2363503  -16.94020571  17.0473228    3.99739094
  -5.98752647 -14.24565304 -19.99734093  27.21036468  -2.3893306
 -11.62213655 -31.39322997 -16.70584719][ 16.11564055  16.79992512 -16.20270147  14.9523272   14.02300906
  -7.2784494  -13.48967752 -16.90558511  25.43646288  -5.35841527
 -16.94166712 -31.46308995 -15.80149831][ 15.93020875  17.8017541  -13.93455729  12.73592365  16.76724498
  -2.9572787  -19.0752241  -26.33841084  22.47914607  -9.91598862
 -20.77965021 -32.37642396 -16.16249949][ 15.73083015  17.92513433  -6.77729573  13.85468683  17.97571308
  -3.30620387 -21.85689379 -30.11234146  14.56199357  -2.99201316
 -18.86364698 -32.68291562 -15.5089284 ][ 15.59358257   7.35197779  -3.01833963  17.8923536    4.80667778
   9.52724229 -30.97539878 -16.71147674  -1.2745431   -0.08121667
 -17.07124738 -23.27077685 -13.20288996][ 1.73156744e+01  2.59994880e+00 -9.86820528e+00  1.97648373e+01
 -6.91675504e+00 -2.04910634e+00 -3.32262038e+01 -9.50382055e+00
 -3.00159843e-02  1.32129230e+01 -4.53002561e+00 -3.48109501e+00
 -3.05520365e+00][ 19.36414903   0.72057914 -20.77959534  14.58580615 -12.78416129
 -20.02868584 -24.77107332 -26.83349545   5.53953504 -10.77390249
 -13.47777566 -13.41158043 -13.8087679 ][ 20.0089461    0.48661743 -24.31393788  13.33093767 -15.89720451
 -24.26412622 -25.62977133 -28.55713495  18.96035175  -7.84024936
  -3.36062822 -11.40512677 -13.24548238][ 20.31564032   1.02093704 -22.72194992  13.92071456 -14.52827379
 -21.33914855 -20.08285714 -20.46451741  26.89440936  -1.38154834
   0.25479144  -4.29509276  -7.0267957 ][ 20.77753145  -0.49123777 -25.85941487   8.68702729 -17.13886572
 -19.72935492 -22.4457477  -18.54321271  26.4048276    0.68431298
  -4.42068374  -8.09984097 -11.43666195][ 20.8302288    0.4127643  -26.42305042   6.74024449 -17.315329
 -20.99380639 -26.55268953 -19.35098774  27.80882693   1.08631982
  -8.02757754 -10.81511677 -12.93357863][ 20.78785271   0.30934935 -26.14276873   6.9560625  -15.75999466
 -16.4831457  -21.80836256 -12.99968383  35.1064116    2.99470578
  -7.10465484 -12.06204911 -12.87999017][ 20.77572088   0.54992982 -26.66859082   6.79055769 -18.09587285
 -14.95087595 -20.97793429 -16.61039075  33.9569919   -2.90032567
  -8.14259007 -10.99496356 -11.87168696][ 20.43659007  -1.14668755 -25.05721847   2.72650577 -21.30723014
 -14.22590761 -23.48843812 -18.09376633  32.90340178  -6.78548345
 -14.0341847  -16.23508967 -17.19023593][ 20.0370254    2.6395564  -25.6311904    8.20534269 -20.68422765
 -10.1397269  -11.77883742 -17.71251426  39.93339823  -9.32157873
  -3.12377965 -10.75791404 -16.64333622][ 19.91140521   1.36370568 -22.79554393   4.60243347 -20.8641162
 -10.17947639 -14.20785251 -17.58172267  28.63845072 -11.89410049
  -2.73608362 -10.10874718 -17.23574428][ 19.50596482   2.54036683 -22.37605583   1.60104968 -22.25582897
 -12.96790976 -17.66792561 -24.56081391  28.58759902 -14.88330817
  -7.07995709 -16.05240863 -22.44416867][ 19.07925511   5.35520096 -19.70457868   1.82495427 -19.40317203
 -10.29652952 -10.72535229 -22.95366711  32.03824246 -12.93138156
  -1.55927507 -10.8517145  -22.54483148][ 18.78000305   7.41177709 -17.48351261   0.40666964 -19.24222903
  -6.50656931  -8.82441509 -24.72706081  32.41685071 -14.13107777
  -2.20989967  -6.74595103 -21.56270255][ 17.85552023   9.54585711 -11.62433581   1.3740653  -15.77658277
   1.60316273 -11.25217243 -15.63941033  23.87417141 -18.23102737
  -1.70540381  -0.81269634 -18.8066584 ][ 17.14442536  15.66118685 -12.50539225   3.77429532  -3.63193787
  -4.07821391  -2.86964615 -10.58167507  16.07996726 -25.33747396
   2.2584005    8.01434773 -22.53466605][ 16.9266866   13.75031936 -10.81953722   6.85242191   1.04155903
 -10.91164915  -3.52514721  -9.00623872  -0.30027067 -29.5406266
   5.17201629   8.73966261 -27.4844104 ][ 16.69680467  13.34918394 -10.56948487   8.51619464   2.37188148
  -9.62200012  -1.0184656  -13.07148043  -7.297625   -32.13160327
   5.13378691   9.89322108 -27.72351646][ 16.72624312  13.78677894 -10.09220879   8.32344383   4.50618875
 -10.66264663   1.85864758 -10.92353772  -9.38085004 -30.69445281
   7.23450605   6.96139181 -25.48662243][ 16.59983328  14.56314139  -8.6519739    7.16708796   8.04002021
  -2.07623983   1.05755844  -7.18225434  -8.0224248  -21.74326377
  10.85027674   6.53055183 -24.66459621][ 16.5423272   16.22218393 -11.59534309   8.37026449  10.76547965
  -4.02804116   2.35060559  -6.80594894  -3.59868736 -23.31197964
  10.38120426   5.79883736 -23.84093609][ 16.32359654  15.7655408   -8.7468963    6.30924056  14.64499524
   0.89135916  -1.63715617  -0.81950644  -4.49553542 -21.64937739
   7.29387135   4.86658545 -21.69243921][ 15.96736925  20.32239211  -6.07114188   5.71028365  12.62599443
  -5.58046108   0.32692351   1.86073439  -3.48817067 -15.35647872
   3.65474128  -0.68311207 -19.10311644][ 15.58761772  22.66118621   2.11007376  -1.0919125   11.51373775
  -0.77639909  -9.53830232   0.44892388   1.46180506 -18.85468546
  -2.24207462  -1.62410736 -26.56682217][ 14.93364506  19.24753967   2.17261619   3.40298729  14.1716927
   7.91968532 -10.5251691  -12.49858104  -2.40765331 -20.8510489
 -12.03990867  -4.68977371 -19.25955698][ 13.80251085  15.77475268   1.69039745   3.12881878  16.79147412
  14.17428802  -2.41910481  -5.66102706   1.58218659 -20.13291568
 -11.29074041  -9.495381   -14.450652  ][ 12.91066526  12.55027449   0.73751284   1.62748691  16.90872352
  21.75012533   9.22970176  -3.54327251   3.81744227  -7.87599223
 -10.74821133 -20.65110355 -18.01129619][ 12.16231276   8.8666857    0.46587895   3.21061498  18.84948495
  20.56644129   3.91302132  -6.08979162   5.75210299  -6.29985286
 -13.28354318 -19.37513455 -14.04898039]