[ 11.19067966 -11.64933441   0.40213536  -4.33267947  -0.6458699
  -2.19592466   2.90352451   7.13536952   8.36076202   0.14684403
  -1.83391587   0.1807935   -4.05850536][18.15871158  1.03517867 11.87453016 16.8375966   5.29104139 16.74098596
 -8.99205758 12.75203961 -4.00584113  1.78858516  2.14083034  8.48258379
 -7.0530731 ][ 19.15435899   5.36936456   5.91746027  25.05613943  -5.40885504
  -8.72948065  -5.71739132  12.47228538 -16.46443749   3.53668863
   1.78549433  -0.86710188  -8.78850548][ 20.07036011   5.63384523   4.93395801  36.38307134  -9.30173175
 -19.61487197 -15.02093173   6.43533154 -22.42894156  -2.16905662
  -4.51678291   1.40584663   5.69684289][ 20.56001235   6.82259486  -2.3919895   39.43113297 -15.64400922
 -31.45286333 -21.10312541  -0.25150936 -23.38139758  -5.1397925
 -10.27000642  -4.11160787   7.91666355][ 20.69862508   6.46075133  -5.3534271   34.30059272 -16.10889705
 -29.38245795 -19.71870881  -2.04255331 -19.9335353   -3.18225148
  -7.70796975  -7.34494372   3.60582343][ 20.49011306   6.53420145  -4.81407975  31.10674109 -16.38815056
 -34.72658073 -20.69799907   3.69872448 -18.91829568  -6.15417191
 -10.3719647   -2.65690142   6.15223651][ 20.46799872   5.89811273  -5.37091819  31.76603693 -20.76975258
 -37.2712286  -18.11053894  11.50316286 -10.4566881  -11.57726433
 -17.93567365 -10.63835576   0.09797316][ 20.40158075   7.12916365  -2.77305715  33.93201836 -16.03414195
 -30.42845883  -6.411569    21.54404512  -0.4712554   -4.30277503
 -10.21852859   3.79063751   5.83589485][ 20.35146842   6.91465018  -7.84781223  30.68777307 -17.51809423
 -34.32721775  -5.98485548  17.10315538  -4.38915486 -12.89454731
 -19.8894333    1.87657563  -2.48557491][ 20.26534019   5.20342533  -8.97928357  25.75478533 -13.13165078
 -30.95698759  -5.40018619  11.92992351  -6.5349378  -10.75730743
 -24.09028272   1.60602621  -6.89346433][ 20.21313909   9.96023332 -13.22581321  30.17305292 -12.05944571
 -36.61625513  -3.67870131  17.15365716 -12.93302359  -1.90190854
 -35.6088754    2.30297656   0.67409676][ 19.93021001   8.77269455 -12.89154231  25.37102783  -8.45674403
 -26.21679814  -4.12132783   7.34943111  -9.69571466  -4.41735704
 -29.75173092   1.77017041  -2.05478185][ 19.82009386   9.37186494 -12.69608894  30.62157161 -11.25242002
 -32.94162591  -8.54944273   8.57355252  -7.46108858  -3.00736198
 -43.14303265   0.25195254  -5.19682295][ 19.500731    10.90772666 -12.40273028  31.23993912  -9.90946486
 -27.8251321   -5.52817682   2.74407806 -10.92509315  -6.15435789
 -40.39563977   3.55287174  -2.50447572][ 19.5295548   12.79600932 -12.08931775  31.23041386  -5.80842522
 -31.71460498  -1.227734     2.30795582 -15.12722186  -3.78780041
 -43.19302621   2.59093049   1.4742193 ][ 19.17406356  12.65733563 -12.37025111  31.92027826  -5.18825881
 -33.30918928   0.27752513  -4.4721318  -16.13532853  -6.15754537
 -45.27673778  -5.05913481  -1.09328995][ 19.00527251  11.87389007  -5.85571873  28.34818518  -2.6777437
 -31.51101101   0.58555899  -3.76959893 -14.17878423 -14.29230774
 -33.04371119  -8.99916609   2.75326297][ 18.77960938  16.9885916   -8.81898197  34.54348206   5.46291239
 -33.55223111   5.6696659    2.98691539 -18.88924648  -6.53689
 -37.85576781  -8.50546426   7.51493364][ 18.37500145  19.24916637  -4.781997    27.0366841   10.796547
 -38.23912483   6.21670882  -0.05306312 -22.6945619  -16.57180551
 -25.83376337 -13.44330175   6.00025957][ 18.21910755  21.7358504   -3.67707394  20.88312761  14.17511716
 -40.88267908   1.52622696   0.81738019 -22.14354053 -23.32539427
 -19.47143554 -17.9626097   -0.73811882][ 17.81512278  20.55837356  -1.33020534  18.05594813  17.82883168
 -26.8878016    2.81231319  -5.20277198 -22.89501972 -23.46216514
 -14.5736631  -23.99985505  -3.02820023][ 17.50182173  22.90490195   0.30847603  19.12344967  13.8514536
 -21.22762494   3.6358544   -6.74017682 -26.79136455 -20.7625979
 -10.80281865 -22.14999404  -2.4672567 ][ 17.47406229  23.40128762   3.29054724  17.20551084   9.12551005
 -16.44219704   5.92619146 -14.36288999 -27.5110075  -15.12904524
 -12.15770729 -22.58579303  -5.17433695][ 17.29949602  21.47914403   6.20913465  19.6050533    9.31006126
 -11.80846428   4.73434573 -10.50684294 -20.59595226 -23.68020492
 -21.46157905 -19.8489226   -0.425258  ][ 17.0407623   20.34742116   9.57007138  19.28097637   7.3323465
  -9.70894944   1.21735295  -8.65493597 -16.03925814 -29.15352462
 -20.0439196  -15.30181677  -1.33611862][ 16.94561422  19.43375305   9.76317471  15.05165966   4.18713423
  -6.61693687  -1.10455134 -10.79048047 -17.33446544 -31.20324764
 -18.04723503 -14.47565757  -7.43192264][ 16.63656954  19.74072847  12.33720319  15.92373766   4.87884574
  -2.76176526   4.88101088  -3.12210789 -14.38814214 -32.12030728
  -7.17375747  -1.78904698  -3.73472911][ 16.11068519  18.74229845  12.1493388   12.91672993   8.08979783
   3.44864539   1.45154257  -2.25864886 -11.72826462 -35.35063648
  -9.11083438   5.78209991  -2.12337844][ 15.60238441  14.93605781  11.42332062  13.4272075    8.07618524
   4.57648992   3.47381886   2.47607639 -13.27008261 -38.5017358
  -8.10394607   6.21647163  -6.77724396][ 14.9655688    4.53285456  13.24300034  24.4079563   -2.94338
  13.3740253    4.07916066   2.13335703  -9.06120072 -35.92490102
 -11.34840507   9.92697423  -2.39639942][ 14.84532745  -6.33281467   8.64941547  29.67355964  -2.39296355
  18.53760537   2.4585514   11.7644716  -23.67527747 -24.08274048
  -2.34097258   3.33247767   0.77103224][ 14.80521853 -18.25066478  -6.99306612  17.35880739 -13.54282757
   5.6126492   -2.21916408  13.37414062 -19.90073894 -11.68726716
   6.4970275   -2.62354311   5.43294719][ 15.25048532 -24.75962677  -8.71413802  18.27238732 -12.76434007
  12.83669276  -1.86415109  27.46362536 -19.07432825 -20.72526114
  19.86879784 -17.04518411   5.29957722][ 17.19271116 -14.01419128  -8.9589275   13.84752672 -22.91968677
  -6.4574085   -1.19875536  -9.21567702   5.64428753  -8.58103368
   2.80469146  -0.99298478   1.35036026][ 17.74716194 -19.84278527  -3.81420008  11.19837348 -19.95823728
  -8.66705885  -1.57451627  -4.45569489  -1.72486542  -3.66849639
  -1.37252298   3.18112932  -5.91002249][ 18.63120583 -30.79170925  -3.00508714  17.89185492 -12.29079215
  -3.37507434   1.48648199  -1.20727048   1.02424541  -2.92017872
  -4.58237895   5.47177914  -7.50987961][ 19.1567917  -49.23858225 -11.75409801  22.33957198 -11.65894422
  -7.68737573   6.65001597   6.77805105   5.60388799  -3.62448571
 -10.57005325   6.72898829   2.10021735][ 19.37566668 -45.38727658 -14.02229349  20.99473909  -8.84300845
 -13.45054541   4.58145808   3.42347068   3.36123878 -10.84905808
  -5.95781358   1.39136481  -7.99410806][ 19.21045819 -38.66194445 -11.36392615  16.02036581  -1.73081004
 -11.08727649   1.63639252  10.83180095  -2.28757139  -5.01640952
   2.56057187  -1.26488674  -0.89011049][ 19.47165132 -45.44501584 -19.16861226  15.02066526  -3.38149387
  -9.71690727   5.87416764  15.1888089    2.62011758  -3.23549399
  -4.03297889   1.28693004   0.96883307][ 19.63167022 -39.27554996 -10.60011414  21.8749579   -3.7312723
 -12.74642811  -2.67711429   9.57039908  -1.81608895  -4.14041737
   1.02022566   1.96896995  -3.50697903][ 19.82001744 -41.00677925  -7.97749729  24.66105691  -2.47389276
 -10.46076637  -0.61146744  10.36159224  -4.27373348  -6.33666298
  -9.87869773  -1.87269189  -2.78107365][ 19.84611016 -40.04438355  -8.2188643   23.37175083  -2.42468159
 -12.3306983    3.85440189  13.65478937  -9.72850931  -5.24065501
  -8.30741559  -4.3187123   -7.59003185][ 1.98326573e+01 -4.16098384e+01 -7.10853361e+00  2.71206284e+01
 -1.18088981e-02 -1.95052186e+01 -4.51524324e+00  7.60481472e+00
 -1.21352039e+01 -3.10528313e-01  5.47451777e+00  4.30547341e+00
  1.16665614e+00][ 1.95438890e+01 -3.94613087e+01 -1.15251016e+01  2.27520339e+01
 -2.09458006e+00 -2.20822780e+01 -7.44959028e+00  1.05746722e+01
 -3.61366167e+00 -1.20254596e-02  1.00421816e+01  9.88961285e+00
  6.04268012e+00][ 19.24994821 -33.98640901 -10.97847015  27.21446638   3.01490357
 -15.72624482  -5.38547464  10.64447836  -1.96335802  -8.50008537
   4.09827136   1.20073803   1.08594245][ 18.85597341 -30.72710701 -13.00582338  26.04443339  -2.26330301
 -17.23793615 -15.50682286  12.63028036  -3.610471    -8.72674342
   5.06305108  13.20003588   2.51660848][ 18.6072091  -26.17973851 -12.82685825  27.05320329  -1.32921336
 -15.24992797 -15.94518883   9.17440702  -5.70900515  -2.56847592
   9.08935503  12.81307731   1.71827512][ 18.42901186 -25.59242482 -12.15811721  31.95948864   3.38849122
  -8.59667443  -9.59665072  15.3025433    1.09807029  -2.16932286
   7.42735676  13.93891258   3.92315441][ 18.07881996 -24.33972528 -14.29296026  32.52029931   1.51922532
 -12.30024514 -13.06967997  17.69003546   0.77011948  -3.61371615
  -1.12265594  10.44321506   7.2362462 ][ 17.64318635 -21.33023791 -17.72173526  27.45672047   5.72314615
 -10.28079713  -7.12537214  27.574523     5.62578617  -1.78927202
   1.41112887   3.01575272   1.00639871][ 17.25533885 -19.4058259  -18.75483621  25.89974678   2.80854666
 -10.96345918  -9.20733703  27.25363705   5.48555888   1.80043861
   5.2793114    1.62358192   0.21764133][ 16.46950694 -18.5265799  -19.58320887  25.79162823   3.97496997
  -8.37162587 -12.49441719  22.50822516   6.98959935  -3.99695162
  -2.40600936  -1.54140811   0.58494907][ 15.24665132 -13.02831934 -14.65992871  26.98679854   3.54153951
 -14.71917571 -12.22485706  24.35915074   5.41938     -7.11504974
  -4.29366906   0.28742905   4.18054113]