[ 10.02048744 -15.8222336    2.68340544   0.43679696   2.19507382
  -4.10959102   6.70406417   7.74843511   2.85801827  -0.42031445
   0.37196824  -4.06893284  -3.59170649][ 18.9073761  -26.67204817  -9.48243204  20.31801673 -24.09441416
 -26.90702523   9.27573064  13.19997762 -27.8616929   -3.03519574
  -3.49166549  11.98171445 -11.87930521][ 19.45523621 -31.29998945  -4.49796832  16.97548083 -21.1371325
 -18.18517225   3.01960285  17.04126448 -29.0911635    3.34898193
  -0.61064942   7.0847046   -8.14986898][ 20.00674385 -41.82570887  -2.85166169   8.67818395 -14.15034684
  -2.23167999   2.58319417  13.46870544 -21.16820731  18.11217603
 -11.56601332   5.44168543  -1.9375215 ][ 20.52958875 -43.94613383  -3.79747835   8.03944827 -14.931172
  -5.0900651   -0.210463    17.63987901 -25.245531    10.9216303
  -5.95806731   2.18124576  -6.67408906][ 20.86272389 -46.06705556  -1.72944832  13.894739    -7.13489875
  -1.52702773  -3.67237589  14.55688508 -20.15234754   9.6973946
   1.78463237   9.88623533  -3.81251019][ 21.33838024 -44.03783342  -1.08026751  21.32632857  -8.24567139
  -1.36816158  -5.96827049  20.39307432 -22.35184516   6.03957952
  -2.94073111   1.24507127  -6.55377043][ 21.83796849 -42.53092687  -2.79714779  23.98283055 -12.90093218
   0.60736465  -4.6954848   25.6789472  -18.15590665  11.5884751
  -4.98804592   0.49861099  -4.09787751][ 22.05826637 -43.75308033  -3.04501888  23.05005479 -14.85088187
   0.83104574  -8.56089209  14.68327067 -19.60910064  14.13467886
  -5.55991992   0.99734012  -1.11866417][ 22.08888751 -40.24089601  -3.10834597  21.91761713 -14.34525602
  -0.81451588  -7.05349875  15.33557128 -12.79482413  15.59158811
  -4.33843766   3.00147413   0.60552802][ 22.11919376 -38.65370733  -4.0970351   23.54983685 -13.90438169
  -5.0851623   -9.07766183  12.67788129 -21.15053479  11.89267804
  -4.93091898   2.4309897    0.83854837][ 22.18508325 -37.5111076   -2.966406    24.91009916 -11.80890369
  -0.94787287  -0.91602528  18.98307509 -18.7867118   11.00646049
   1.56810716  -1.87320017  -5.14543809][ 22.29168496 -40.16606102  -2.35771684  31.50245431  -8.0058553
   3.50392237  -0.34593141  19.95616838 -14.98120908  17.35746603
   4.51344601   0.62224644  -3.56126069][ 21.98190315 -35.18732735  -4.71143987  26.95071263 -11.79805456
   4.74445324  -4.96841512  17.19926081 -17.91072794   8.50104206
  -1.06533656  -4.06239705  -3.71704209][ 21.33401145 -30.90405429  -4.0165189   20.96039102 -12.01884002
   1.05686962 -10.93634785  12.46127207 -14.68679834  15.30120772
 -11.42700019  -2.53857111   2.03737225][ 20.48738321 -26.22332316  -1.5389074   30.29221672  -9.00191853
   5.03084676 -11.35156749   3.31780737 -21.79534773   6.64093693
 -14.61966689 -10.47292188  -8.50485077][ 19.90951525  -8.86163498   5.16077593  17.72471231 -26.51687831
  -7.41447692 -19.11591971   0.29151283 -25.57019946   3.67846009
 -14.69173918 -13.1725842  -11.80226883][ 19.57307915   5.68104681   1.11923394  12.01238672 -10.12961751
  -5.18153207 -18.82083318   1.63082375 -20.39284434  15.3356092
 -12.49287572  -5.44032595   5.47073745][ 19.96208525  16.53245822  -8.11058072  12.70602187  -8.8771476
 -19.90230537 -18.31769563  -0.49423916 -25.43018308  23.07960411
 -13.15078611  -7.09431487   7.39541655][ 20.28916491  19.35426804 -14.18107724  16.55333334 -11.80604691
 -28.23110344 -19.81535496   1.5381592  -32.86775884  22.21291074
 -21.3627812   -9.11795944   2.12709112][ 20.45099477  16.84576754 -13.23864921  15.70748945 -12.54463999
 -32.48191525 -22.52331946   0.88704025 -33.99836614  23.77747518
 -15.15971326  -2.64026144   3.3694546 ][ 2.05665513e+01  1.50300011e+01 -1.11118629e+01  1.40299217e+01
 -1.10060162e+01 -3.60003276e+01 -2.36103783e+01 -1.31256533e-01
 -2.63970965e+01  1.16894107e+01 -1.45561821e+01 -6.49874840e+00
  1.44378713e-02][ 20.48648643  17.20443165 -11.56633311  18.85624074  -8.87769257
 -29.20249025 -27.74920493   7.79915465 -19.52684189  19.23570561
  -8.01370355   0.96865739   4.93227209][ 20.36752865  16.238197   -10.83784569  17.80193965 -13.28770274
 -28.90654316 -31.34071513   5.86210738 -16.92511677   8.40552685
  -9.4131249   -6.38917283   2.46543229][ 20.12614102  10.59668996  -4.2153251   12.66539033 -11.29069642
 -32.78071749 -24.2389951   -0.10988223  -8.42460345   3.82265604
 -10.32014223  -4.63198229  -0.05164337][ 19.9267609   15.20081921  -7.81900714  17.63978232 -12.89525058
 -27.65453681 -28.75388976  14.36650605 -20.50777171  10.32856953
 -18.19065194  -6.54177761   0.63426741][ 19.72582818  15.24503678  -7.71794808  20.07082096 -13.56262535
 -25.35146582 -26.57531262  13.00492888 -20.57408007  19.08607356
 -20.14003327  -1.58826104  -1.20585547][ 19.32530983  13.36614162  -8.02831715  17.35495625 -18.72533727
 -29.49986607 -24.51141705   5.32021049 -25.91193836  11.48138038
 -26.32120349  -6.61670519  -7.63586693][ 19.18807001  12.07432206  -7.73245946  15.80923219 -19.79225127
 -31.26744449 -23.81985665   1.54235174 -33.37908588  14.39198803
 -28.82415433  -3.88517036 -16.74612621][ 18.64700453  10.57494098  -1.87102211  18.9165588  -16.92172771
 -27.64643898 -17.72565937   4.41719972 -17.31282822  12.40658387
 -23.41025879  -0.29299957 -21.43102685][ 18.12277042  10.32126425   0.32849877  18.096328   -14.20277329
 -17.33888992 -20.46770128   6.25996967  -7.66126383  14.00118181
 -23.79107424   4.97824174 -23.36814516][ 17.6781473    9.34895317   0.78163032  11.90802536  -9.50431948
 -12.05386278 -24.32733647   9.09073312  -4.96805195   5.28236266
 -21.83096891  10.50804264 -16.07675147][ 16.97517781   5.4840331    0.14387737  15.57671262   2.43419278
 -11.84889029 -14.62461199  13.92065625   3.70173987   1.71328228
 -14.8215377    6.84397835 -18.16080677][ 16.32654366   0.0991739    2.79832158  10.72345687  10.03593269
 -14.30888791  -2.16606868  10.58063281   4.97787973  -8.13203518
  -5.93684544  -5.68150336 -14.65545913][ 15.77769976  -1.42435029   5.36329045  10.77196926  11.27422128
  -5.72936421   6.75832956  14.01672799  15.48237786 -10.58534896
  -4.32170352  -4.79421717  -8.62451023][ 15.0005559   -4.57044121   9.58006647   6.95337569   6.4271388
  -2.57895624   3.99365958   2.08845288  14.06351742 -10.07183702
  -5.08652659 -12.66318434 -15.50251672][ 13.71144164   5.87132443   2.54178863  14.44286876   3.93486314
   3.14357055   2.04516067   0.99268161  -5.69984189   3.80018997
 -10.05310071  -7.04505248  -0.49949132]