[ 14.42877902   0.65773099   5.34924898 -10.37602472 -22.68383113
   6.06013923  23.64368274  26.94568207 -19.07350932   0.48931618
 -20.18471184   1.92494977 -15.00271666][ 15.18306941  -0.56567149  12.85955954  -6.32006967 -16.69377402
  20.06091225  33.5925269   26.59886768 -14.32112096   2.77848647
 -22.92182156  -4.33360446 -26.13350324][ 19.98093119  10.18730798  -7.18403084 -16.36211687 -28.1447555
  -9.67433471  13.71571239   9.06865154  -7.06373332   0.78450769
 -11.17751712   0.39228144 -14.7243191 ][ 20.8174457   13.86853656  -3.42930864 -15.07643609 -50.89328907
  -9.80785011  19.34908872  14.60727438 -22.33193673  -4.54595956
 -19.33818791   4.34646063 -25.81087358][ 21.32931332  16.02162884  -2.58345482 -15.1100498  -44.94703184
  -9.52329018  17.19119574   9.78858921 -16.95397286   0.88279001
 -12.29185414  10.33630492 -16.89380437][ 21.15939363  15.91495379  -4.93604553 -15.80009861 -37.73443629
  -9.52052963  12.25536939   5.75719508  -9.61358737  -1.84865797
 -12.75831761   3.17845344 -18.87635599][ 20.97957831  16.9013799   -3.88015888 -15.28501259 -35.60530165
 -13.00784569  11.27251646   3.28169142 -11.50881323  -0.74586605
 -14.44508519   6.08663612 -18.16919718][ 21.02032899  16.83872714  -1.7522375  -14.92473583 -42.59352922
 -21.34251506  11.53335285  -0.64721699 -16.54862286  -8.41279767
 -15.87991512  12.35131025 -24.55430486][ 20.80137816  18.54666241  -2.77035549 -13.9020878  -34.65453111
 -19.76915269  11.60669915  -8.61124104  -7.71947806  -4.06362723
 -15.09128493  14.44406311 -25.84776745][ 20.62669392  19.09112353   1.94199913 -11.26811571 -31.14003118
 -16.66456461  16.05592422 -10.26102672  -5.0956952   -2.47949062
  -9.8137955   23.73373436 -27.002839  ][ 20.59383771  16.90835832   2.97474869 -11.65979809 -29.04688929
 -13.8753592   15.75902989 -20.89694089  -1.08538472   1.47273239
 -10.18529861  30.29501247 -29.96356646][ 20.13633648  12.53324163   1.48553818  -9.18660879 -27.29756741
 -11.36770575   1.64099715 -34.80309892  -2.72589251  -0.13999743
 -10.69318088  19.41108386 -34.68314644][ 2.00878901e+01  1.10822824e+01 -1.49468605e+00 -1.46104355e+00
 -2.70630610e+01 -8.97504638e+00  6.40757565e+00 -2.97068555e+01
 -6.28267353e+00 -5.45149058e+00  3.23125339e-02  1.31939473e+01
 -3.41594977e+01][ 19.68221278   5.53863061  -4.32603325   5.89376565 -19.78468606
  -7.97342346   2.71499205 -17.73605622  -7.59888326  -7.35445251
   4.65945293   7.46777057 -21.99426262][ 19.69963324  -4.96682742  -0.7591391    8.69100452 -16.43568965
  -0.08927552   7.81269073  -7.67283491 -10.38410816  -7.7549764
   5.97241353   9.01876649 -11.67946006][ 20.49578566 -20.74932765   4.38999212  15.50807448 -16.43520669
  -6.72955931   1.86929235  -1.84389452  -9.73042796  -8.44672152
  -7.9447137    7.17372773  -2.85512568][ 21.00547118 -29.63580583   3.46935867  16.75378156 -15.65564758
  -1.58579911   5.6960826    4.56210851  -8.42520619  -3.11566748
   2.86631209   7.74394981 -14.11214939][ 21.25224575 -32.58304205  -1.87461977  14.60100606 -18.12691149
  -9.42924415   4.78917841   3.53768352 -11.18423291   1.65353498
   8.76303166   7.20520858  -9.36381534][ 21.26702564 -35.10220527  -1.59880649  18.8712707  -15.65889338
 -11.93976787   8.96456252   4.64924332 -12.18547033   1.57714251
   9.29826319  15.81914832  -3.31001993][ 21.29268196 -33.55422974  -0.37849967  23.17035095 -10.9240529
  -9.99314581  13.05223521  14.56090621  -1.87757775   3.09004292
   1.4031148   12.66669134  -4.62368904][ 21.28237731 -37.78702096   3.21927986  29.79626625 -10.04263426
 -11.00586909   5.06643113  10.38629249  -5.82615073   1.87906542
   6.76785616  12.25933312 -10.05955442][ 21.25336528 -35.65897017   3.08302237  24.37762085 -11.77249013
 -11.0593951    4.57958304  11.35562318  -8.60346179   1.27351428
   3.9859431   10.30453059  -7.40428878][ 21.32263308 -35.40197907  -2.12604254  20.69080628 -12.14482107
 -13.19833668   0.35078288   4.9930472  -21.61143227   2.27093656
  -3.52903054  -2.59796956 -12.8833404 ][ 21.43550614 -35.35542509  -4.5682559   21.71700968 -11.29512832
 -13.26281519   6.56059343   9.26248975 -17.06803887  11.54818811
   0.70547138   3.36151349  -6.09606837][ 21.54363335 -39.48550769  -3.27928856  27.59769559 -12.98400679
 -16.99016022   4.19415132  14.38842391 -17.18033696  10.33504678
   4.55948563   9.97647105  -1.41337832][ 21.36966989 -38.71917049  -2.67829857  27.9251442   -6.06504403
 -14.11719143  -0.22021933  18.80293694 -14.14156092  12.75052011
  -0.31694489   0.46748152  -4.96228088][ 21.30361511 -35.32027399  -2.81339831  25.33578626  -5.47539094
 -12.38685022  -0.91621572   8.89580267 -17.93178038  12.41401839
  -2.88797779   0.18501941 -10.20251417][ 21.16034563 -37.12148056  -2.5663064   25.17970451 -12.88567271
 -16.32954463   3.09864761  11.60420719 -15.0769065   12.40143331
  -7.91926973  -4.351716   -11.31635446][ 21.12489977 -38.73591859  -6.88026221  23.40755436 -10.11429512
 -14.41787526   6.09372836  19.086197    -6.44384793  22.12388327
   2.58335467   7.05385151   2.11749995][ 20.74590648 -30.52958777  -1.73816918  25.15694778  -8.99200191
 -19.77824175   1.91761499  16.12984766 -14.74062432  14.79129328
   6.18349623   1.112295     1.46571182][ 20.1392247  -32.74008656  -2.25643548  29.06069129 -10.01348655
 -26.77394284  -3.81017594  16.57960498  -9.97570625  15.83748087
   0.86669445  -3.5270011   -2.54576547][ 18.93847485  -7.9086889    4.14893582  31.50510079 -10.74328087
 -26.68930272  -2.58372161   6.87992941  -6.40246382   3.03838561
   1.91583483  -4.42554012  -5.55733713][ 19.53282536   6.46153182  -5.80582001  33.04527571 -19.41431192
 -42.7509351  -13.8842854    1.09118022  -8.96788139 -13.02155238
 -19.78155924  -8.19892537 -11.47138998][ 20.05455363   9.82903314 -12.43764128  36.11846594 -20.83779532
 -46.84715275 -13.76713509  -4.36342021  -3.79485397 -10.35701588
 -19.26419529   6.19044886 -16.46964402][ 20.16765401  10.41526689 -12.80830424  35.26118705 -17.46418633
 -38.56215251 -10.78958719   2.07224115   0.48813597  -5.49601174
 -16.10560848  16.04116977 -11.8831159 ][ 20.31334357   8.95341842 -16.05093321  31.42958143 -19.56223962
 -42.54343428 -17.36806547   1.42138951   1.9393694    0.75487164
 -28.72885958  12.4925649  -15.46650213][ 20.07788213  11.42270949 -17.40918497  29.35599365 -14.66436731
 -36.8178976  -11.51289616   0.32349652   0.91379925   9.06252263
 -32.87855247  15.04353318 -17.16440035][ 20.12846479  11.28892107 -19.52613952  26.12262262 -18.30956764
 -31.81609594 -11.77879711   5.10828899  -2.34511871   9.897506
 -34.95814907   9.10797432 -18.3392348 ][ 19.78397915   9.16727512 -20.2364755   21.08457408 -19.8244614
 -27.3968101  -11.72289139   6.20313688  -4.65189036   6.8237321
 -34.89612495   1.07331264 -24.36617559][ 19.65280426  10.68858125 -20.94716419  19.90244384 -18.2113666
 -20.72173506 -11.66219144   8.09305229  -7.33875899   5.27429414
 -31.64892009   1.44541228 -19.61220605][ 19.55328898   9.01575661 -19.9095113   18.90166921 -14.73808593
 -15.91129991  -7.35394269   7.88164038  -0.23311987   1.98722646
 -26.13321829  -9.14191338 -11.58320635][ 1.91982165e+01  1.09084846e+01 -1.81415399e+01  1.74334138e+01
 -1.03616998e+01 -1.51938682e+01 -5.90519699e+00  4.31365713e-03
 -5.44334717e-01 -2.23982501e+00 -2.37586858e+01 -1.30937911e+01
 -9.05012909e+00][ 18.93759729  14.29245672 -21.14461589  15.94505434 -13.0497289
 -15.39100109  -8.94634857  -9.00867365  -6.05434674   3.44469871
 -30.6970333  -12.11465402 -20.66916108][ 18.10466384  15.25245829 -14.86638609  12.64526164  -8.92692723
 -11.6607344   -6.49079899 -18.67209507  -6.88892654  -3.59037678
 -25.34927869 -17.16711177 -17.09839583][ 17.60097567  17.84700242  -7.3424103   14.28602942  -2.80995795
 -10.70585817  -8.39097053 -22.05752171  -2.7558731  -17.36951892
 -13.31234672 -10.94284804 -17.59721491][ 17.09439725  15.81402057   3.74589002  25.90794683  13.29314741
 -14.11332691 -13.5833615  -15.25132674 -17.08030649 -29.04704117
   8.46935966  -8.73861784 -18.16186021][ 17.06611962  18.52663589   1.68830145  25.95508525   8.12387005
 -15.97938587 -13.43887203 -12.5810339  -11.90112724 -27.12154499
  11.69560291  -8.61788342 -20.04323413][ 17.11393495  17.41590263   2.76572785  22.73279942   4.88361687
 -16.80412235 -17.75390722  -8.09646029 -13.54629044 -26.23039451
   8.83850745 -15.87237242 -20.82488111][ 16.86256698  14.93196269   2.27024167  21.65431247   4.11167896
 -14.7914689  -17.69784877 -11.4759041  -13.11348228 -32.1494902
   7.47549236 -16.12295869 -19.16589812][ 16.98527793  17.13434693   3.31084771  26.60286498  12.47983685
 -12.04829491 -17.98041345 -15.10551922 -15.41105138 -28.57018368
  11.42461747  -8.53715383 -17.1085941 ][ 16.82634371  14.5407303    1.13101481  20.80491906   4.77344505
  -5.47964196 -16.41755641  -5.90020262 -12.25702882 -31.75414919
   7.65756633 -14.69856414 -20.95972361][ 16.92413889  15.02249149   2.34432423  26.89229103  11.11843924
  -5.71396655 -16.64206663 -13.24912216 -11.91187318 -32.52134319
  13.12049377 -11.61617752 -19.01090032][ 16.78702985  14.9608503    3.18387829  25.92206605   6.79054969
  -2.22507918  -9.8408447  -13.23810053  -6.16768894 -26.47033399
  14.16801366 -11.95610401 -19.87808041][ 16.75571558  16.73977397   3.81262722  24.33705358  12.7460695
  -0.39044787 -16.85063107 -13.09016881 -14.98464454 -27.34122163
  13.99225838 -10.49114715 -16.51048025][ 16.61882041  16.64326455   4.39215179  21.60090439   8.45014804
   2.53036348  -9.99566188  -9.83526423  -9.48700189 -24.29188042
  14.08968303  -9.60010501 -19.22659745][ 16.57011587  15.9626342    5.48025857  24.5897592   12.25838526
   3.37154386 -11.53823522 -18.13678795 -10.75518422 -24.64154946
  15.70572437  -7.11861021 -22.11654962][ 16.4357081   16.33502001   8.57027678  22.29252103   6.58542982
   3.4761604   -5.48087681 -12.54343438  -2.98663068 -18.46831793
  16.28229169 -10.81423185 -26.96337434][ 16.30115951  16.02798051   8.74071195  25.89048804   9.08278516
   4.60585345 -11.79647698 -17.46544313  -8.17606467 -20.49845554
  17.25875987 -16.20768608 -25.44546723][ 16.09792299  17.13754926  11.88505983  17.74615461   4.51300524
   1.2810518  -12.059951   -12.17472642  -5.78029854 -19.48470077
   7.64937695 -15.45260835 -19.40521679][ 15.92167245  14.87225028  15.5208804   20.10472254  11.86721439
   5.48017912 -19.17104945 -17.08685575 -14.02769442 -23.48501036
   4.24658518 -13.38753446 -24.69295347][ 15.54209638  13.95813018  19.54311237  19.04721092   7.21440797
   2.3689868   -9.83278201  -3.79832428  -9.089759   -19.14099527
   0.91727172 -13.66698536 -18.7307412 ][ 15.28165811  14.11672389  22.74819719  18.38990832  16.75441477
   8.27205066  -5.80422547  -0.98310928  -6.53413475 -16.96127177
  -5.46751106 -16.90866388 -13.47281416][ 14.76685972  11.11453911  25.02818242  17.88619386  15.10997626
  10.94583231  -5.90945428  -1.4714416   -2.7528935  -16.88738628
  -9.43583605 -12.31499773 -13.5129911 ][ 14.06185899   9.85774028  27.25335476  17.69218405  10.16386512
   4.19740429  -6.72750081   0.55191315  -0.97200391 -19.14885216
 -15.11064692  -6.27094864  -5.43869062][ 12.34459603   5.43774427  18.28228994  12.55626713   4.83449072
   3.84357355  -3.65155154   3.72974963   2.48654535 -11.51517776
 -14.62259583  -4.43960024   0.94766437]