[ 17.25214241  -8.43168862 -29.90540731   5.84671068  -4.64657654
 -10.12926304 -10.68615593  17.34667639 -28.90106496  -2.87541733
  -6.6050107    6.6167616   -1.19250816][ 17.90517965 -20.13497172 -16.98115253  -3.12826904   1.92799923
 -13.05174672  -3.92293498  17.55266427 -22.17642371   5.51267979
  -2.63088602  14.0287574   -0.99341575][ 18.7518545  -25.6756772  -13.64740281   1.90015642  -3.68326626
  -9.94903425  -0.92703011  12.62897337 -20.20939387   3.72074739
  -1.81140813  10.1297656   -3.25799822][ 19.34701239 -47.29129449 -14.42021298  10.36796947  -3.91918258
  -1.7287955    2.97018647  11.91601067 -19.44371527  12.7837956
  -0.44380826   1.45199139  -9.76844354][ 19.74691029 -42.39127053  -7.76319242  14.96219009 -10.60067511
  -3.54051001  -1.977893    13.75739844 -20.70363603  16.40852977
   4.76387111  -2.00306035  -9.87563277][ 19.81889988 -36.00320883  -3.85305503  14.82044987 -14.80283482
  -5.26425457  -4.191122    13.798888   -26.76646957   5.73925553
  -3.33369948  -3.3155973  -10.57771797][ 20.07869663 -42.6187276   -3.69162863  12.29278573 -15.81547974
  -7.68268606  -4.68240856  10.74782568 -29.55265722  11.4567281
   0.63742268  12.45547515  -2.16113977][ 20.35448719 -35.2929551    5.31446809  11.26777686 -18.97030977
  -2.55863225  -3.07040007   9.14806841 -19.04484123  10.63539382
  -2.87744795   1.88842427  -7.24730951][ 20.58416412 -33.88607273   8.48238111   5.21639683 -16.01099593
   3.82369442  -3.36516417   5.09019856  -9.14809544   3.93879179
   1.95538243  -3.33994821  -5.34780012][ 20.18577755 -33.72470958  14.70059097   8.37618688 -14.61170366
   6.4019254   -0.27420701  11.98016758   7.91033702   4.52830246
  -0.10588485  -2.10930481   5.03252592][ 18.94666078 -33.10351175  17.77300112   3.03068511  -9.50937721
  23.06204935  -7.87643119  13.56987284  10.33238358   6.41663277
   3.5609869   -3.7979418   13.9943048 ][ 12.92914066 -15.19612335  16.91871578  11.90187849  -3.54790076
   9.79361897  14.08967916  26.46536465   0.98576567   3.93085536
   6.60749167  -6.8718552   -1.63641425][ 12.17755312 -18.23008096  10.65906081   8.43322183  -2.15808733
   3.41008852   3.57856546  23.15596063  10.18525873  13.90838028
   7.54458     -3.84104116  -2.78305032][ 11.71818146 -19.71721135   5.57651544   4.81966845  -3.43391194
  -0.59251712   0.88803782  18.48308174   5.61051645  10.12422201
   7.56856357  -8.62596196  -3.98484802][ 11.46304314 -17.94423427   6.96700301   4.83855615  -3.83870487
  -1.1162948   -2.16482163  19.57418039  13.77533598   9.26229179
  -3.68663772 -11.83444896 -12.36706362][ 11.34605928 -16.54767958   6.5201002    1.76642419  -3.18614194
  -1.6402964   -0.60143787  18.2537451    5.46070675  10.94256528
  10.10788362  -9.36243189 -12.92445299][ 19.14039437 -11.66954832  -3.3556622   10.9791378  -13.87541549
  -5.2284848  -15.62287694   9.37395105  10.37380482  13.27017985
   9.3555959    3.32044869   1.34117374][ 19.38586917  -5.68506468   3.69503408  18.34000116  -6.76954404
  -1.00170489 -17.31775536   3.04994828  -0.11968779   3.19522407
  -0.61355504  -8.70512463  -9.09855784][ 19.91063192   4.65869029   1.5379692    6.59071785 -11.32319416
 -12.77954793 -22.6620091   -0.08206856  -7.70565821   5.35359945
  -3.14055992 -17.81911971  -6.96382415][ 20.1542758   13.23591499  -8.30299296   6.08231387  -9.37935391
 -18.89053324 -25.43070362  -1.64116788 -15.48350289  17.67326088
 -21.89222535  -6.33687477 -19.58190912][ 20.47680195  12.4650458  -13.6285686    4.75135003 -13.66412106
 -19.58674394 -25.60490298  -5.52194737 -14.5951074   14.38616408
 -28.64082246  -7.39254359 -16.69715861][ 20.54754163  11.64898009 -15.42431359   6.49074655 -17.63903339
 -16.41527619 -25.97963336  -0.89136821 -10.48735176  16.33734624
 -27.28429432 -10.13600628 -17.42716782][ 20.94384944  11.78255308 -16.79116128   5.02392799 -16.24981334
 -16.77688932 -27.27532175   1.32175505  -8.50495255  17.40542365
 -25.04415456  -8.92910285 -13.60081885][ 21.01673201  12.06996659 -18.5511423    2.64743029 -18.09049408
 -15.91360927 -29.77337864   4.96152722  -8.59937741  20.40874348
 -27.03308079  -8.76494826 -17.85688983][ 21.21000605  12.78725706 -17.91843382   1.05598838 -14.80238022
 -19.44224378 -25.60651861   2.17716534  -4.27155403  17.8377663
 -20.87654198 -11.04953839  -8.25441337][ 21.22911058   9.71404901 -15.74702743  -0.88677774 -13.0693034
 -25.65895973 -19.13001518  -0.51950649   3.49420166  14.42716296
 -19.53518071 -14.00733759 -11.09068106][ 21.18669735  13.82801051 -20.99061632   3.29952485 -18.24170245
 -22.83466552 -23.22579404  -1.19891105  -7.8329698   10.68257006
 -23.9283743  -13.92273046 -16.06696722][ 21.12866893  13.84022808 -19.94290794   7.5110045  -19.32965393
 -17.16772742 -20.77007842   5.25271964   2.38819221  14.92733616
 -16.73632841 -10.88548052 -13.29073612][ 20.86744532  14.03966058 -16.63035789  10.46353885 -19.23517773
 -14.79415345 -19.99540906   6.47775742   4.03275221  11.4588106
 -17.02858486  -9.90238185 -12.52794016][ 20.85695987  12.01769905 -18.42416199   8.97250749 -22.61856039
 -21.92678709 -26.18802413   0.10307473   2.18540911   8.98052452
 -20.47289531 -13.48345589 -14.70273774][ 20.55711861  12.0440067  -16.25973504  10.05095289 -23.43866652
 -20.11209942 -25.26348547   2.70898554   2.55524756   6.68535819
 -21.61289176 -13.36611153 -15.87798168][ 20.5876623   13.76728179 -15.4796795   15.02974028 -23.43981056
 -17.46871617 -25.59882904   6.50176955  -0.04883088   5.17733644
 -18.66754375  -8.71840711 -14.7839011 ][ 20.43713737  11.09336281 -17.28889702  10.10097731 -26.61300563
 -23.72693198 -28.46646004  -0.07090082  -2.72845262  -1.21529658
 -21.36704553 -12.96794229 -21.15611551][ 20.30412176  12.03203358 -17.54465354  17.52152601 -23.32659658
 -33.82478805 -23.55819271  -2.71889398  -0.31758096  -0.85945758
 -25.22558931 -13.40171647 -19.61022729][ 19.80542047  16.13491601 -16.51883523  21.98069002 -15.44288698
 -36.13706315 -12.6713693   -0.97106101  -0.27655158  12.29801393
 -22.89643021  -3.22233805 -10.99384626][ 18.0480401   12.09107468 -15.3820535   24.40416239  -9.90941973
 -31.10511408  -9.24975837  -4.44821599   8.71631021  10.69296547
 -20.02886006  -6.53932459  -1.76861571][ 17.17432566  -6.55651718 -23.10368497  19.43107916   4.59256685
 -25.15213087   5.10753301   1.96667327 -13.88387141   9.14780764
  -7.54709724   0.64804804  -8.99336899][ 18.00782536  -7.77442023 -22.11574618  19.28564559  -8.91284729
 -10.97955733   4.34337536  -3.03308538  -9.5746417   10.10676814
   5.25701227   7.84156221   3.5814561 ][ 18.33389165   2.66947449 -12.44543714  18.42112672 -13.22481256
 -18.72212624   1.85796204  -6.03020349  -7.98839465   3.00086484
  -6.40063804  -4.31083069   0.79058548][ 18.91581643  14.99498718 -13.46372064  31.73795747  -6.13150226
 -26.8025787  -25.8342382  -11.10510788   2.02561911  15.70968532
 -17.52234486   2.50063108   4.35144016][ 19.365174    12.8521187   -9.99813977  24.9310767   -0.5948266
 -31.30658733 -21.05838135 -16.15528538   2.59564346   8.31186881
 -14.17890408  -1.41185048   4.75328766][ 19.49212368  15.93398292 -12.89356829  33.45246452  -4.47698301
 -37.10760776 -17.67186512 -15.05869431  -0.78492856  19.48718883
 -24.32290418   9.64121603  -0.19971007][ 19.4205032   14.6867069  -11.88819134  32.56926494  -9.42660571
 -31.38985132 -13.08800412 -13.19505989  -0.16096294  17.46120241
 -23.51834519  15.53908331  -5.0053195 ][ 19.19609406  15.09364122  -7.66894048  31.76373834 -11.47957003
 -29.43304814 -15.99033391 -14.29383824   3.37393144  10.72301969
 -21.37465052  15.71170069 -11.65310037][ 19.11696238  15.24874649  -9.87870345  29.23301255 -14.7884785
 -20.92344051 -13.44405516 -14.29388222  -3.85707452   5.68825237
 -14.89661446  18.32734222 -10.96796431][ 18.87438793  13.62493298  -6.10384414  33.42349522 -13.18007189
 -30.30554084 -20.29414654 -15.6606628    1.06184337   3.9195607
 -24.26760731  12.38902913 -14.9187916 ][ 1.85713529e+01  1.07751782e+01 -1.55690964e+00  3.12733063e+01
 -1.07698504e+01 -2.75765577e+01 -2.32545120e+01 -1.18195499e+01
 -3.54061188e-03 -5.18196223e-01 -2.38097990e+01  1.34222840e+01
 -1.20979931e+01][ 18.28748648   9.99449323  -1.35170809  35.52082248 -13.47813462
 -22.75737225 -23.14708256  -5.74496613   2.82941781  -1.77336179
 -24.88431902  14.74577361 -15.96765273][ 18.18464001   7.4202724    0.77224682  37.51163277 -14.69172338
 -25.25346549 -13.69767618  -0.83671709   0.80136137   1.81631687
 -30.73632502  11.20215546 -22.51520676][ 18.04554035   7.07362611  -2.03337395  29.86294511 -11.03712195
  -9.6199677   -6.64221572  -1.23745962  -0.50937509   1.65970779
 -20.3065238    4.26719886 -24.78020624][ 17.62629659   8.32134037  -0.59465046  26.74767176  -9.49830452
  -3.54835439 -10.71375955   0.54208168   7.72836249  -3.57177125
 -20.18999301   7.12554537 -20.39207695][ 17.14083813   5.61201625   1.36018763  16.91184731   0.78456256
  -0.34443033  -1.03872153   5.52620242  13.58785502 -13.93684626
 -13.2962421   -3.5794884   -7.76513728][ 16.34787296   1.73612247   4.10015591  17.19965626   5.92354329
  11.91419722  10.50989864   7.25036571  12.41304501 -20.59029137
 -12.59658935 -10.77970149  -3.39415342][ 15.45681929  11.68031972   2.51116287  19.49490062   6.36672202
   1.68430255   9.04755953  14.24647529   3.45291622  -8.83210304
 -10.15123735 -12.68929535  -1.95323005][ 14.55680068   9.45236729   4.51931     15.32137709  -0.0695712
  -0.25663813  -0.39309979   7.34823991   6.15231378 -11.65111402
  -5.24217952   1.39838669   2.44636476][14.2411025   6.11179642  7.25225325 15.01803096  0.89156558 -0.22668086
  6.30269981  0.59461803 19.13326744  1.06820317 -1.56442406 -2.09186447
  0.90173542]