[ 13.40145779  -6.01435698  12.56978848  20.64998763   1.62061662
   3.04864649   6.20901724  -2.34417031  -4.64138531  -2.46539892
  -3.80069241   1.16916189 -15.34883567][ 14.98749365  -5.68866301   5.0455336   27.79046102  -1.98758718
  -6.24290572  -1.00865789  -6.32929807  -5.76158295  -9.06513024
 -11.81990586  -3.87680524 -14.58915241][ 16.60178269  -9.50335086  11.23258958  36.79865895 -10.6071969
  -6.66224027  -2.52071017 -14.17378664   1.10252552  -4.55050757
 -29.91752323  13.06454011 -10.53408808][ 17.18960585 -11.68536645  13.98493105  43.72170392 -11.50458497
 -11.02222349 -10.4082279  -12.2289584    5.12709752  -6.46203542
 -30.3886791   10.34090548 -12.54167036][ 17.32317471 -11.5567173   14.78101796  43.40726202 -12.09208173
 -12.88099991 -15.21251763 -19.29305918   0.32860721 -14.06931053
 -32.06514854  13.77202725 -10.41821352][ 17.19217547  -9.88950357  14.27006538  44.08246887 -13.59068967
 -14.58695706 -17.38478278 -21.69709377  -2.26381166 -11.71175828
 -29.04160045   5.78764055 -18.31099038][ 17.18582362  -6.48331182  11.95584264  38.64226607 -17.17360388
 -11.76199824 -12.49849326 -25.42255413  -2.77185242  -9.44661006
 -30.682318     3.04150925 -19.08062092][ 17.2909976   -8.18039418  16.07824558  44.86201737 -12.89245992
 -15.12139004 -20.74906575 -24.20548531  -7.53377399  -2.48620192
 -26.40769794   6.26478497 -13.30636548][ 17.3870467   -7.48721467  19.06420918  42.49873292 -14.12385839
 -17.39102781 -20.33095298 -17.06820655  -4.23386956  -7.4513533
 -25.40611464  10.51755405  -7.09938212][ 17.37731507  -4.04210584  13.09151706  32.67226908  -9.50430723
 -15.67230805 -13.58950646 -13.96111035  -4.98200137 -13.25918168
 -21.80709626  10.70808878  -9.67744063][ 17.64588709  -2.1418405   10.64410736  33.45480981  -8.62441325
 -22.17682155 -12.25547324 -24.32800521  -0.95765485 -15.02124945
 -20.73818865  15.13943114 -13.9296563 ][ 17.80463963  -2.90680097   7.53854598  31.05365611  -7.58272511
 -26.04703888 -25.73766751 -36.70946281  -5.87705452 -12.68084851
 -22.56491579  14.25063726 -19.22214096][ 18.00619957  -3.16304769   7.81050316  28.59297576  -1.90751492
 -21.55419288 -34.70069172 -31.75535794  -6.80282968  -7.76228229
 -18.77226117  18.56902455  -5.43174624][ 18.45267627  -3.00551365   3.8115804   20.01685185  -2.01416415
 -24.89565199 -38.68748577 -26.89909225   0.26785673  -9.93588775
 -25.0731144   21.64707217  -4.26642048][ 19.03885588  -5.15121338   0.60611353  21.6600507   -1.2117304
 -32.96615526 -43.49329356 -28.03110385   9.34725874  -1.8743093
 -24.70766216  27.20512112  -6.56251175][ 19.43753036  -2.86563824  -2.72173016  14.75346118  -1.7931744
 -27.52758851 -33.63873133 -21.31361621  16.8142473   -0.86712641
 -20.55928144  32.04268891  -5.70533977][ 19.78121324  -1.59195676 -11.28277001   4.90366019  -6.38089866
 -30.18910126 -38.64132895 -28.7477955   17.31154514  -0.28994183
 -26.30973474  15.3121985  -18.55441962][ 19.9923433    0.5776912  -10.59435497   6.17549163  -3.70139393
 -29.63865402 -42.24788181 -25.47984043  24.85068894   6.36293089
 -16.06070648  22.71882148  -8.04580174][ 20.15345336  -0.3715775  -15.73536364   4.58374385  -9.33612778
 -29.53315789 -48.20697645 -27.90399077  20.80219926   7.09809639
 -19.05609982  15.60797847 -16.0025834 ][ 20.33304048  -2.31902738 -19.08281736   2.51772599 -11.38835275
 -25.67352559 -47.55031381 -31.22639842  19.5945963   10.99577387
 -17.21303909  15.19092205 -18.57290269][ 20.42736009  -2.35232596 -19.11073314   6.46794898  -9.94340799
 -18.41569099 -44.61694245 -26.68762521  26.09960084  19.90985639
 -11.56401895  11.34372559 -19.84082303][ 20.62974497  -3.55250594 -21.30046931   3.8825826  -15.18998704
 -17.43762646 -38.88004808 -30.44557989  24.9330526   15.75438462
 -12.2976875    1.55333774 -23.41437776][ 20.567742     1.15710089 -20.72795573  10.00401777 -15.38954307
  -6.98251492 -29.8233642  -20.19725793  29.76623447  21.78576156
  -4.80184561   3.24375904 -17.20873011][ 20.61378125   2.08967243 -20.63265395  10.50164684 -16.85208436
  -8.40401799 -25.27224455 -22.20076617  24.6306386   16.1761453
  -7.32788652  -1.29384936 -19.09440417][ 20.65227562   0.39813082 -21.30377815   8.87066588 -18.3241033
 -15.64179916 -30.39939662 -25.40662879  20.47606523  21.24856595
  -6.19178935   2.27312016 -30.31429844][ 20.57285454  -0.59065559 -21.08511443   9.0450294  -17.03828315
 -19.67508817 -30.61591138 -27.91884495  13.22490024  20.6407288
  -4.35183456   3.86370758 -29.13922595][ 20.26263211  -1.15208954 -20.01453927  10.64026975 -13.9886067
 -20.94359541 -36.09356698 -37.61628379   2.06821113  15.88384273
  -4.75372173   2.62051688 -30.86868589][ 19.60178048   0.77378831 -15.16061686  17.91172155  -3.89756751
 -19.23427995 -30.60992479 -43.39282106   2.35204901  13.52652466
   2.14835459   9.64249254 -30.65714284][ 18.51814217   3.96297303 -12.47004183  18.63953766  -4.90549377
 -20.90246107 -35.45320037 -44.90212085   9.60487542   5.64788086
   7.35933513  -3.23635366 -31.0489806 ][ 16.61597212   9.53845569  -9.08586286  18.32494826   0.54936329
   1.76150693 -24.61188971 -23.57841497   7.26920071   5.26768041
   1.70275014 -11.57488593 -27.95895618][ 16.16063171  12.85385386  -5.56734434  23.8919521    3.44490676
  -8.10588579 -23.63529381 -29.54617561  15.13538734  -3.72961646
 -14.99956167  -9.60148259 -27.50182746][ 15.89769151  11.20283028  -5.01855352  16.63467041  -2.11537108
  -6.61284351 -19.78906468 -23.96277453  15.24439776  -1.37513549
 -19.57436593 -23.33902239 -25.44518864][ 15.51539335  10.87600707  -3.42966355  17.92530855  -0.55643896
  -4.51787407 -18.67552446 -16.04188488  11.57666659   3.34234687
 -18.85917186 -17.36347624 -26.33911354][ 14.99701802   8.87822638  -0.90685808  20.13526786  -0.48826666
  -2.01047328  -9.74677906 -13.23827928   4.26411115  -0.49961049
 -13.17340259 -14.64261341 -31.69641572][ 1.74387364e+01 -1.41672506e+01 -2.93918965e+00  1.15454549e+01
 -3.64234591e+00  2.67238557e+01 -1.96029361e+01 -5.24323562e+00
 -2.67885640e-03  1.25630107e+01 -3.01330849e+01 -2.32560275e+01
  1.48547325e+00][ 18.81624505  -5.75154137 -11.3279798    8.03947117 -11.53584449
   2.45811499 -30.72388081 -22.02724447 -10.71736779  13.12236697
  -6.82343194 -15.7632198  -13.48657757][ 20.11474472  -2.85545456 -12.202794    15.85692393  -9.26759981
  -6.61867782 -42.80832715 -26.25620377  -3.85654818  31.5320494
   3.15916837   3.82661197 -12.35244708][ 20.96521053  -3.55174678 -16.95812197  10.18515834 -13.09583529
 -22.87306371 -31.71312828 -28.33343882   4.32716967  28.43245887
  -4.27976348  11.63667678 -27.56343586][ 21.45348641  -5.48981835 -20.74645223  10.06174316 -15.3618504
 -25.65949784 -28.22163435 -27.18867848   7.64633307  31.64094855
  -5.17377404  14.33012794 -31.51414038][ 21.70426281  -3.51167455 -20.16325804  13.05151229 -11.68804017
 -22.3473371  -18.40218549 -25.7077795   13.44973594  33.39386595
  -3.47296878  16.89183016 -33.26780717][ 21.82274878  -4.52827122 -22.63300264   8.45546025 -14.71462964
 -16.43900442 -20.24859323 -22.79454449   7.19421439  28.84121108
  -6.03558691  16.299773   -27.86767703][ 21.88148691  -6.84543584 -27.61690308   3.37626747 -19.82959099
 -23.28632534 -20.90117683 -26.96178755   4.15166109  21.88415954
 -18.39756103   9.86515872 -41.76397265][ 21.8450466   -7.37692104 -29.20672586   2.67216114 -21.70791529
 -24.55494316 -21.18171454 -28.53487315  -0.75575382  18.16174357
 -17.36522194   7.38830195 -45.23110756][ 21.86679839  -6.2787854  -28.18180636   5.95351038 -17.90597969
 -19.10900295 -11.95710747 -23.68251592   5.57227695  20.04317093
 -12.81259742   6.8058411  -45.49901666][ 22.01499484  -5.80084862 -26.42178597   8.11045154 -13.36515853
 -18.25446379  -8.9593468  -26.06442497   6.55197113  16.16237359
 -10.09095564   5.7513116  -40.31501526][ 21.85476175  -6.55401177 -28.79590179   3.30081747 -19.19516238
 -19.51292164 -11.64330772 -33.6790607    3.48645046  17.64387325
 -14.01050764   4.12303844 -43.53563895][ 21.49360366  -6.94945867 -29.58684268   1.28020563 -22.31274451
 -21.11978818 -17.68741186 -39.37492207  -3.17532112  13.08651226
 -17.37647461  -1.17413079 -43.70181792][ 21.09079946  -3.73903987 -24.70933511   6.73164841 -18.6341788
 -14.56409717 -14.32249608 -32.0612117   -0.62256529  16.49005596
 -10.18194519  -0.772643   -38.67539914][ 20.57660376   1.09584432 -20.81863864   9.14948123 -16.2813142
 -12.79725197  -9.59859304 -23.33819843  -1.91015111  17.98851755
  -3.19656945   6.02872238 -36.64106535][ 19.62361709   2.37204331 -21.42512136   4.47765783 -22.87777548
 -15.58315327 -20.75199236 -26.8162344  -16.16975301   4.91695136
  -7.62040087  -1.35226013 -45.54760889][ 18.73078812   5.65901127 -16.72985482   8.61857022 -17.84084279
 -10.68762196 -31.06222052 -26.17828112 -21.06406437   1.08751485
  -2.26158419  -2.67954572 -43.88310659][ 17.99410928  10.78486431 -10.79861737  13.46350774 -10.60451632
 -19.62476226 -17.43872938 -33.4369187  -12.08380732  -3.59563478
  -5.07806381  -4.267336   -43.23240033][ 17.65161822  11.5591014   -7.65175191  16.57387905  -4.28152522
 -30.03314061 -11.97074811 -35.82636827 -14.46805893  -6.12192409
  -1.3787104    1.91515822 -33.53806348][ 17.73101859  13.44826548  -7.51769899   9.84294247  -3.5919812
 -27.15594142 -11.25664842 -34.85913249 -12.93224384 -10.24404261
  -3.03975136  -9.49019848 -32.48409696][ 17.68620161  13.6993887   -2.7456838   17.99796041   4.95044969
 -25.25582758 -10.35598383 -29.18852371 -11.31603495  -2.95932331
   7.7103654   -4.62196415 -34.64260489][ 17.59994917  13.00512886  -2.79632696  16.46041412   1.52970371
 -28.71767442 -12.92236061 -25.95595466 -16.30162538  -2.5285402
   9.88572818  -7.10058635 -34.46713067][ 17.67465831   6.60259616  -0.85281138  21.66882584 -10.19420015
 -18.90231036 -22.97686187 -30.719366   -11.82502516 -17.72130272
   5.97828498  -0.84697552 -39.33931783][ 18.68986881  -2.76325261  -0.99152887  13.97592246 -10.80201957
  12.19357894 -29.37019388 -32.82722746  -8.13973968   1.15840978
  -0.09855953   1.8609685  -30.28089996][ 19.21576392  -4.72833515  -4.18349551   5.2377619  -16.70694319
  10.76178269 -29.84886941 -33.92309204  -6.86758257  -4.33467442
 -12.8270173   -4.7508873  -33.69213811][ 19.03547439  -6.31326658  -3.47823232   3.83360399 -13.17020431
  11.12644117 -29.11478885 -34.97559527  -3.12739973  -6.31745947
 -13.76213408 -12.86980756 -30.06218842][ 18.3594536   -3.82434004   1.25171694   6.7577721   -4.69465422
  20.64145771 -24.88574424 -21.33985538   0.09079369  -5.94068746
 -12.40169116 -12.0259826  -21.10433401][ 17.61754798  -5.69944639   3.32754942   6.33785894  -4.68126014
  25.81846436 -20.06367004 -21.66474167  -4.49592465   1.90003402
 -11.74325549 -23.43404101 -20.44271583][ 16.88939429  -7.81813793   2.95227237  14.09333086  -0.17031618
  24.28310466 -15.9461676  -21.41522514 -28.70829524  -6.76953579
 -14.65806055 -17.79282655 -18.75723141][ 16.5459871   -6.62322386   3.4412819   16.62434971   2.43593903
  26.17783127 -17.79545094 -13.46896876 -23.71334364  -6.82480974
 -14.28112034 -18.60077372 -13.0628032 ][ 15.90311343  -6.15468155  -0.53574623  13.29632534   4.58478796
  22.73398643 -26.45309693 -20.07563914 -18.75355089  -0.70659682
 -16.9141957  -20.11914006  -8.6066072 ][ 15.62971664  -8.62608542  -5.71964157  11.53836798   3.18496355
  27.69289909 -22.46615835 -18.38523289 -13.89177776  -5.27995022
 -24.77107867 -24.40646224 -10.49298921][ 15.15683065 -10.02372743  -8.13673126   5.46379151  -8.36216404
  19.03316821 -16.47495922 -15.67993499  -0.46561764  -0.61752788
 -17.84054106 -10.76228404  -9.14113854]