[13.17312566 -8.51519153 -0.92071459  4.55663252 -5.41160651  0.62583563
  6.91411617  3.79594959  0.64250138  4.97630958  2.68157289  3.13657779
  2.78008998][ 18.42581279 -16.82324936 -28.55236046   4.11332943  16.41807698
 -12.36758055 -19.399251    10.92924629 -12.4247039   -2.2558336
 -12.66518262   9.70723153   1.05901072][ 19.9261296  -34.77734348 -23.04573426   7.71611654   2.7657637
  -2.56860009 -29.86216721  18.3975893  -21.97647677   3.28695106
  -6.46491092   7.16802545   4.65916751][ 21.29819816 -40.06637461  -5.6475901   18.81774653  -4.45457975
   1.57975049 -17.35517871  24.10292271 -24.23240878   1.33329426
  -2.31286928   1.43941792  -7.99879121][ 22.18489879 -36.98411174  -2.52001077  16.27238795  -9.6865642
  -1.42361456 -12.28191659  18.3785677  -18.69893515   8.15000508
  -2.56592746   2.79992541  -1.91977887][ 22.72066012 -44.26542987  -3.49380712  19.28116009 -10.6335258
  -0.43883971 -11.03102796  17.83804836 -20.93066534   8.74750381
   3.15463854  -0.44659952  -2.8707567 ][ 22.96170029 -45.03673318  -0.44699504  22.49744273 -12.86536703
  -3.37021931  -4.97571788  19.98234926 -25.35975642   8.87643056
   1.20723481  -2.23218233  -2.43796156][ 23.06975157 -37.43207999  -0.05969437  17.74634666 -14.2120102
   0.2181392   -5.08794274  15.3088009  -22.36292155  11.8987775
  -1.38810647  -5.95483607  -3.52631004][ 23.02751822 -44.61814597  -2.3384092   21.58694827 -12.48145056
  -0.18788585  -0.34346651  14.24455156 -19.66127104  10.61736526
  -0.96943674  -1.69184488  -3.74692762][ 22.87920769 -45.36564719  -5.19073431  21.09179705 -11.31165485
  -4.04922488  -3.65005897  10.02455011 -21.84534584  16.67843368
  -1.88052387  -6.34977569  -5.0456846 ][ 2.28616330e+01 -3.62877698e+01 -3.22374730e+00  1.87252099e+01
 -1.59425415e+01  1.44758289e-02 -5.30092367e-01  1.09041739e+01
 -2.48619572e+01  1.45105386e+01 -3.11447997e+00 -8.00746927e+00
 -4.27603544e+00][ 22.92656942 -43.23412983  -4.93062452  22.36238133  -9.67229938
  -2.43419967  -4.80144424   8.66879997 -24.51551617  16.40235413
  -3.4099831   -3.99939074  -2.3518771 ][ 23.05462314 -47.91560719  -4.67666375  22.14820005  -8.28312211
   2.4222609   -3.97126859   2.35134723 -26.39987244  18.06403465
  -6.7270251   -4.50414015  -1.08781975][ 23.0757049  -44.38005783  -3.40469609  20.91361138 -12.40593457
   2.07825598  -1.14258789   6.90278569 -20.3140813   23.39266701
  -4.65230662  -4.68114958  -0.26753044][ 23.03630182 -46.81714987  -3.76379908  22.4045103  -11.84144621
   2.78681627  -4.07484205   4.25126478 -20.47818453  19.01556126
  -4.24600058  -4.8902449   -1.41256121][ 23.1527747  -36.56680006  -0.17069987  18.21621261 -14.80751658
   3.95112742   1.05391842   8.49587608 -22.99093369  18.77481332
  -5.28493006  -0.45951886  -3.19437392][ 23.25692871 -34.9435121   -1.212832    19.52722661 -14.55852279
   1.92720042   1.85170503   9.91147788 -21.61336468  17.0398683
  -5.44512196  -2.1915153   -2.58754519][ 23.1109883  -36.72085056  -1.02109272  21.50032469 -16.55974619
  -4.09665604   4.69089156   5.07477663 -20.86063679  18.12186021
  -6.96511472  -4.71788058   0.8444331 ][ 23.00949642 -36.19712386  -1.42397884  22.38311468 -13.66830973
  -3.60942336   4.11438603   8.39927575 -19.03315231  14.1491828
  -8.04611204  -3.15249476   4.2578872 ][ 22.91095009 -50.05070031  -8.91952364  21.49826998  -8.57065943
  -4.56272723  -2.57300397  -2.98091463 -23.29699066  22.71061467
  -4.06119211   0.79268653   0.18407673][ 22.9406061  -47.31682145  -6.87807517  16.43464749 -13.24354591
  -0.26781197   2.27482549   2.39696126 -23.99783774  23.26754099
  -4.99713268  -8.25040057   3.1156337 ][ 22.74067428 -47.75277126  -6.64656675  16.72731848 -10.4413749
   2.56101065  -0.74867589   0.37291909 -24.04672943  27.1514112
  -1.46319275  -4.07194806   0.5585725 ][ 22.45503512 -35.27544529  -0.70972649  16.32548026 -14.69242509
   1.32633364  -3.5969364    5.76574687 -19.88272641  18.14701793
  -8.45462137  -2.64752625  -6.24941291][ 22.19757182 -45.34628768  -1.91767242  18.36627984 -10.93664316
   9.09441714   2.01758365   4.4309081  -20.15687742  19.51853191
 -11.44365255  -0.64299272  -1.66511029][ 21.66212352 -38.79479502   4.40799585  18.19469977 -16.37905958
   4.39086603  -2.53504294  -2.68358193 -14.98959813  23.45352383
 -21.67194796  -6.52375328  -2.1889744 ][ 20.83513771 -23.26535655   6.34566132  25.48131269  -4.60661253
   1.03013658 -17.95967822  -8.13120536 -15.68886661  30.69576159
   5.36056699   6.86887838   3.51848296][ 2.08948164e+01 -8.81159315e+00 -1.31974105e+01  1.64567705e+01
 -4.25533519e+00 -1.40747501e+01 -3.09145688e+01 -1.92779148e+01
 -2.30203457e+01  1.54278028e+01  2.42313084e-02 -2.61142954e+00
 -6.66291267e+00][ 21.19246349   0.83164179 -23.38728867  23.17977693  -3.74122758
 -20.65993273 -28.008857   -29.25775532 -24.53182176  23.29993763
  -4.15187336   8.44574168  -7.51525241][ 21.62330776  -0.18420401 -25.8632447   23.95444093  -6.44917628
 -28.85800754 -26.60577939 -41.74269042 -20.75494324  22.94195827
 -10.63075501   3.51303109  -3.60206595][ 21.86290584   1.31258791 -26.47482938  27.9983999   -6.61991629
 -27.77979522 -26.30108502 -41.89293297 -16.26089508  31.11914227
 -12.06751583  10.92653781  -1.46138753][ 21.98322494   0.90525661 -27.0975192   27.77498912  -9.04087279
 -30.15714452 -24.74477769 -41.41357775 -13.34032379  27.53686363
 -11.56213638  17.3252692   -3.71962833][ 21.81423603  -2.59010741 -20.96494907  18.96723044 -11.54972263
 -28.63330577 -22.47278509 -38.33609429  -7.59459753  15.79819104
  -6.76656314  10.18867955  -0.64745169][ 21.81410113  -0.59790205 -19.16651793  25.547507    -6.09591154
 -26.76060724 -19.06694766 -38.12670999  -1.08898254  16.74135832
  -8.73369728  11.8165765   -2.91703689][ 21.97957301  -1.84819341 -21.4284117   29.92124026  -4.07829727
 -29.04219646 -29.55397058 -36.52591956  -6.26490628  22.33265403
 -20.34820742  12.29951145 -10.058511  ][ 21.91228916  -1.95137214 -23.46358864  27.36555574  -8.42849858
 -26.9470701  -30.98191818 -35.27559022  -8.57150527  21.65791285
 -20.11753314  17.90524394  -9.36068382][ 21.72042986  -4.14751292 -22.83697455  24.69977633  -7.53731394
 -30.61643902 -35.34504386 -46.36463931 -11.50389889  12.63971688
 -20.66378044   9.70606993 -12.78404303][ 21.64721578  -4.08132672 -18.99404081  25.39835556  -2.24048806
 -26.4663185  -28.17590314 -40.48879416  -1.58411752  15.3959776
 -16.4662284   20.61769091  -7.5135258 ][ 21.45146724  -4.63736991 -15.76131334  26.6219384    0.4520242
 -22.46025894 -27.77490039 -38.35378417   2.30172311  16.04639593
 -15.09348811  25.01095924  -4.98788143][ 20.79473577  -5.47217358 -13.04257502  21.31939013  -2.99815218
 -16.43819819 -29.3259783  -30.95973256   0.31758876   2.20810689
 -16.40044392  16.08010836 -11.99077298][ 19.76080132  -6.06619095 -10.55253122  20.2322429    1.58008883
 -20.43569679 -39.10696447 -23.97601374  -1.87167961 -14.69634944
 -25.00359014  15.3765565  -21.93555383][ 19.32825022  -5.10555462 -12.13411463  21.83009175   4.6153847
 -14.86412701 -34.73493718 -19.1076017    0.06758983 -14.27409032
 -14.72611602  16.71480153 -10.69866276][ 18.84788047  -6.27277317 -12.06713219  21.60421845   7.963141
  -8.36360769 -30.18105817 -10.85736041   1.58176132  -6.89235676
 -13.40949582  14.52671664 -16.21901687][ 17.88589209  -6.76076157  -7.67850884  20.342322     3.6674024
 -11.03171818 -28.96667383  -5.97219968   3.33762447  -8.82750723
  -5.67173271  14.54627671 -18.09053794][ 17.24418089  -4.99225239  -6.25418417  29.08931186   0.8066265
 -11.37239461 -37.30918584 -14.36246756  12.1806869    3.17764687
  -3.46838874   8.13244828 -12.97762911][ 16.55342234  -6.88747229  -6.85546626  25.4863761   -3.30401049
  -9.09907814 -33.11096812 -11.2143069    8.65620534   1.41317662
 -14.78924803   5.83707339  -1.53776267]