[ 13.9392786  -19.46354828 -13.78395965  15.01639846  -4.47916488
   0.13808135 -10.70799359   9.29855566 -10.34175942  21.46391486
  -3.13658153  -0.10209593   3.23079739][ 16.07347357 -33.4728197  -16.9380315   21.74717441  -9.32116211
   0.31033598  -0.39723222  17.66574055 -11.00220349  34.00584567
  -2.12027592   5.6218771    8.54767259][ 17.58927204 -41.30601038 -16.7256238   21.89467005  -6.33061649
  -1.33843902 -10.24286256  13.28508186 -15.65233471  30.48071411
   0.9774174    6.32181494  15.84675339][ 18.65932733 -44.09493485 -15.97414815  20.48753455 -11.91152553
  -0.12821005 -12.79443071  17.35152488 -20.62267328  29.75660176
  -4.74960449   7.84611713   6.42504815][ 19.49999008 -40.01898016 -12.10617993  25.92572515 -12.61311893
  -2.54364247 -13.82362144  21.34692484 -20.29987602  13.68743162
 -11.4558333   -2.46508162   5.74819955][ 20.17105847 -44.87847362 -13.28198253  24.76327388 -11.9255082
  -6.79715631  -8.65088302  23.63988613 -22.53785203  16.21686159
  -6.05628027  -4.55035894   6.58935162][ 20.85996539 -48.53315274 -12.70970657  20.89642632 -12.02467527
   2.96068102  -2.37139258  17.09461943 -31.3012486   16.9345823
  -7.45334686  -7.62196441  -2.39836085][ 21.45929264 -37.45673116  -3.50508431  23.40908034 -16.58678282
   1.10993654  -4.32929957  17.86289471 -28.22179526  18.67398375
  -3.69907305  -4.93134095   0.68674232][ 21.74794357 -48.59447059  -7.94851289  25.98025783 -15.75092067
  -0.78354181 -10.96076714  11.12836695 -31.46335622  22.60383635
  -1.85581361  -6.71206611  -3.80826999][ 21.8398075  -45.50170008  -6.51500558  25.81605466 -15.7804265
   0.43800937  -4.69894315  15.74841316 -24.68939705  19.3475766
  -2.44804702  -6.6833874   -2.78042893][ 21.67286393 -44.78786234  -3.65583404  25.54963091 -15.51001884
  -0.17095399  -7.05330647  17.83166297 -22.68076167  13.36122157
  -6.82565622  -1.37984994  -3.03591124][ 21.86288658 -32.39497347  -1.49620809  16.63614638 -12.60344321
   1.32327824  -8.39481605  17.09183737 -23.66312448  12.15406318
  -5.66405962  -2.30849346  -2.78423908][ 22.09597322 -49.56473494  -4.94700253  23.72802366  -9.91957189
   1.15216922  -8.31346726  19.99704493 -20.96890563  19.12596389
  -0.21261609   1.55679481  -5.2334034 ][ 22.22303889 -47.27043099  -6.83381722  22.59970738 -10.35741392
   0.88425894  -5.84795646  17.54598006 -21.14733548  21.00265137
  -3.17066144  -7.34846557  -0.45753706][ 22.13919345 -39.54320265  -5.1517616   23.68895186 -15.14732261
   2.84131024  -4.27380723  13.89695031 -22.74288483  21.37417042
  -9.02710592  -4.71219805  -0.10859336][ 21.82131474 -36.88971862  -6.42469626  23.84183408 -13.56468325
   0.52437545  -5.26381317  12.80974341 -20.19236372  21.51481945
 -12.42902074  -7.98795633   1.98511651][ 21.34517941 -36.12080676  -8.39119312  21.33133089 -12.97464012
   7.62732107  -5.30364795  10.84164914 -21.09797102  26.10878117
  -7.81745291  -5.2646995    4.00582655][ 20.02671792 -20.62187368  -8.63563922  18.22365928 -16.07199326
   4.22016946 -13.92177346  -4.00853569 -22.56330169  11.38174
 -11.03246669  -5.08559255 -11.73956824][ 20.13492246  -2.54879137 -23.37592894   8.46194684 -11.79185807
  -7.26381682 -22.20986759  -7.88780473 -18.15701818  29.35914695
   5.60079627   6.05998958 -14.24471058][ 20.85332714   3.96775966 -33.03557795  11.40273918 -16.7223125
 -11.41535365 -18.38580465 -14.69111303  -5.81044718  25.22173225
   6.35144089   4.57888897 -27.02719493][ 2.15277254e+01  3.04543031e+00 -3.72822816e+01  1.06367435e+01
 -2.15944441e+01 -1.26270025e+01 -1.44988063e+01 -2.00931063e+01
 -5.58938708e-03  2.79619763e+01  3.53880548e+00  4.72399595e+00
 -2.44122993e+01][ 21.54097869   1.2501145  -38.11048251   9.59061629 -21.21397913
 -13.56457351 -11.21176465 -24.77269765   4.95398073  32.58281564
  -2.65041607   0.15303298 -27.99559571][ 21.61717655   0.57857792 -37.59345889  11.11067443 -16.41456074
 -12.93872934 -10.79798056 -26.12257616   9.49413761  36.76023352
  -1.83868064   5.64448291 -25.79428941][ 21.62803644  -1.25433008 -36.98962256  10.48744237 -16.19901507
 -15.66755765 -14.62141765 -31.76111263   9.61609343  30.64365368
  -5.71083128   0.97184463 -31.4001326 ][ 21.5451922   -4.28199312 -36.93312599   2.95520527 -23.07970065
 -17.54200355 -20.40309814 -34.76299659   2.439439    20.8473651
 -14.16075599  -3.02174929 -28.29297057][ 21.24992768  -3.63294633 -33.42316479   5.13391081 -20.40734948
 -17.63291256 -22.95558066 -31.14411224  -0.53964601  27.18420913
 -16.88371974   6.33139704 -32.9385828 ][ 20.94407344  -4.19990687 -30.17464889   6.56802351 -19.22997894
 -22.41420175 -27.11041612 -29.39974321  -5.3609892   32.59071383
 -18.89650428  14.89939637 -36.51384154][ 20.687547    -0.67008449 -23.33025833   9.5053358  -15.51536245
 -16.29472957 -24.31075138 -19.29001363   0.94484351  31.73956452
 -12.84042454  12.33254861 -30.86249272][ 20.22531806   0.24041728 -16.34591528  10.16180274 -18.35500135
 -18.05087994 -26.74746326 -17.03053085  12.29986277  25.45186152
  -4.53679266  13.74316071 -26.17993233][ 19.56182614  -0.47513176 -13.20354147   3.790587   -21.46187673
 -18.51433093 -30.96838108 -18.35430647   5.64484304   8.48214252
  -8.34716166  14.90594877 -27.93872328][ 19.17795228  -3.85660123 -13.2109708    5.01169354 -15.82705472
 -28.60331866 -42.4793789  -10.35350641  -4.02173345  -2.78822272
 -16.96901324   8.84141873 -27.36632586][ 18.63709773  -2.43775658  -6.95497526  15.87823587  -2.35676777
 -23.03365739 -40.60680765   4.04288279  -4.17835691   7.05438904
  -9.51336204   5.37290189 -18.91694061][ 18.51342686 -13.15397871  -2.22608171  18.85416667  -6.10856234
 -12.50392151 -17.4456358    0.20370514   5.43806843  16.91156245
  -6.08803392   0.70216218 -12.08494415][ 19.76425756 -25.67072556   2.63640196  22.52457215  -9.20951062
  -7.49626065 -17.9036158   -7.92087368   3.86730496  23.26309634
  -8.65181937   3.00911286 -15.71802715][ 20.45166349 -37.87954657  -3.83353828  17.50914232 -13.7539356
 -12.17411645  -5.48054335  12.67831537   6.45818715  19.04357898
  -8.21537076   1.47576663 -23.96563127][ 20.81059176 -38.88386973  -4.54236912  14.75404007 -14.77960887
 -12.02324542  -6.74955524   7.25645027  -5.1550527   17.79906353
  -2.58559884   4.7024444  -16.53438171][ 20.87904428 -37.23899432  -1.46123805  14.71970067 -16.09282458
 -11.65222159  -7.75840787   8.69199861 -11.16072912  11.58613273
  -0.36873495   6.09567018 -12.5498176 ][ 20.98347061 -46.94271957  -6.00925788  15.32807608 -19.45147875
 -20.26881598 -14.17806988  11.7387806   -4.22946919  20.27662576
  11.02797064   5.40052797 -12.17951863][ 21.02855476 -43.65954457  -1.00929988  19.48283346 -16.3319244
 -14.72263119  -6.20396497  11.42786959 -12.66731654  12.59251331
   5.34380207  -2.35142784 -12.74055672][ 21.08058831 -47.31841952   0.48375679  26.29684341  -8.95420581
  -9.90795858 -12.77587126   2.07175232 -15.20911522  15.64740102
   4.48778324   4.46654931  -6.13169636][ 2.11740685e+01 -4.10315083e+01  7.24652718e-03  2.13722049e+01
 -1.18334124e+01 -5.56613552e+00 -2.16312551e+00  1.26562355e+01
 -1.30406197e+01  1.26912504e+01 -4.97958587e+00  3.74928895e+00
 -4.24135437e+00][ 21.20851338 -43.70218189  -1.73319215  21.89980467  -8.93288529
  -9.1157092   -2.64625333  12.2777107  -12.12250079  12.31335458
  -6.50290109   6.85318301  -5.73584833][ 21.1876868  -41.00451363  -1.13059301  19.66970659  -9.13693237
  -7.67584853  -1.49684743  11.05126144 -12.51333918   7.15544741
  -6.7133865    5.45606877  -6.9273418 ][ 21.34090615 -45.96354838  -2.53267305  19.91305796  -8.43841344
  -5.02837479  -0.50700133  17.40964933 -17.69581997   8.23166452
   2.97073292   2.81797127  -8.26005857][ 21.56530392 -38.64851677  -0.86145468  20.59887858 -15.46031634
  -6.3031733    1.76469197  10.09659917 -21.87358625   9.84192314
  -8.07545283  -1.16772824  -5.51217878][ 21.55736103 -53.12694153  -4.21992033  29.81722334 -12.94608539
 -10.79978947   2.02481536  10.50274323 -20.28349904  15.00114675
  -6.70103961   2.61333225  -1.9177406 ][ 21.22979512 -40.34384654  -0.18790113  23.49386138 -14.97466355
  -5.58898492   8.55244728   8.5440812  -22.44601384  17.93962604
  -8.3760366    4.72251904  -1.79948001][ 2.05917095e+01 -3.73805396e+01  2.54576801e-02  2.36181142e+01
 -1.89418948e+01 -7.99744407e+00  9.70184706e+00  6.11929449e+00
 -1.87081083e+01  1.69185592e+01 -1.06205197e+01  4.62379831e-01
 -1.09456680e+00][ 19.47789751 -50.5482933   -5.62401966  29.96467851 -14.49596759
  -6.49836437   5.94494116  10.63458091  -5.92857616  14.74619729
  -8.31575599   7.04235023  -4.0961086 ][ 17.63797579 -24.1575576   -5.2169045   18.79971442 -17.54604675
   0.47984512   4.1007073    1.6577941   -5.56323396  13.14749552
 -14.96460032  12.79221114  -8.81331898][ 15.82219062 -33.84645561  -4.08103187  25.16535541 -14.54548016
  -3.03621754   6.34094702   7.45184182  -6.65626942  15.54552548
  -0.07903806  17.56627833  -4.0444803 ][ 15.50754293 -28.98476249  -5.41562337  23.66184195 -13.59220351
  -7.50098043   7.38546273   8.19621644  -8.56497791   8.47605993
  -9.48157445   2.88664176 -10.08384023][ 15.24424888 -31.98570865  -7.16595901  25.19733347 -19.19432796
 -10.97937347   7.26139179   6.16633172  -7.72244892  16.86957954
  -1.88340011   2.89841994  -7.36604389][ 14.87271063 -30.63786041  -4.54809501  24.61643552 -17.16315283
  -4.1553128   15.6811089    8.01563126 -12.04873742  19.47371045
   1.10724598   4.17284553  -2.65896462][ 14.36218546 -26.68577559  -4.74734924  22.54093232 -12.61066801
   3.79943256  10.14999919   3.08102707 -10.73938811  11.85004682
   3.92054928   6.40564134  -4.44583305][ 15.90981532 -23.3127641   -4.91927867  16.88318313 -18.42570249
   5.3014486    7.64077202  -2.78990918  -9.95520183  11.07524467
  -1.05658012   0.88680584  -3.66821934][ 18.29819281 -37.1413027   -3.29790545  20.94226161 -17.14606178
  11.28577868   7.36216375 -11.37579686 -12.77756305  17.22012575
  -5.31048187   8.72533033  -3.97160513][ 19.66545275 -32.32294363  -3.35488966  17.39692453 -14.94364383
  -1.78857464   4.18311476   1.46413503 -13.62992807  18.17995092
 -11.48134426   3.14865349  -0.08494566][ 20.18237795 -44.7165454   -7.47940168  13.66319617 -18.05191926
 -10.4287423   -4.18950956   7.12492624  -5.35072965  21.10749924
  -4.72371747   6.59163887  -1.65242167][ 20.641526   -38.39535539  -2.39956746  20.70461654 -13.79697988
  -6.61165852  -4.8851155    7.79570088 -16.89443784   6.19359715
  -6.6170205    1.89031355  -4.39242481][ 20.54584097 -43.77236443  -1.42456306  24.10080038 -14.30271531
 -12.56025765 -15.20492876   6.40765671 -13.87822917   9.58868072
   8.34764831  10.61144315   3.41142723][ 20.12616838 -40.4953609   -3.98633457  20.04477099 -16.33475529
  -8.53107745  -6.35339377   9.08406194 -16.96979885  13.36719379
   5.07609726   5.93079481   4.55643176][ 19.48265397 -38.54613212  -8.09445529  19.76779038 -16.83506103
 -16.37146894 -14.63254268   8.77569048 -11.34068424  10.45620821
   0.54112038   7.57246664   2.96096721][ 18.86788644 -38.20008711 -14.39034734  17.75825418 -12.64799318
 -18.82485136  -6.08467448  12.51323617  -6.24653354   6.95104105
 -11.73468391  12.09246554   2.05408822][ 18.0064481  -37.04004892 -16.71340745  17.53815147 -12.77695285
 -18.7914525  -10.32499018   9.38774319   0.69365578  -0.17090632
  -5.63396719  12.72615227  -0.53216585][ 17.21512131 -29.60317931 -16.36183399  11.67405936 -14.85495454
 -11.95015649  -4.66790308   5.11454305   3.00453422   9.75150932
  -9.83100445  15.36633044   3.24464407][ 16.15698681 -26.62332878 -18.24229276  13.19973378 -13.6352155
 -16.47002485  -8.60734954  10.47438014   6.29520627  16.41220148
  -7.82777959  12.01334055   2.69296084][ 15.39410854 -23.50772295 -20.28496156  10.78961661 -15.51214846
 -11.66946136 -17.27317395   9.88503032   5.38828426   5.54426112
  -5.03623229   5.93850127   4.01192402][ 14.79430465 -22.35710303 -17.95199914  16.13850135  -8.02288499
  -5.83092095 -13.01825449  11.97857996   7.84484015   2.05950764
  -8.39552487   2.31151563  -2.03866943][ 13.92639591 -20.12490845 -16.15922498  12.3064867   -7.97819596
  -2.58965448 -11.33105753  15.86180526  11.30020711  -2.60210486
  -5.56021053  -0.32399548  -2.51778957]