[ 9.86721393 -9.95834929  7.62567657 -1.71333397 11.25354037 -0.78632234
 -9.31041476 -4.54187459  1.5932822   3.21701756  7.85145333 -6.89333441
 -1.01324858][ 10.40272977  -5.59430662  16.6671482   -1.35405721  10.86002304
   1.76672009 -14.33330153   2.20081687  -2.76028675  -7.76430209
 -11.15355868 -13.14125023 -12.7158689 ][ 13.36747531   6.65861548  28.27140437  13.45640832  22.45273141
   9.20181398  -9.21880277   4.74255075 -14.0636826   -2.97900578
 -22.53969486 -22.81534616 -15.47550203][ 14.46790458  11.43841311  25.00885561  11.7968283   18.26532945
  -1.31244823  -6.28730671   9.13161027 -20.35595543 -11.44799095
 -15.57237171 -23.39259883 -25.20192528][ 15.31785883  19.20208208  23.36436868  11.62287112  13.56647088
 -13.61162347  -4.23163304  -1.94181361 -17.49169262  -8.92311889
  -9.41147842 -20.61575322 -17.60733685][ 15.59340577  21.73240277  17.81202817  13.84498707  14.00711739
 -15.01229146  -6.69521636  -3.14469597 -17.45994002 -23.43680883
  -3.08360416 -16.85454634 -20.77602594][ 15.43285524  21.2090986   20.88453168  16.83832008  15.83039085
 -13.75867509  -3.30037987  -1.44057761 -16.65628949 -28.04688047
  -1.54388255 -14.19624288 -21.90124324][ 15.16972195  18.45962435  31.39076075  25.3659665   17.44022275
 -12.08298925 -15.08632611  -8.23030921 -12.1966607  -20.56414815
  -1.83289826 -25.52090392 -24.60586443][ 14.68676604  20.30076529  24.91540125  11.48047541  13.34046656
   0.59038461  -6.11400092  -7.97329655  -4.71735434 -16.57810869
  -9.11592715 -20.96608793 -12.85164773][ 14.18962729  16.70953227  34.88794355  18.9837292   18.52557423
   8.19453331  -1.39351546 -12.97326678  -0.11143162 -10.9176827
  -7.74581864 -24.14774112  -6.25385348][ 13.73961895  17.20660752  22.13533594  11.05094724  11.41027955
   6.08804535   2.77478586  -5.70612739   0.52343567 -13.86764529
  -3.6981167  -14.95455512  -4.53418242][ 13.35974393  14.40566353  24.9340158   13.6765247   14.7097473
   7.58407663   5.1871359   -4.07129308   2.9965922  -13.99844032
  -4.4149222  -15.67968254  -3.39458944][ 16.15225581  -1.37318131   1.46330445  10.2731041   -8.9988653
  10.54233968 -12.58790045  20.20975524  -5.10439192   2.03756832
  -8.82594925 -10.14570987 -10.09023784][ 16.92149121   2.7664187    7.02312004  14.3351693   -4.55886004
  14.86922666 -15.9295319   20.16244812  -3.26053521   3.23527708
  -5.41395887  -5.5231371   -5.24816829][ 17.53179938   5.26507824  14.5900127   19.52043642   2.49322937
  16.43623065 -22.04184301  13.94042013 -16.05314562  -1.07260971
 -14.73619219  -4.29811234  -1.87170457][ 17.72799629   8.97446554  16.34354401  13.7001624    3.99984711
  18.39292169 -17.93204156  18.96497572 -13.57220923  -6.47241729
 -11.9862381   -7.08055246  -2.59697049][ 17.84372604  10.7581779   17.0247025   12.32462473   3.73578149
  14.2753106  -17.14034207  13.59641972 -13.41664664   1.80601386
 -10.03201594 -11.0747736   -3.5100168 ][ 17.91102002  12.26770353  13.29024587  15.85881105   4.11042746
   9.95398117 -20.7531129    9.0601684   -4.3956072    1.09988437
  -3.4615493  -15.14558192  -3.86763643][ 17.77414084  11.17448059  12.56330175  14.04797768   3.3266229
   7.85186493 -23.74598386   7.75619014  -2.64014936  -1.46276227
  -5.22854326  -9.20134632  -8.30108318][ 17.36226069   9.10581144  13.51152817  12.80797603   3.38491907
   4.08255929 -15.70851618   7.43977714   2.35400405  -5.8556463
  -3.57922877  -1.03661297  -5.91901677][16.93978281  8.97152113 15.41390137 11.59183292  1.03860639  1.75796309
 -9.05004743 -0.26802944  0.47186487 -4.16734061 -1.27353649  2.1797512
 -2.15116783][16.17998192  7.99731509 16.79533405  9.31285868 -3.65825908  6.5309277
 -5.12602998 -2.00031896  0.44404547  1.98301967 -0.36291282 -2.88327165
 -3.35080475][ 15.49575191   2.99073856  18.26502325  10.64119363   3.81708096
  10.52737955  -4.69600298   0.11681018 -10.53789564  -5.84947236
  -1.96779753  -6.16754097  -7.59401117][ 15.25105322  -2.93689282  21.52166005  17.35912152   7.20986088
   6.5792304   -9.25489474  -0.95205995 -14.94469417  -6.43889617
  -1.47476167   3.3815456  -13.09887488][ 15.44281942  -5.58888247  21.90025267  16.15679762   4.93233835
  12.63816461  -5.18929731   3.49225785 -12.84338469  -0.44732104
  -6.77383319  -8.03634707 -18.06969663][ 15.86612372  -2.93196796  12.35511237   6.27039996   0.62382423
  16.60510991  -5.05162625  -2.43858261   4.13004401   9.61375553
 -18.09871116 -13.33059135 -17.90632504][17.30908537 -4.27352398  8.91467485 11.12124069 -4.35293438 12.77078429
 -1.29582581  2.6932831  -1.6239205  -2.41629125  3.53510011  4.85559972
 -6.57526806][17.98105085 -0.67026214  9.94115495  9.59437745 -5.6580206  11.19324361
 -1.23874613  2.90906355 -1.68262692  0.58303348  7.23479658  5.92770017
 -7.34811919][ 18.65700774   5.04492882  12.45535205   9.28629363  -8.01256473
  11.1758379    2.46681039   9.38069644   2.11997265   1.04134155
   4.81180053  -0.22451478 -12.5474005 ][ 18.95326566  11.38510712   7.30964446  -2.91978469  -9.50962195
  15.1268628    3.20016464  14.55149214   2.79143738   9.23333694
   7.40889114  -2.13049307 -10.01069604][ 19.35681766  14.71332222   3.46430127 -12.1646796  -11.87281946
  18.9631187   -7.17600995  26.08064016  -3.71076977   6.4973665
   6.58590282  -1.86898524  -7.11438302][ 19.62487074  15.98318735   0.22956176 -20.03323182 -14.73647253
  14.21869064 -16.99588727  30.16410804  -7.07858018  -0.33830662
   0.3207937   -1.39783011 -11.92132834][ 19.50499893  16.34091153  -1.23774724 -17.26508299  -6.55946422
   9.91267676 -11.09783051  30.42394653  -5.38830238   7.62103176
   0.20810917   0.38446436 -11.84060622][ 19.1929395   15.13855895   1.00902225 -18.02481329  -9.01563767
  20.01626886 -32.45869227  37.97186262  -4.23447985   2.60332955
   0.34203672   1.60499732 -18.52318875][ 19.29752525  13.66447814  -1.21537132 -16.3627297  -14.30341264
  22.54176554 -33.98180695  33.72548909  -6.20500696  -4.54980527
  -1.0480297   -5.91955696 -24.39692934][ 19.59351396  12.46352323  -0.70834452 -17.60186386 -16.88963998
  18.64073029 -22.33374425  29.23415768  -4.74258984  -6.77708219
   3.53980518  -5.54295812 -17.42711797][ 19.65525128  13.52461847   0.83653962 -22.01633545 -16.5704248
  19.49585487 -22.23729949  30.5119579   -9.93287825  -6.79144794
   4.76077287  -7.3119116  -17.00990359][ 19.59156145  11.64843172  -0.55976497 -21.20885893 -17.51655715
  20.46162053 -12.76272726  27.06835947 -10.88421839  -0.46936097
   2.67644028  -8.33066781 -11.5792515 ][ 19.19766288  12.64463081  -0.57801013 -17.78647042 -15.48573057
  22.74849166 -20.22784543  26.62913219 -16.3756917   -3.31346836
   6.32140953  -5.96731435 -17.84903825][ 18.96664675  13.22637933   3.05914326 -18.04181878 -19.17639212
  27.26626841 -24.37923485  31.07840888 -21.34145698 -12.92654003
   6.45016224  -8.13290377 -24.62821635][ 18.85362385  14.74313629   6.0471191  -18.08774283 -20.08596791
  33.66450357 -29.66996411  40.53166748 -26.23309048 -11.69163117
  -0.91856808  -4.40845728 -18.06819579][ 18.82152488  13.7125864    6.34269467 -15.76037388 -15.5617884
  25.66784113 -23.10889602  38.59535948 -27.94500972  -9.65540185
  -0.30368491  -3.02146961  -9.57833344][ 18.83555908  17.2582738    8.18767959 -20.28728181 -15.23615628
  29.02350278 -33.22741291  42.97921961 -32.97278797 -10.26635635
   1.1815237   -1.70608833 -14.98339201][ 19.03269529  18.00545091   7.26125444 -21.11276123 -13.70262336
  31.46434955 -18.86060559  34.11765667 -30.70492266  -1.42289197
   5.12764753  -8.98991796  -7.52419797][ 18.83794045  18.75173839   4.23611909 -15.04940834 -21.24346491
  31.8421815  -21.78513836  23.82667724 -35.10608983  -1.61603623
   5.68670407 -11.88526816  -6.22080837][ 18.49342572  19.33673339   4.52946561 -17.3792339  -15.45953793
  32.50237982 -21.64106616  26.07326097 -38.04881862  -6.21535629
   3.25582098 -13.89980698 -11.0195021 ][ 18.0895052   16.63054771   4.888765   -14.62162346  -2.31759466
  32.35306796 -22.33519578  17.21333471 -28.7220872    1.16391163
  -3.24585288 -13.93875521  -6.47684623][ 17.7493751   16.94886247   7.09537353 -12.73708009   4.34997207
  33.24244927 -18.73165735  19.58099845 -30.40948924   6.46332931
  -4.37047296 -10.04428779  -1.18958575][ 17.57691342  17.45630967   5.59479343 -18.11069787   6.87497934
  34.83996908 -21.0979942   21.5150773  -25.43419638   7.8164907
   1.53680179 -12.35972785   4.18361236][ 16.98102618  20.18929834   3.66569623 -15.57533774  10.4236477
  37.74702805  -6.15997899  12.94652397 -11.17924866   7.6162912
  -3.49618019  -4.94512184   4.44393448][ 16.47437327  19.72366314   4.85857634 -11.89735727   7.52828332
  38.02126148   1.35479424   5.84315639 -10.13364694   6.73977638
  -1.79160531  -5.61371545   3.60561112][15.47575191 15.3717652   5.98139444  2.19536804  6.29489254 31.18780834
  5.5977711   3.45445871 -5.97009972 -4.50106809  1.64681474  1.77614788
 -1.85410743][14.38402423 10.71857515  7.33435968  6.1089356   6.48337398 22.69421009
  1.9628821  -4.95788998 -1.28113851 -4.47960516 -1.68124548  6.2482308
 -3.98173262][13.90024259  7.95627743 10.9297902   3.98449566 -3.41909484 12.50262371
 -1.89337952 -2.71545831  4.93746942 -7.37665333 -6.87015013  7.08658952
  0.36243254][13.86005323  6.9404157  14.03022938  6.62962943 -4.0113869  11.01529783
 -2.8418952  -0.83558293  8.35664176 -5.40608132 -2.32562984 -1.59306396
 -3.68443838]