[ 12.59716458  -3.38881103  27.38487793  -3.28976173   1.18791156
  14.78947156 -23.1302615   16.88522292 -14.41409014   4.63737568
  -6.48107503  -9.90746636  -2.57463662][ 14.68117032   6.86902661  30.13156901   7.80416825  10.74262768
   9.84404645 -36.11632396  13.5427777  -23.90864263  19.71990813
  -0.07405936 -34.31420245  -8.80915202][ 15.53772743  10.13260895  21.3420815    5.80178518   4.87858832
   4.88716209 -40.34658424  -0.89220759 -28.13647305  21.8567265
  -2.41198593 -28.48543717  -5.01850976][ 16.11794578   7.36682199  24.15515273   9.88964815   1.56282986
   7.22063536 -39.1960523   -0.85019018 -18.99285886  13.14257446
   0.6749486  -22.19349918  -6.10059709][ 1.61794733e+01  4.19922828e+00  2.40086440e+01  7.29695208e+00
 -2.24015258e+00  7.92433243e+00 -3.24714663e+01  2.15720328e+00
 -1.74388696e+01  4.45398792e+00 -9.12523595e+00 -1.09943960e+01
  2.21105981e-02][ 16.27057918  -5.23966143  37.69146628  16.35597567   0.4717221
  15.67241767 -33.0146815   -3.58818242 -16.88661446  -3.59805314
  -7.85161266  -8.45559299   1.51018666][ 16.40549886  -9.54512401  35.35856871  14.92317451   0.58059945
  20.79231359 -19.90557718   1.65367405 -18.3106233   -5.04626356
  -0.84270795 -13.53482119   0.69311578][ 16.5881066  -13.87317519  33.14272457  15.46446334   9.26707509
  19.53191594 -13.61185072  -0.4149198  -19.37784304  -3.64966714
   1.21887357 -16.19325321  -1.13708366][ 17.00574315 -15.47418898  31.18232584  11.38395532  10.24523896
  14.85066116 -15.66747699   4.56124843 -15.41850056 -10.79300506
   2.45638552 -11.38913138   3.26084553][ 17.45363175 -17.61550116  33.3019895    9.07747627   9.96743743
  21.12696352 -17.29588174  12.21013825 -16.9989631  -11.65522836
   8.17444007  -7.84575701   3.74475925][ 17.59052379 -18.13100327  32.77288351   8.90400201   3.43199519
  23.03482942 -15.52218155  13.93259286 -14.39026915   1.70423996
   3.08679497 -12.61297411   0.26780584][ 17.6037936  -20.41810018  31.19524781  11.03390615   8.10605324
  18.31219152 -15.68398366  13.68728936  -7.50775754   6.22026527
   4.2466589  -13.87328181  -6.9864529 ][ 17.85898992 -22.37714685  28.14601     11.19744693  12.25737465
  21.64655952 -17.15865848  15.38703868 -11.93800741  -1.8290019
   3.75180022  -3.81073879   0.61560744][ 18.03128805 -22.08261552  27.99410718   7.09543631  11.59607621
  24.31368889 -13.71874807  16.49791775 -15.33489957   2.18681024
   0.12028514  -9.14442934   2.87305982][ 18.19526529 -23.52061555  28.95002113   7.22227891   9.38754032
  23.19414623  -8.57660459  15.52829976 -12.11755306   4.06412415
  -1.7565848   -9.89545922  -2.07270148][ 18.15280231 -24.22704832  25.40348914   5.01059478  10.9712482
  21.89228119  -4.64288016  16.94954213  -5.99659186   3.26334434
  -3.88288377 -11.38995218  -3.06121899][ 18.18343419 -23.27300856  28.73812168   4.2810598    8.92296722
  17.4985074   -8.45180955  18.67524667  -2.99416687   2.25365096
  -7.35900849 -16.55279004  -0.78539623][ 18.13060551 -21.34240031  27.5324867    5.90285472   9.04716544
  18.31748373 -16.18262002   9.7097263   -9.13674811   2.34732629
  -1.29995225 -12.43271283   1.34780161][ 18.37843008 -18.01140641  29.02768512   8.10950899   8.12295216
  16.98153642 -28.53311041   9.80857238  -5.45943253   6.04454827
   8.14624058 -11.55788212   6.31767357][ 18.21942389 -12.37176859  30.13017327  12.30287068   1.99088676
   9.33872427 -35.79911908   6.27464179 -11.17273123  11.94064245
  13.18909461 -17.04662616   5.79708023][ 17.66184761  -3.36738906  28.37870145  10.3148593   -0.92480615
   3.97297966 -35.22073      4.10024294 -13.81920097  11.54476866
  15.85399191 -12.1412883    2.07902839][ 17.70580823   6.21049487  19.95361288   4.8989403   -2.40725008
   1.51894747 -40.84210601   3.76265803 -13.55384672  20.97094268
  20.20505952 -10.61054909   7.49161576][ 18.16208783   9.90156426  16.36397516  -2.64791847  -2.13653744
  -0.86062654 -42.27046198   1.80536744  -8.23301583  29.63957526
  11.93198422  -4.04633632   6.93723723][ 18.42227168   9.52241138  13.80546833  -4.33047002   1.9857194
  -4.90152564 -38.18022507  12.19446042 -16.02145539  19.85265928
  13.72493704  -4.42008258   3.52415836][ 18.48706579   8.80750291  14.83502984  -5.04871076  -3.07177894
 -11.0109921  -35.74340354  17.31206704 -19.43638983  19.86926016
  11.36898175 -20.1295231   -2.45905231][ 18.42751013   7.99025872  10.40979218   1.06180135  -3.26172722
  -7.21237759 -41.16643828  21.91501784 -18.58400253  21.22669556
  10.6385174  -14.05861801  -2.19972584][ 1.84274509e+01  6.80792496e+00  7.61667297e+00  2.84714366e+00
 -2.23106604e+00 -6.33119023e+00 -3.58759680e+01  1.66310276e+01
 -6.22320216e+00  2.01331949e+01  5.96726251e+00 -1.47360040e+01
  1.24796234e-02][ 18.43162331   7.19896409   7.55002784   2.89981644  -0.91822887
  -7.77250122 -37.76299931  19.17373889  -6.66017633  18.23133811
   4.8968302  -20.04734216  -1.46784422][ 1.84874106e+01  8.47754573e+00  1.05239849e+01  1.53992487e-02
 -2.41906485e+00 -1.12972658e+01 -3.75644470e+01  2.43976063e+01
 -7.86727737e+00  1.83569019e+01  3.14815946e+00 -2.38749529e+01
  3.40286626e+00][ 18.36555507   9.29652216  11.88778674  -0.16027808  -2.48723368
 -13.88662328 -36.566466    34.933028   -10.19416278  15.54552943
   4.67141765 -18.86529761  -3.08963314][ 18.48082055  10.21519291  11.62683608   1.97365883 -10.2445731
 -13.18408239 -29.6406477   36.98705973 -13.2336737   13.72334355
   4.85445002 -15.56431283  -5.66054586][ 18.71322087  10.06989959   9.45909828   1.31792053  -8.81333289
 -11.55694331 -27.50243864  36.74716018 -13.49283785  12.08102321
   8.72548858 -13.82415868  -8.08013696][ 18.80834941  10.30949886   7.08281151   1.22509595  -8.29814139
  -9.51488869 -40.56665465  33.56958267 -13.24038478  12.74477044
  -1.15368397 -20.78116281 -12.85616834][ 18.72079172  10.60787074   6.65086888   0.34111757  -5.43099853
  -7.33730961 -43.76350759  29.80098784  -9.43512264  17.49310035
   2.55753922 -20.63469262  -9.02605404][ 18.71788925   8.77244388   4.95573195   2.47960622  -3.66446826
  -7.37657078 -44.97695866  35.00886394  -9.21952323  21.45829716
  -1.13242019 -16.83485754 -13.1183748 ][ 18.68885193   6.94532238   3.95447388   3.03348646  -4.95004131
  -1.05820678 -37.3072375   37.23748682  -6.28018775  12.72485348
   0.60210374 -14.0194377  -15.63421872][ 18.91877014   5.29228396   3.67813309  -0.36778792  -5.85700823
   1.25337946 -40.81590641  38.8406398   -4.82896983  12.07949717
   4.72163958 -12.64010621 -18.18034143][ 1.89373404e+01  5.96988071e+00  6.33739080e+00 -3.98426280e+00
 -4.68632069e+00  1.38041886e+00 -4.17311988e+01  3.91980799e+01
 -3.57950547e-02  9.30131726e+00  8.22698373e+00 -1.40283101e+01
 -1.96546248e+01][ 18.84326531   7.44673925   6.75541856  -5.32184468  -5.10912268
   0.79908237 -40.79498043  36.82332     -0.37508066  10.39464302
   7.15184066 -12.86048787 -21.28203993][ 18.69618219   9.37176961  13.14490622 -10.25744142  -2.07174838
  -0.34215321 -26.63151096  28.4925402   -0.56056043  11.82104047
   9.66097651  -7.55393284 -19.82746765][ 18.66389124  11.4137016    8.24802467  -9.5454647   -3.71814706
  -0.89548445 -25.89439707  18.77082446  -1.39122577   9.70776695
   4.06720688  -6.35511849 -17.04052942][ 18.40276749  10.8031824    7.10552485  -6.07668641  -2.09078542
  -3.89829949 -23.24691673   7.56125055  -3.78318458  10.5853915
   8.5079383   -9.25490992 -16.54238586][ 17.48334098   9.95711071  10.10392605   4.15527853   5.4364728
  -9.39825591 -12.18490789  -2.03427657 -11.75594864  13.59958127
  18.89120166  -5.01497106 -20.08508723][ 17.32860506  10.50710349   9.20601159   2.71694564   4.46647124
 -14.45676082  -8.34658544   2.77099255  -9.19974691   5.31331038
  10.44532806  -9.22356653 -12.83585051][ 18.04682206  16.17525772   6.30788401  -5.34947717   1.40386453
 -12.26986793 -17.26560439  10.66756895 -25.12827016  13.93288719
   9.89884334 -10.48525748  -9.85786552][ 18.66338579  19.1234856    8.22216284  -9.52732245   2.26813232
 -10.6576426  -13.18725309  17.15241102 -23.47100327  19.04411624
  13.43590242  -5.2328007   -7.3379177 ][ 18.97406914  18.80119465   6.27402863 -10.35376273  -2.24917117
 -10.73332732  -6.34420194  18.3600534  -20.32432346  16.70417137
   3.7106597    0.47452646  -1.48585688][ 19.24363568  18.23111231   2.61163766 -11.72903952  -7.44700242
 -11.71565237  -5.68947541  14.21263042 -17.14864309  15.45106547
  -2.07751317  -0.52392363  -1.03515513][ 1.94607994e+01  1.79688658e+01  1.04366894e-02 -1.24069707e+01
 -1.20565906e+01 -1.28548431e+01 -2.23406360e+00  1.44307016e+01
 -1.12739345e+01  1.54973842e+01 -3.36049562e+00  1.62486908e+00
 -3.20272551e-01][ 19.53551494  16.83919035   2.69550208 -13.41357204 -14.00498232
 -10.59650136   1.04067073  15.57468016  -4.18378426   9.50498808
  -3.79963826   7.69963948  -1.33035206][ 1.96592045e+01  1.70163663e+01  2.77638325e+00 -1.32097704e+01
 -1.61815412e+01 -1.11212022e+01  3.92605164e+00  1.62689740e+01
  4.92924841e-03  4.59839719e+00 -4.16035108e+00  6.49003766e+00
 -2.64019514e+00][ 19.95073533  19.08853013  -0.57630621 -15.8110249  -17.60756345
 -13.86020922  -0.13054855  10.74993745  -7.92572477  -2.49892891
  -2.90834496  -1.06465878 -10.59179721][ 19.93908023  19.35745742   0.40182705 -16.18314434 -17.54091783
 -14.86921053  -0.13856973  14.6863757   -4.84581034   0.517137
  -1.69381921   1.24207203  -5.7528557 ][ 19.92367324  18.53254274   3.47248069 -17.57615836 -20.55706044
  -9.67263091  -3.12240804  20.28287141  -9.01163697   7.13857306
  -3.3593664    4.41108857  -8.4524077 ][ 19.8792364   17.83129712   4.97476223 -15.12749537 -23.49730061
 -10.66489244  -2.56379672  20.82457     -5.57652494   5.91960117
  -6.10996244   4.50776837  -7.91655787][ 19.87268023  18.78658332   3.94840663 -13.57036959 -24.26673036
 -13.30671025   0.66656362  14.43590257  -1.62607591   3.58763244
  -7.3270932    4.72649882  -7.90994931][ 19.91114829  18.94068712   2.56060385 -13.58180463 -26.44041342
 -15.46374947   2.92156297  13.19944436   0.37747401   3.1557081
  -6.56054378   3.59307309  -3.95888881][ 19.74542393  19.30308596   9.47942852 -10.97873493 -32.60674162
  -9.33327654   5.64322421  17.5930944   -0.12164961  -3.21540668
  -2.26024977   5.51954026  -0.59277556][ 19.33097052  17.85187719   9.03384121 -14.43278027 -25.25917755
  -1.93685635   0.5534378   18.73070671   0.45048421  -2.94957646
  -3.37569441  -0.27873183  -8.92724324][ 19.1620971   18.19741706  11.41579598 -18.49899808 -27.76045845
   3.44873389  -3.6390029   25.29574776  -7.8080776   -9.15794496
  -9.52291241  -0.41160151 -14.49961957][ 19.01874316  19.85816718  14.69821284 -20.39424465 -29.1319389
   2.46020909  -0.34478673  34.4100616  -14.3397329  -13.65856527
 -18.3631883   -5.75987521 -12.12311372][ 18.72812491  22.01855317  19.48985728 -21.87669408 -28.79819897
   3.67074651   8.14882192  38.00276506 -17.9261699  -11.86178283
 -22.64623131 -11.48453959  -4.08843913][ 18.23004525  24.69131506  17.32894479 -15.33906122 -26.83461912
   7.33092045   5.11565343  41.55657769 -14.1114043  -14.59878499
 -17.86129029 -17.98803316   6.20147895][ 17.60743331  23.73105046  20.55480625 -11.35410695 -27.78849166
   5.25746346   3.56183626  39.08551188  -6.02051134 -16.77993279
 -12.10397469 -14.86717357   3.78012554][ 16.74062388  22.10741658  17.03593371  -9.44571072 -11.71328262
  19.61645895  14.39603684  23.01045239   3.43503107   2.04061203
 -14.4736437  -17.82019153   4.04525757][ 16.00226474  21.75934594  19.79093999  -4.82296834  -3.98987835
  12.53430994   5.84556601  16.42478157  -6.80310297   1.66437952
 -12.34430338 -10.33752533   8.00605593][ 14.97786463  18.40726224  15.60453015   1.59273935  -0.24517596
   4.77576982  16.51478414  12.69163819  -5.25232319  -4.4115981
 -16.3341839  -16.12806719   5.68056976][13.46286097 17.36022306 14.01220951  3.51226061  3.31451807  4.35814857
  8.6833879   4.2821725   3.62377795  2.5020364  -8.19451654 -4.82790266
  8.10502901][12.91992021 15.44760962 12.83048566  4.2085962   1.9170333   5.16618477
 10.228898   -0.84394378  8.08697941 -1.88921505 -1.97468662 -3.53667433
  6.10720498]