[ 12.0654244   -4.98124309  20.69673731  26.65914537  13.42244503
  -2.62152472 -13.11863764  10.2665846   -0.55359558  -9.78670172
 -12.4927692  -12.83160342  -5.93998955][ 14.24368499   9.77135701  22.25811258  19.16659461   3.44240481
   3.0639471  -10.91858431  -5.39545632 -19.58880955 -16.96996817
  -8.10173024  -2.18423058  -0.81719164][ 15.01179235  10.24952557  25.52456965  33.62117624   0.53723423
  -6.05892664  -2.81337131  -0.33081627  -4.73713556  -6.09341388
 -14.95738219 -23.85979245  -9.73086838][ 15.85043234  -5.96858168  23.15899002  24.27366762  -1.56496553
   9.46002702 -15.68791845  -3.03988356 -20.38123575  -0.0866568
 -26.932853   -16.8613628  -19.99691101][ 15.88493129  -7.60288501  24.79501174  27.11949927  -3.97901529
  16.50136176 -13.40255942   3.6053185  -18.64816583   3.12264602
 -21.71175834  -9.92404736 -10.42359941][ 15.84944474  -8.95759881  24.08970627  28.48446858  -0.90474013
  17.54986989 -17.33729927  -2.83501891 -22.25495383   5.16517374
 -17.33233852  -6.76841552 -12.18440848][ 15.5171294  -10.08445657  36.24354254  33.32084539  -2.49784352
  11.64963572  -0.56974708  -2.3125709  -21.47126597  -3.4800277
 -23.42844486   0.25723031  -6.83184433][ 16.02578814 -14.98736601  35.91615822  34.40210305  -5.2029634
  18.28603251  -2.71350631   4.92401504 -11.93440817  -2.28580972
 -23.4076902    1.10031379 -12.19017316][ 16.32024527  -9.95402011  15.41127132  19.95558464  -9.5532026
  25.61850809  -7.29081036   3.25575368 -15.01040103   5.09777553
 -15.10538575  10.02671738  -3.76375861][ 17.61095029 -17.34951064   9.92456402  31.91710472 -18.73174708
  26.92702147  -1.29390509   6.47364724 -17.72191622  12.00918842
  -8.35285325   7.89204368  -2.19294853][ 18.61078726 -18.91930581   3.94694827  25.59040085 -26.62636066
  25.25516638   9.43199347   9.39048753 -15.06741645  14.51028328
  -6.51027142   0.52814198  -8.82123541][ 19.42178429 -24.99667494   7.2566578   28.42104129 -24.15485159
  22.54575303  17.24855523  12.18002792 -16.09344492  13.43980387
  -1.30308588 -11.28935796  -3.3562535 ][ 19.96816673 -24.0553724   11.48324599  27.32517346 -20.51768007
  22.5134751    9.41562091   9.73688637 -20.23974742  15.63026428
  -5.03923167 -14.70952859  -2.15594748][ 20.26097218 -24.81847441  15.42100978  34.57883179 -24.33551389
  12.57481071   0.61129096  15.39208387 -19.81816949  11.05102152
 -10.70464458  -4.78457508   5.15776622][ 20.28644861 -21.36375592  16.23381646  37.25181161 -18.33406229
   7.03350018 -11.1816009   16.04907544 -27.64007689   1.05700007
 -14.19597759   1.47231098  10.0643359 ][ 19.94194026 -17.15662798  18.34993598  37.42862947 -15.89514315
  -6.00946485 -17.83586709  12.48884355 -26.35437247  -3.57475405
  -9.58592351   0.37349369  11.09321623][ 19.61993267 -12.88082618  19.57374941  36.6532947   -8.99474796
 -14.14976779 -31.63089611   6.53342348 -30.57306317  -3.01094734
  -4.21048803  -0.22382178   9.16458977][ 19.19275702  -4.60164344  16.77844828  27.27624365  -8.41673304
 -10.99166634 -29.0528792    3.18473885 -27.31314781  -0.88445361
  -2.5639815    8.63427357   6.63753898][ 19.28523478   2.73084041   9.96872705  35.18345214  -4.37717313
 -22.62299097 -32.36697274   7.30639047 -29.61709149   1.70841819
 -10.5843104    6.76134733   7.91040929][ 19.57406658   7.96096321   7.74611234  29.95464883  -5.03489762
 -33.04031229 -27.58285359  15.25629858 -25.61802725   1.76721628
  -6.67268202   6.99637528   5.46559956][ 19.83238187   8.30626329   5.06612529  22.23579589  -0.57880098
 -23.55581547 -38.13465292   6.87178782 -17.97163137  -2.30169994
   4.25883369   7.67148252   0.89860453][ 20.03497538   8.44060701   1.5356173   17.84725057  -2.67596912
 -19.02795757 -38.84767078   3.81798827 -16.20493185  -9.62789279
  -1.5205927    8.14811508   5.74700918][ 19.7916392    8.98129629  -0.69338147  17.61908598  -0.67174617
 -19.74140804 -44.43556867   6.79492932 -11.01124855 -12.27822143
  -3.0340503    9.39235556   0.78701562][ 19.47298608   8.62500135   0.19351308  19.73314861  -0.91554804
 -16.49765758 -37.35576438  20.66559983 -10.39063233 -15.03687018
   0.87928617   4.24329156   8.83001553][ 19.16880189  10.34419918   1.35102004  26.06451684   3.50226676
 -13.29274165 -41.92534537  15.42466482 -13.43236449 -14.70342179
  -1.15845861   4.37736842   4.95689441][ 19.02968781  13.9443158   -0.63189768  23.86157092   3.58282535
 -16.8046014  -30.70449173   7.79294257  -5.87496559 -16.01294421
  -1.81623342   9.91464189   5.97931047][ 18.72214143  12.99950082   1.09803479  26.32167176   8.21472926
 -17.38779691 -31.60942346   8.07894078  -6.78171801 -21.51999127
  -6.11619335   6.114328     7.14224338][ 18.37985695  13.81944651   4.40348017  24.97006383   7.3371516
 -18.74875669 -34.48125259   3.18677332   1.93181042 -12.71317264
 -13.55895346  -0.23767597   0.33666626][ 17.86485354  15.16050873  10.26125507  18.68895846  10.66463013
 -10.36376007 -26.90382209  -2.22113969  -1.36133144  -5.33766261
 -11.79801775  -7.14984901  -2.48730551][ 17.42475796  14.3832613   13.71485078  16.81775051  10.44645365
  -4.15447537 -17.75070948   0.22035878  -5.69442308  -8.5648301
  -8.61000815  -0.67571622   2.98485136][ 17.18330381  13.37313756  11.3611921   18.9189695   10.22162625
  -8.53837299 -11.35456413   4.00991514  -6.54160256  -7.35678912
  -7.48966806   6.02854161   2.49670981][ 17.66831077   8.58086625  10.95603468  25.32272939  13.54326751
  -6.45777711 -12.2774026   11.65672538 -11.61662963 -10.93967873
  -5.73194158  -2.49868063  -6.36206563][ 18.15624895   8.96765928  12.36600443  27.24705627  12.68939866
  -7.454571   -19.60982362   9.73650431 -22.30179943 -12.600511
  -2.97493668   3.14696138  -7.14331241][ 18.24654636   7.00385746  15.64118367  34.75699982  10.45476853
 -17.8989919  -20.96609375   7.62758288 -27.95382415 -17.91932797
   3.19328115  12.35898806  -8.0879956 ][ 18.28464617   9.15140601   9.81763719  29.53817444   2.9726604
 -20.62897151 -15.4714132    7.84413681 -27.07744593 -16.90782629
   0.41759848   9.54415322  -7.69967726][ 18.46372215   9.75711318   8.52511494  29.56492257   2.16884783
 -25.63029488 -16.53629191   5.93781323 -31.26288632 -15.22747215
  -3.08205039   8.9136513  -11.68134699][ 18.65235349   9.162493     9.73106578  32.69147765   2.1538443
 -31.43087536 -19.59751673   1.63470164 -32.19680237 -20.95456015
  -7.4081429   12.7091689  -13.71708207][ 18.87070972  12.70726026   8.52078581  28.91934789   0.97294302
 -27.6044084  -18.08138892  -0.27342055 -22.65498624 -13.08365024
 -12.70627241  17.79220771  -8.23104351][ 19.07279415   9.3639689   13.82977173  36.28231925  -2.2358581
 -33.9374779  -28.13654938   4.47334668 -29.82547449  -6.55169849
 -15.07860633  21.26061994  -7.01350499][ 19.08084929  10.70716699  11.8178859   28.21174007  -4.86194288
 -30.56939407 -25.13538331   3.44262443 -23.62211567  -7.9860698
 -12.40056846  22.92707468  -4.18729351][ 18.85837468  12.41231435  10.31479948  26.53389972  -2.52574806
 -24.10333032 -20.73495878  11.05307425 -21.42004678  -7.29128946
  -1.13802499  19.02696943   0.3834361 ][ 18.67473488  12.38660625   4.35506885  19.92444154   3.56566551
 -29.37060728 -27.18778662   9.88202795 -18.23727695 -12.98751173
  -2.08078755   6.98437527  -8.96425265][ 18.590574    10.71055757   8.09041696  25.80751529   2.32653902
 -36.63234808 -22.22112433  12.38155324 -14.88591063 -15.61057117
  -3.54130604   2.5022204  -10.86531588][ 18.55101519   9.90241331   8.51146434  28.49832748   5.54953824
 -36.9666662  -16.34850247  14.59445476 -14.93952433 -12.52777969
  -0.30699368  -1.57739816 -14.35324819][ 18.4743429    9.78883841  15.83503811  33.48706908  -4.58966911
 -32.92605078  -9.60798744  16.01162207 -14.80625262 -11.9316142
   2.36849861  -2.80379979 -16.70145934][ 18.33911624  10.68177492  13.89750284  31.10437409  -3.06170854
 -30.07755935  -9.82836852   9.62270235 -17.15731423 -13.97573923
   5.65002937  -8.29147034 -16.17736373][ 17.99941801  14.68904946  16.13680353  25.29205453  -1.88160721
 -14.73685901   8.07655034   9.4623745   -8.24814781 -17.97284561
  -5.6258771  -11.0827711   -6.9343428 ][ 17.7344821   18.12745437  19.10665036  10.44754179   3.48198352
  -2.75565654  -6.06842469  -4.62152172 -13.74323971 -21.86215449
 -12.38296511 -17.09888924  -4.16530007][ 17.67052277  20.34143459  23.7099303   17.88135873  10.40345895
  -3.00279289  -7.527674     2.95272117 -15.57080919 -20.86131356
 -21.75017427 -21.50456585   3.54445042][ 17.61704078  19.04993208  20.24007461  23.51498525   8.28974012
   1.46576096  -5.33861727  -0.27393901 -26.61109257 -17.51499227
 -21.13533823 -24.27583437  10.34155925][ 17.58072245  20.13036162  15.64009178  17.43354408   5.10366582
  -0.39065813  -5.23662902 -10.4837816  -19.00899741 -10.14284502
 -12.66123058 -22.11587995   2.07060976][ 17.47687694  21.85724796  19.40901552  22.81636408  14.28446141
  -5.59682152  -9.47884663  -3.25150675 -10.72451401  -7.83727126
  -6.4101463  -12.8760635   -4.88063883][ 17.44173377  21.27026234  14.78898226  18.52664245  13.93967026
  -2.04043419  -9.06481652  -5.11729791 -17.42715534 -19.1287041
 -12.06941401 -13.48792416  -6.49813608][ 17.42288939  21.57723232  16.37058191  22.04104511  16.1142665
  -8.67078486 -13.4259025   -3.87447812 -16.03204302 -17.30368219
 -13.30668449 -12.86938269 -11.58289404][ 17.43129979  22.05056355  13.90367647  15.23592044  10.40746147
 -11.30436338  -9.91654774  -5.42532221 -13.99907839 -21.36062535
 -10.90461728  -7.58508919 -17.36436591][ 17.3160647   22.76434892  15.32108803  13.80895967  12.93578222
  -7.80932515 -10.04992682   2.79449718  -7.82318247 -22.3870064
  -4.76078095  -0.687435   -11.31732379][ 17.14871891  19.58271676  15.27773527  16.73247398  11.99550207
  -6.87365262  -3.4534704    3.73968829 -18.80746063 -33.45024146
 -12.07940762  -4.39010556  -6.87970979][ 16.99979053  18.58383557  21.34553117  19.45511342   3.28108005
  -7.32568613  -5.87632015  10.30416894 -13.3425538  -24.6675503
 -11.33915415  -9.74787739 -13.98350908][ 16.89491533   3.45840756  17.69365624  33.65599233  -7.18841344
  11.101066    -5.70273727   7.6496769  -23.87602314 -10.963189
 -35.54448701  -8.61158247 -11.17824647][ 16.41701069   1.80452189  16.72263448  31.82551273  -7.28118266
  16.30331079  -6.74088107  -0.61226158 -22.23759532   2.83962277
 -26.87485067  -1.41204989  -6.12443102][ 16.65329898  -5.85147588   8.85582219  30.36616016 -15.46408961
  16.57218131  -7.82982639  -2.70829998 -19.8071112    6.49648218
 -28.53692813  -1.30313392  -3.87371049][ 16.93084029 -19.14135503   3.1306401   21.57010861 -22.99654978
  10.96055984  -7.1853844   -3.77852232 -24.24350021   5.00913911
 -29.30541257  -3.49593929  -3.93185892][ 17.61521625 -28.6448754    3.4887636   27.92325234 -15.42685492
  13.99580544  -4.95390739  14.08337709  -5.85174261  27.9749248
 -11.92154759   8.22947414   6.32919622][ 18.37550862 -30.16541404   3.90397197  28.1900188  -19.67387242
  11.22797401  -0.93183254  12.76290405 -15.59926495  19.08057542
 -15.92821439   4.16985759  10.17529828][ 19.10611819 -30.71864148   7.42158291  29.3630996  -24.32290271
   7.96868124   4.18897772   9.34581316 -18.80091793  25.91503731
  -9.9133223    1.28301106   5.52074565][ 19.50751966 -32.5024339    8.65152425  31.68062542 -21.98988271
  12.28881172   4.48189547  13.55011599 -20.27171618  24.52513437
  -5.98393806  -0.89777944   8.72735703][ 19.78359051 -32.47944534   5.00047856  27.88219625 -23.94415951
   4.27270932   9.14663242  24.23370747 -22.986537    17.85704985
  -4.07263927  -1.598917    14.31940424][ 19.90769555 -35.17828917   4.60109074  29.68992122 -17.63925855
   8.17699518  10.9440437   27.74105876 -26.87593642  20.82946835
   0.81363362  -4.73784636   5.12761454][ 19.95841747 -39.13627806   1.97235948  26.68300531 -13.25484653
   6.06216733   9.14224052  27.80390195 -21.81531575  24.00119944
   1.67903298  -8.33814283   0.15335253][ 20.09276786 -35.44988824   3.93915276  27.72615532 -15.9577775
   9.18726972  -1.88048022  26.40763227 -20.71505527  12.10846999
   2.07928884  -3.77911758   2.15447747][ 20.19898146 -34.86179814   4.81973694  30.43925378 -19.57476224
   4.87529893 -12.58955658  20.8967154  -25.05980846  11.76476692
   2.377245     0.60614888   5.68960368][ 19.97099677 -33.41428059   3.52461768  26.17698469 -17.94332763
   2.90309823  -9.5772441   27.20394899 -21.91004655  13.859022
   3.37422155   3.93073659  -2.20077912][ 19.70202461 -32.64926324  -0.38031474  26.12116101 -19.53734196
  -4.10341673 -11.62484496  25.19628431 -26.64003852  19.71126622
   3.10213038   7.97846466  -2.84451814][ 19.53009211 -33.50313415   5.57936833  34.16713579 -15.8867728
  -2.27279538  -0.97032369  38.37799206 -14.81522945  10.5416562
  -6.60209723  -3.45524709  -5.12041473][ 19.29190448 -30.47801651   3.18345802  34.80258799 -16.15385715
  -0.99099065 -10.89781373  27.68294432 -24.94616779   6.71168405
  -4.75281133   1.58584876  -3.95891261][ 19.07689649 -28.59305326   6.19488282  33.99173572 -15.15003714
  -1.2132125  -16.60485846  31.6947022  -18.65340276   5.30437542
  -4.03438456   4.40715112   0.35679932][ 18.6186708  -24.97561115   2.4499073   29.79799985 -13.66616209
   1.14521866 -21.44527702  25.47408132 -15.7072194    2.7259859
  -4.91376258  -2.18896702  -6.14169999][ 18.02808942 -23.21349406   4.08011925  26.29253605 -14.71377896
  -8.66902816 -21.6311561   27.34372894 -15.49794819  -3.45797483
 -11.8513899    6.31312256  -3.71091878][ 17.2653976  -22.31771286  -1.40603296  27.47992406 -13.75916034
  -7.79617328 -18.34390919  28.49708984  -7.69768239   4.42352515
  -5.69324779   8.52308512   0.25052637][ 16.40690263 -21.069675    -1.10227785  26.25860411  -8.41043245
 -13.42304638 -14.76331637  28.23148934  -1.84629057   2.79089219
   4.70387261   7.02030814  -0.37398332][ 15.64608221 -13.81118347  -4.79014368  26.32074509  -4.77390805
 -17.48928223 -16.32367576  27.30965972  -8.8179437   -4.337237
   2.79925914   0.95986568  -6.02633703][ 14.57011267  -9.92780216  -1.23897925  28.46831067   1.92254161
 -13.92640403 -21.64622822  15.26606596  -9.04239038   0.35348349
  -7.51337758   7.81789571   1.22520085][ 13.18938635  -2.65676986  -1.39483613  20.23293787  -0.28865962
 -18.68430059 -18.56553571  18.31350351  -2.60082163  -0.92183971
  -6.55767845   6.83332806  10.202672  ]