[ 16.33005999 -15.73584667 -19.06435127  10.49393528   2.76707135
 -10.55881876   3.89235453   6.64974875 -30.4952709   26.50349279
  -2.43540337  -1.13757451 -11.6900994 ][ 17.68505043 -26.32157204 -11.61763543  10.12280074   0.13290171
  -4.51427287  -1.56633002   8.65421554 -24.76435502  23.69831008
  -2.53802061   1.63825628  -2.592481  ][ 18.82422033 -31.56328125 -11.75203853  11.18239902  -6.73903709
  -8.43076226   0.12265902   4.35329498 -20.59387762  19.68176668
  -9.95129401  -6.87101355  -0.56627984][ 19.54513906 -30.6012146   -3.84929631  16.19121197  -5.07690061
  -6.41810139   1.14001919   9.30285418 -20.52664202  14.57953114
  -5.03443948   9.27976106  -2.38643486][ 20.55043667 -40.55892645  -1.78023722  22.46106568 -10.39663768
 -10.51858818  -0.28114153  18.37959131 -21.59694064  30.2935786
   5.81941454   9.55291179   1.71036518][ 21.0595307  -40.12876792  -1.11687803  17.21244229 -16.52308008
  -4.21695518   3.97362029  19.76332536 -24.18436839  18.29343757
  -9.15936542   3.19867175   2.73719738][ 21.23305531 -38.8340334    0.59035241  17.38175477 -14.67860815
  -2.00037841  -2.56506228  15.44808451 -25.39853449  15.8740835
  -9.12312869   2.20138484   1.09080097][ 21.32571118 -33.6734878    3.49516419  18.45878223 -11.14386671
   5.07424602  -6.24799754  16.09262363 -23.60273245  12.03748255
 -12.2800633    2.38958582   1.82600872][ 21.33751099 -35.56488041   6.3755433   24.76381512 -12.07284824
  -3.82812678  -7.26152573  20.55456867 -22.74637978  11.87302805
 -17.20866766  -2.77958392  -1.2442743 ][ 21.63584947 -34.9546037    3.79011653  21.2829526  -13.17185796
  -3.08372539 -15.16653023  21.20815937 -22.53231839  16.93916189
 -10.65854039  -3.33538927   0.52538999][ 21.6185474  -35.62052099   4.41360992  17.31149863 -14.86043404
   0.69259594 -16.19832538  12.48877401 -29.33004472   7.49712314
  -9.19883643  -0.3827935    0.24032271][ 21.47587022 -32.83861303   6.19853371  20.09991536 -13.5142809
   4.2449536   -3.45651983  24.36043575 -23.96587843  11.02198838
  -6.68204421  -0.5756659   -3.30202867][ 21.45665791 -39.67771356   6.34327702  33.67270813  -0.80656618
   3.02051788  -7.48773806  25.72608841 -21.71768899  21.5268262
   2.67603863  -1.98269634  -0.89803665][ 21.13047658 -39.12012938   3.9091566   34.75365537   7.50169513
   4.2750176   -6.15947588  33.25047629 -25.05715848  24.14734
  -0.95864958  -4.19856591   1.49895468][ 19.58191761 -31.68794453  -2.06466963  19.37728899   4.24350314
   7.60562262 -15.18598869  43.09701237 -22.80736268  15.96023474
   1.8834019   10.43849896  -4.12432091][ 14.44843202 -26.81634994  -8.03891332  36.2974138   22.98863808
  11.5978955  -12.69027764  21.38046789  -5.99077347  21.10312064
  -3.53512315  -6.28911276   2.90350059][ 13.42819941 -33.6286876   -0.99063335  25.31055738  -5.74445776
   9.5280718    7.51519281  21.77203191 -10.57345894  16.63530655
   1.95298336   5.20794016  13.65244317][ 12.92164253 -29.82062894   2.49479542  27.08434729  -3.50067561
   7.47263164   3.49798439  14.61148197 -13.87577332  17.20480214
   3.6457582    1.99772592  11.59706224][ 12.4282082  -29.02592265   5.63288511  27.04007992  -0.68557013
   4.17036852   1.62556257  16.75480104 -12.27050322  16.747446
   9.87865194   5.10133376  -1.17899412][ 12.04799036 -27.18180966   3.83633664  19.27570207  -1.12094387
  -1.06614155  -0.71329474  22.77909609 -10.25937067  17.7050141
  13.25438019   4.56915828  -4.31410487][ 11.91688881 -30.13963619   3.10125776  18.63735835  -3.61131265
  -3.23927957  -1.54238821  17.47432687 -15.23586855   8.41961843
   7.01030687   3.28212708   0.76816605][ 11.52450991 -26.32524996   2.50753745  14.17530889  -1.30253766
  -1.69974736   4.90384387  18.11768469 -10.80093831  10.82677141
   0.21531128  -6.8316673    4.1915332 ][ 11.19809642 -22.82592475   2.10786478  11.48308838  -2.24683794
  -4.731524    -3.43523978   8.64542554 -17.43885232   2.00471617
  -5.13015814  -5.59434523   2.65491093][ 16.50543165  -5.33110952  -0.91445378  27.48041824 -11.95340492
   6.63200346   5.62668534   8.45088267  -9.59208023   7.06126893
 -13.32779158  -1.10888482  -0.9760091 ][ 17.49568887   3.46148815   6.59939834  25.85341609 -13.49099405
  -1.55754042 -10.12205223   6.82772503  -3.78722698  10.50533017
 -11.55657448  -4.74294658  -6.83409106][ 17.94898857   6.28513209   4.09237336  15.68293934   4.10248975
  -0.51054407 -35.45412725  22.94330646  -7.55203375   3.13816183
  -5.85597449 -16.94799579  -9.50646487][ 18.17500454   7.25157166   3.47832814   8.83783249  -2.90584663
  -5.35851429 -40.32197038  28.52088653  -7.32419882   1.38117106
  -9.28114329 -16.83465185 -13.26704993][ 1.86366544e+01  1.09567760e+01  7.51267141e+00  6.71029570e+00
 -1.19687573e+01 -4.48047199e+00 -4.15521231e+01  3.70156693e+01
  1.21006023e+00  8.70697332e+00 -4.15285752e-03 -2.07557779e+00
 -7.72275131e+00][ 19.30384741  10.29887303   4.22982692   1.332984   -14.16912373
 -10.347949   -36.27887802  17.97984792   5.72842874  10.99221336
  -6.84164615  -4.33472311  -5.95312186][ 19.65276539   9.22984949   8.9769202   -3.25864575  -7.96955072
  -4.89238604 -29.73087802  19.95199061   2.06622593  16.23652004
   6.28320073  -5.19267937   1.36785209][ 19.57187241   8.5079442    9.71413808  -1.93532872  -8.88489075
 -18.11707214 -35.573537    33.99452776  -4.39811682   0.89666934
   0.13292235  -8.32195551  -1.2219957 ][ 19.38534513   7.98610678   8.19675774   0.20712608 -11.45894758
 -13.46503557 -41.8487708   34.56309642  -7.1286517    5.52840948
  -2.16969259  -6.95565367  -9.31262001][ 19.22543702   8.55440051   6.15397461   2.75922747  -8.7918611
 -13.29387983 -35.39847941  27.00558047  -5.21793983  11.45451148
   2.95369912  -8.5977826  -11.69229165][ 19.14891868   8.06712219   5.00442373   0.77909017  -5.76503836
 -14.48866511 -35.13970991  26.00647259  -4.00703739  11.00987958
  -1.82254495  -6.66575986  -7.88065821][ 18.91775552   8.84679135   3.93349416   2.77843202   1.35128704
 -11.47970372 -31.77286314  32.4709701    4.62879798   8.97757508
   2.71150302 -11.01065197  -7.03282815][ 18.75706402   8.76922113   3.64813123   1.58224411  -0.57794756
  -6.30445985 -39.12711311  37.90334365  -5.0044264    4.22235005
  -5.35421397 -17.46810525  -9.97640171][ 18.82508678   7.46993068   4.32901934   0.64568322  -2.0064459
  -9.45271483 -34.7110397   33.07985206   0.41669103   4.4144002
  -1.91882193 -16.61937996 -10.70451732][ 18.89371001   6.2246112    9.15475069  -0.33924466  -4.49563501
  -8.21263962 -36.63168827  39.15432309   1.0975383    1.15539629
   1.70171051 -11.42646567 -12.80987316][ 19.01760099   6.27202172   7.77227719   2.30386769  -5.64445566
  -7.87239005 -36.39833164  35.91805235   1.88619751   4.76487816
   1.46200356 -10.76343714 -12.85927724][ 18.94326375   6.41688087   5.92038218   2.15820795  -3.85609251
 -12.4342338  -36.11618549  37.04481522   0.9149803    5.2531651
   3.89047998 -11.27277509 -14.82729853][ 18.9280911    7.94118697   4.97450839   0.59061902   1.58733608
  -5.19978314 -37.79646442  39.7176857    0.63524001   7.695985
   2.72808776 -16.8479841   -6.7699623 ][ 19.08707057   7.15745112   2.2594409   -0.94739962   4.36829428
  -8.82468836 -41.06536412  37.80593817  -2.84311969  -1.2254325
  -1.64842082 -21.30618019  -2.94951219][ 19.04031371   8.21604602   2.00970069  -3.51355575   3.7970836
  -9.08038484 -39.37097992  33.9462473   -0.83110513  -2.43337058
  -1.21154004 -22.48671484  -3.95914341][ 18.74408975   8.1288196    5.29341122  -2.67925694   3.28194442
  -6.5510624  -26.73408785  15.98286227  -1.54988698   4.41301494
   3.141186   -17.29675113  -1.57962007][ 18.30692918  14.36251739   9.15401364   1.83418184  10.3699027
 -10.06422894 -12.18861175   0.54675032  -4.0004481    8.33223851
  -2.58624373  -1.42054595 -16.50769128][ 17.78680228  14.73201076  11.87310998   6.11422659  11.17403432
  -8.4261556   -5.57156692 -14.44373706  -9.30041603   5.84250068
   4.78222997   9.29913396 -17.88506431][ 16.84061287  17.50399808   6.55084783  17.98134367   4.95930089
  -1.21495685 -10.67307671   0.67777807   8.84875471   5.31041656
  -3.05522797   5.48815886  -9.46407038][ 17.71505929  15.74410854   9.58011892  27.10507192   8.10461922
   3.70006879 -19.33416468  -4.38316873   1.97780812  -2.31951359
   0.60831997  -1.95551611  -2.57982967][ 18.42950381  18.64608018   9.01224837  15.24693565   8.05184813
  -3.84473621 -14.46074327  -0.51985811   3.8771207   -2.95451153
   6.78373602  -2.22787746   0.33037306][ 18.46602296  17.16036162   5.47480665   8.84793272   8.98472817
  -4.40824209 -10.7951304    4.49239829   1.2678702    0.80350591
   8.16158659  -4.80571932   6.36682051][ 18.6342305    8.41336489   0.82116936  19.41199338  10.37904012
 -13.22674697 -36.03610507  10.43010831  -3.60857862  -2.99087165
   5.54024439 -14.47320676   2.55977721][ 18.89416019   8.12689735   1.20674284  19.1278198   11.43854965
 -18.48872731 -41.53360909  13.12686213  -5.95661185  -3.98696835
   8.8396598   -9.11778721   6.9222458 ][ 19.00884481   6.0995086    2.57638286  18.91865722  10.90877213
 -23.14706087 -46.1984665   11.60712916 -12.00360275  -3.71255834
   5.53084684  -7.00749032   5.69310944][ 18.83171659  10.02637903   5.6752724   11.51494915  17.40018793
 -25.46792088 -44.72686538  18.01046608 -15.82248553  -0.73326403
  11.40419075  -7.71944962   8.03443199][ 18.71730348  10.72323933   7.14961812   9.8424605   14.3115149
 -21.87890144 -46.38626478  20.87264529 -14.77545942   0.3249631
   6.50027963   5.8814093    4.9337775 ][ 18.51439221   9.05930312   5.99058675  10.8901702    8.39293927
 -12.2135819  -37.27043899  18.78360693 -12.15920382  -2.8725097
   4.22729343   7.28678242   2.34555009][ 18.46476266   8.35908511   6.75155234  13.26767062  11.8631004
 -18.20761682 -45.30181397  19.54774427 -14.4268926   -7.15703241
   1.92953901  -1.15738653  -3.4355076 ][ 18.37789773   7.72413765   6.91953083  19.75686645  12.70248848
 -18.60520791 -45.09744702  19.99414684 -24.09614611  -4.45253143
  -0.80424307   2.16949996   3.54023719][ 18.27175686   7.0304416    9.32154429  21.93936436  11.34483894
 -18.76098333 -43.57556862  23.94941178 -25.86438434  -5.23686352
   4.60697504   0.120145     2.15658615][ 18.06127315   6.17003827  11.26620739  26.25605826   6.97577382
 -15.01211283 -36.80448932  28.24661441 -23.77962745  -6.30657888
   6.50921104  -2.5700472    0.47991348][ 17.86082786   5.97935954  11.48617369  30.77346424   2.30922245
 -16.64340821 -39.63143605  33.71702413 -13.50338975  -7.38094263
   4.34225985  -4.95792326  -6.81587318][ 17.48915728   6.72199834  12.59875005  27.61577913   3.13980692
  -6.17690296 -23.04590745  36.5141817   -4.8448125  -13.84759523
   7.30082194 -11.95318595  -8.00107684][ 17.01233901   6.04685815  14.91737664  26.44356282   8.98887628
   1.63146334 -17.6945509   36.19469523  -1.91177186 -12.2562269
  -6.27471873 -13.47458656  -6.66636761][ 16.67792622   6.55291753  14.63984693  24.82619579  14.98985287
   2.59472777 -14.11957179  38.21538473  -0.26186238  -8.78585826
 -12.75305698 -11.78956671  -9.60633082][ 16.26086273   5.66938284  15.89059886  32.11567238  13.10990781
   3.04745079 -10.63136035  39.6523045    1.5953371  -15.18064056
 -13.59999543 -19.23255808  -3.62198217][ 15.38301396   7.91296613  18.4230092   29.9419153   14.55234261
   5.39117709  -9.83111386  20.28213896   6.17486113 -12.95509836
  -8.03722822 -19.9302611   -1.44966098][ 14.09298598   5.77445361  15.46791078  27.99081458  12.81045476
  11.00270937 -11.02593808   7.18090556   4.19830958 -11.0496498
  -8.26477501  -7.75024979   7.12029864][ 1.30837424e+01  8.24377691e+00  1.32515234e+01  1.48458064e+01
  8.27431228e+00  2.57367853e+00 -1.70590001e+01  1.54868522e+00
  1.73029384e+01 -1.40332004e+01 -1.53471459e+01  9.83790204e-03
  6.33742020e+00][ 12.62472859  10.13749002  11.00003336  12.08342184  10.00374638
  -0.60751859 -12.91330887   3.32399702  17.43238148 -17.34100715
  -8.01929702  -3.01156185   5.93767647]