[ 13.07816506 -16.43936957  -0.26683436 -14.48557659 -24.00597589
  31.049721    -3.53931082  41.20395349  18.64770868  -3.77147761
   0.84907844  17.49673273   3.21757727][ 14.62693468  -4.53475239   3.58274002 -20.19126924 -23.48233772
  28.93233821 -24.8628967   28.37888856  12.3555019  -15.17416689
  -5.77900965  23.25949696 -10.01608305][ 15.99237197   0.35298983   8.95568364  -9.12840663 -24.68674858
  26.41789777 -21.21024444  35.35869857  14.56413221 -18.8586406
 -17.70092083  21.2940602  -20.57453578][ 19.5926009   14.8199989   -2.25191221 -20.58186745 -31.32416072
   0.1855464  -10.2430373   13.87510736  -6.63707331 -13.6229909
 -16.88811176   0.21319393 -14.89323671][ 19.97104884  18.54992344   4.89242921 -24.21915267 -42.76065702
   4.64151924 -15.87012956  31.90997399  11.60333288 -20.95580558
 -29.55093093  18.9492802  -12.71046937][ 19.8251333   19.77901613   8.46483654 -21.26580054 -44.00383929
   5.51129485 -18.34688797  32.43438404   7.33188076 -17.57421417
 -27.91245325  15.79011148  -9.00861213][ 19.11229959  17.9246169   17.30382918 -15.52123941 -36.76636739
   7.29514923 -15.33778775  33.79194431  10.21106475 -15.05853788
 -21.17898259  18.5521651   -7.4575158 ][ 18.9881258   17.24162829   7.38853326 -16.71809396 -26.73067509
   8.07143229 -17.49747772  17.92088277  -5.44207688   1.26277572
 -17.08854848   3.15582577  -7.88882998][ 18.76743512  18.03958842  26.1295781  -16.07624287 -37.41903321
  10.58435124 -27.89425621  30.79632031   2.3524321  -13.11109717
 -19.80500644  25.25807649 -11.78540061][ 19.0282035   18.23589297  20.85909861 -16.271063   -31.02465573
  14.7575272  -27.06603825  33.67128942  -1.83300711  -3.9782059
 -18.58079664  26.00651857  -7.9112987 ][ 19.37435177  14.93064221  21.12571921 -16.58768912 -29.56152609
   0.87915017 -12.8282522   33.8650485   -4.35288163  -7.52966833
 -12.37004034  21.60660943  -3.68519826][ 19.59917011  13.96386477  15.04385578 -12.85939889 -27.00760067
   1.88816162 -12.56833284  25.56458576  -4.03986478   0.03034652
  -6.02470829  11.86122187  -9.70008708][ 19.76928055  12.72885744  12.74468638 -16.44695513 -25.09023119
   1.63365242 -30.19546969  10.95811853  -9.86362564  -6.21536181
  -5.96377651   3.24944199 -21.1151926 ][ 19.71931066  13.13290286  15.5517709  -15.10742712 -17.72200897
   4.35126351 -37.97100308  10.46910877  -8.76086501  -4.53025478
  11.05172356  13.12758103 -21.71685694][ 19.5420999   13.21181642  12.73921726  -6.78209788 -16.17415696
   4.95759919 -36.92395754   6.16250977 -11.67338095   8.43303862
   8.50644123  18.16237707 -20.01183127][ 19.09646324  11.17722612  15.38877268  -7.03042644  -7.36331083
  -0.87532733 -38.29331754  10.79547697 -20.9162483    3.88587404
   8.87478723  18.73172101 -15.78634978][ 18.54342996   5.80357566   8.34824623   3.3588498   13.50154896
  -9.52999213 -43.08832601  26.70192151  -7.47625834   5.48792354
  11.89316374  11.6484441  -15.2127538 ][ 18.28852575  -7.51289568   7.25564595  19.60679606  12.46102364
  -9.72826497 -29.28401397  28.31769274   1.50289904   8.32061639
  -8.10449706  11.03083511  -2.12435836][ 19.24534167 -20.034563    10.86350272  22.09664036  -2.8241742
  -0.13077858 -19.58168232  24.22506376 -12.64309015   6.68082438
  -5.94955107   3.55146392   4.42895377][ 19.91565954 -32.84350929   7.24517425  26.87936606  -8.80424458
  -4.7931584  -13.50022659  35.20726294 -13.92417085   6.27669594
  -9.00396759   2.06650905   0.85521284][ 20.45001919 -36.59747146   7.26511697  31.38989477  -9.34401901
  -7.59172002 -10.69602715  34.66901899 -27.08252591  -2.98679119
  -9.32653289  -4.010165     0.68502473][ 20.52158788 -35.96552716   3.01283877  23.97624926 -15.37307138
  -4.80265703  -9.70503523  26.92492993 -29.82160133   0.66727892
  -1.97560957  -8.15682412  -3.68934454][ 20.79035609 -40.168836     7.70205911  33.29432307 -10.14098787
   1.27708965 -11.05741942  30.83804072 -22.68025797   9.27829627
   3.57870758   1.62760649   2.75557954][ 20.88726561 -38.96824106   5.06259365  25.5698166  -15.7102166
   1.75038798  -5.37959316  28.137098   -23.61914468   8.82579547
   3.76342635  -2.65580871   1.62633092][ 20.95406787 -34.16885609   1.87882779  23.88123348 -13.53309254
   7.29193974  -3.54084592  25.39866287 -26.50169318  10.43420556
   2.78860579 -11.94814318  -1.74333123][ 20.89404622 -38.65876297   4.48407644  31.83601655 -14.90043285
   1.52040288  -3.98009636  32.21182367 -21.84187739  11.62899784
  14.72752975  -9.19826117  -6.04848295][ 20.91645904 -40.90922058   6.85530872  35.82725725 -16.98352517
  -1.13984172  -1.40876259  36.97117559 -16.50322621  10.18186041
  14.59246615  -6.27325999  -6.31255039][ 20.93680317 -40.61195045   1.83747444  32.92105844 -11.87623491
   9.65410507  -0.28222522  31.97817368 -23.75114845   7.77630411
  10.92998986  -5.88541321  -4.8772417 ][ 20.97794093 -39.60751913   0.4958972   34.66659587 -14.37689216
   6.28875     -4.11965979  34.38555034 -30.38571428   3.76950888
   2.58481279  -6.1371166    1.15818225][ 20.76298576 -38.94193246  -1.74962414  30.98344703 -16.18980029
   4.22368583  -3.64878455  36.84460353 -30.88380398  -0.05953818
   1.64014727 -13.96914343  -2.40288672][ 20.4964853  -33.41753981  -1.34906922  27.03975459 -13.8513052
   3.31475045 -12.11809046  31.38374744 -27.53950832   0.62920956
   4.32314805 -14.04589367   2.85737096][ 20.42252446 -35.73576151   1.94372644  35.66029959 -14.01331635
   3.8069862  -10.63585018  38.87400217 -20.07843935   6.33473984
  10.14146724  -3.38510324   3.01986239][ 20.13315761 -30.21173816   0.50936634  28.44601317 -15.17809851
   4.92593114  -9.83580802  32.05147812 -22.55297987   3.18724458
   5.85795972  -6.76531063   1.39213227][ 19.70766286 -30.45284602   4.40566936  38.75318733 -14.22543325
  -3.04914148  -8.30731332  30.90676897 -24.2186698    2.49140321
   6.52005821   1.17480974   2.65485774][ 19.25034067 -28.77899358   4.63835659  40.15437416 -10.6920482
  -4.42678909 -12.7075279   31.01175644 -21.32102949   5.96867697
   6.25687552   0.2274893   -2.34739181][ 18.61944583 -24.63395727   7.09438777  35.75530511  -8.53073877
  -7.22742119 -17.90306263  35.06859162 -23.48459207  -0.08780415
  -2.75547723  -2.0999897   -3.68146265][ 17.86620481  -6.59948922  16.24863011  31.37909735  -4.71163207
 -17.71660114 -33.30090157  14.15079315 -16.53185774   1.49875309
  -1.29086175   3.31453883   3.60625553][ 18.24726869   5.68550941   7.96228979  26.95193415  -2.7304824
 -26.62754945 -44.80694709  23.3482607  -15.86076495  -8.98422886
  -0.97406426  10.90849883   0.83441963][ 18.74224812   7.43515762   6.21638601  25.77044559  -3.2900927
 -27.71129512 -41.88579132  24.7896516  -15.69946284 -10.31900704
   7.37986688  13.33792616   0.66344536][ 18.8872446    5.75382759   3.54337168  24.69366909  -6.94915263
 -25.63919645 -53.9239236   25.80187417  -9.8269715  -13.66148753
   3.76845454  11.06658907  -2.34693043][ 18.5934007    7.28581871   4.36730435  16.34465931  -5.13390016
 -13.61791518 -58.59953723  29.75819067  -1.70533774 -14.53892099
   6.85122089  14.77545078  -6.4251715 ][ 17.96067862   7.24749719   9.66731745  22.00819408  -6.45628908
 -13.63366901 -52.97202764  27.80969445  -4.00380914  -7.34526161
   5.24204575  13.30158588  -8.43574453][ 17.65739207  10.23312144  10.65888505  15.43946499  -3.45360398
 -13.90739583 -43.5583431   36.33357212  -8.61779376  -3.25552781
   1.34278702  16.54086766  -3.20330215][ 17.58634054  11.37567012   4.91727926  10.16036598   4.57845831
 -12.55713098 -44.10036146  32.88456264  -6.17424029   7.27238691
  -2.33962559  -0.21727859  -2.25474325][ 17.76769231  13.11063499   2.66138796  12.41322626   1.32220109
 -13.85333514 -38.59628499  40.47440933   2.86316975   4.62536285
 -10.19248172  -6.97857076  -1.39206764][ 17.79099162  16.51385309  -0.84150446   6.73988096   1.81006711
  -7.22764918 -25.1250144   33.16213975   3.26081726   1.2045042
  -6.33799631 -13.25075005  -2.57915826][ 1.74545911e+01  1.95165569e+01  1.86847833e-02  1.08105327e+00
  2.32650723e+00 -4.06440357e+00 -2.20275546e+01  2.47518101e+01
 -4.01509036e+00  5.32512521e+00 -9.11955562e+00 -1.98622831e+01
 -5.90126879e-01][ 16.96994114  23.27434088   4.47786987   1.95370797   9.70099053
  -3.13871315 -18.18816948  11.44718677  -6.5372575   -3.44773887
  -0.96147621 -19.67111848 -11.44318639][ 16.70366869  22.74773264   4.41161529  15.51819907  23.03563751
  -8.51827873 -15.74200886  10.13808611  -9.99930132  -9.62091961
  -7.95090802 -11.23401325  -9.74756708][ 16.59326206  19.79168873   4.77861525  21.09540002  28.12876138
  -9.89502779 -19.32713736   5.29997624  -9.82748603  -9.36991907
  -6.9553748  -14.29551937  -6.86379688][ 16.51346093  18.35075218   3.50921271  20.10643857  23.04712127
  -7.79279429 -17.58207259   2.10711526 -13.38710151  -6.72600781
   1.70212089  -9.59790669  -6.5995703 ][ 16.42624904  18.73551013   6.84254948  20.58569208  21.71657675
  -3.24345994 -10.84154195   7.9020186  -13.31627045  -1.62371629
   2.24298195  -8.61826262  -3.54031341][ 16.33098196  17.62986055   6.6498318   17.17467464  22.51659189
   2.01216591 -14.32022928  -1.0267094  -19.29242741   0.13188828
  -1.05361434  -4.96271253  -4.75021876][ 16.28470595  16.91770828  10.426944    15.77113999  25.22794233
   9.22715019 -13.19298876   0.40454305 -21.90380953  -0.77180445
  -2.8454672   -4.8489613   -3.23720316][ 16.30377214  15.21998851  10.6053637   21.62876258  26.81637002
  11.3386597  -20.21043742  -1.29638178 -22.48032472   2.5449955
   5.02117178  -4.29460115  -5.43735115][ 16.34555748  14.68855099  10.92876364  21.21905413  29.31492988
  10.10057106 -22.90742637  -1.29897399 -26.57928436   2.23058962
   2.47969095  -6.5830795   -3.47445514][ 16.37019314  18.70220348   8.57651074  10.90798522  21.67877715
   4.19595392 -14.79432646  -3.01034821 -16.65465308   8.05517833
  -5.79055292  -4.88743594  -7.1808306 ][ 16.44699564  18.77711878   7.65406618  17.23922973  27.98062501
   3.99461287 -16.15524149  -2.71674842 -15.61249182   9.20118855
   1.21715596  -2.68578302  -5.15318764][ 16.46032641  16.43336523   6.43833369  20.21351479  22.08932014
   0.75849584 -15.78686331  -3.29276502 -23.13964878  -0.03704012
  -4.29673868  -3.35249211  -4.4870508 ][ 16.53339165  15.62789552   6.05589383  27.52071598  32.1841754
   3.5229001  -23.7188144   -6.06742641 -27.66931917  11.08875455
  -1.71613579   0.13962941   0.43242526][ 16.53856367  14.77849149   5.3908447   28.05945196  31.66437819
   5.07258078 -26.00733224 -12.82824318 -25.7877666    6.26947256
  -5.78779817  -2.96541888   4.4894573 ][ 16.50472151  16.41042286   6.01514987  19.24649816  18.7333115
   1.83369226 -17.70040745  -6.80735913 -13.17404469   2.141916
 -15.73239557  -4.6093052    1.9690565 ][ 16.74020852  20.59974918   6.57034915  10.05177635   9.90724571
   8.42937807  -7.52833413   4.09333302 -20.70904501  12.18259973
 -14.06853785  -2.83802825   8.89647765][ 17.01746485  17.63315783   5.79609579   9.48251443   8.53278043
  12.45761594 -16.66213112 -10.77569801 -22.98647279   7.92612463
 -12.07356096 -17.35264114   6.78253363][ 17.09489275  15.27188615   7.93788784   6.71236023  11.42953476
  17.11930343 -22.63653846  -4.75933123 -20.94985459  14.04394
 -15.74336075 -27.13343261  16.87268152][ 17.00179685  13.81506824   9.43807433   9.1558788   10.76176101
  19.86258708 -25.15774232  -1.42478429 -14.63355804  13.347311
 -15.73604653 -30.36689656  20.63691933][ 16.78385353  11.85160534  10.23264563   7.57095465   8.50144737
  16.92532036 -32.30080869  -2.02317742 -10.9658606   18.62706159
  -7.16892258 -27.37887458  15.29907643][ 16.32232248  11.81300204  11.90870981   6.11938566  12.33499623
  26.78095581 -22.03498262  11.0659833   -4.30201998  20.26746786
 -12.53214019 -27.13923757  15.0244868 ][ 15.80000174  11.65254319  14.89626893   5.67902731  17.16112944
  22.04063173 -22.6938771   10.70244495   5.50536851  15.87928485
 -20.23452516 -21.32459009   8.67273744][ 15.42612613  12.33701175  19.90261605   4.65485035  16.44787769
  28.76004724 -18.43331779  13.366394     9.78646685  14.56007198
 -16.40564914 -22.65424512   1.2603561 ][ 14.87056918   9.06966207  22.51756824  12.85492103  18.93757423
  29.33536014 -10.31165371  16.68998929   9.5416593   18.01136121
 -22.06671127 -23.29020028   0.2949937 ][ 13.90261787   7.84285218  19.87907253  16.02991269  17.037455
  26.41394463   0.41217908   5.46202899   4.50553294  13.4030475
 -16.92985532 -20.9683649    1.31875618][ 12.55127757   6.04556163  17.11071497  17.14950619  11.85791137
  15.22345132   0.39241944  -5.60940988  10.73035039   9.6541897
 -20.99545143 -11.98081236  -0.53180744][ 11.12891439   2.16820919  13.72034881  13.90827428  10.67392548
  15.94420002   1.25008579  -9.96400896  14.20710457   6.58426502
 -20.27563176  -9.81031622   0.52729764]