[ 14.0320426   -7.5968657   19.26352267  33.83393367  -7.89373529
   3.61976343   1.14549845   2.39953178  -9.18603987 -12.28111709
   3.88901796  -9.55050193  -9.509459  ][ 15.91935495  -3.85736685  20.19468615  55.78526924 -13.9912219
  -7.90103587 -10.78381668 -23.05291314  -3.37063177 -17.158983
 -10.58157129  -0.59273945 -17.65118671][ 16.8506785   -2.29860963  17.78912001  56.67863451 -17.69637369
  -7.69987524 -17.10003099 -21.37971282 -11.3864473  -22.34507851
  -3.03834344   8.93602486 -22.8761069 ][ 17.160997    -2.11613849  10.17414711  39.95173645   0.63392259
   3.2126136   -7.42343201 -19.95759928  -8.98985631 -11.03508177
  -6.45780471   8.70254685 -14.15576329][ 18.40065022 -10.72996387  15.26765551  45.12607496 -17.33075336
 -11.04552763  -0.20808088  -4.12470633 -22.73466169  -3.29374468
 -20.48362856  11.57773056 -16.10612388][ 18.42616196 -11.02336366  19.33948111  50.53078207 -14.65500034
 -11.83357164   1.2969505   -3.62299245 -24.53781826  -2.96184607
 -15.77438418  16.45411327 -14.98238936][ 17.5683966  -14.06184719  25.74360563  46.04885341  -3.94396503
   1.92310054  -9.76755126 -13.08805128 -36.90045897  -7.97959233
 -10.00537485  11.57203006 -17.57155033][ 18.15559605 -18.35412778  36.92362562  35.43964826  -1.44302015
  -1.06419334  -3.91168496 -12.37476327 -26.78697107  -1.77491579
 -15.37915993  11.60184446 -16.5375652 ][ 18.28563675 -18.60754753  37.51238027  37.65881552  -3.46262391
  -1.54589725  -2.72961729 -14.16111574 -21.40005985   8.27204109
 -19.32592357   5.73619044 -11.58501859][ 18.52887856 -16.1550631   34.09685278  39.26176036 -11.2347848
 -10.19357569   5.19096967  -5.83877179 -24.74803959   3.32174894
 -13.39802516  10.32307416  -9.50060589][ 18.22450764  -6.37879712  15.08424058  35.35142255 -16.69179836
  -1.64531123  -4.98495373  -4.20654091 -19.28199151   4.96806188
 -15.06991459   2.36674077  -3.18839611][ 18.48892163  -8.11922365  23.97385154  51.65188144 -13.87194795
  -3.77859326 -14.31660349  -6.5743832  -28.84461723   0.67767615
 -11.42535715   2.68090177  -6.9203919 ][ 18.64235697  -7.50118938  22.43173919  49.06154214 -16.87082355
  -1.40150337 -14.69753867  -4.62164594 -36.22182521  -0.4819843
 -17.70445679  -0.37785329  -7.53293643][ 19.03544823  -9.27208778  22.20231204  53.59568929 -19.23953411
  -4.91124262 -10.76741677  -8.9594309  -38.03364844   2.38498217
 -19.10911793  -3.78452111  -5.96169582][ 19.12647294  -9.42495166  23.06960731  53.27485017 -18.21246223
 -12.01854804 -10.88165273 -12.36926788 -35.22132258   0.67507215
 -16.95305317   2.25565965  -4.59847235][ 19.02568346  -5.07166936  18.82764723  44.8855945  -16.89075652
  -8.83936659  -9.33797533 -10.63039088 -33.22920272   3.05546191
 -16.68841726   4.60661787  -4.63579556][ 19.00749094  -2.09614519  17.29439235  36.50487513 -15.12984801
  -8.70175971  -7.44602812  -9.23605612 -24.60871647   2.55445254
 -18.88518248   9.02478897  -2.20734319][ 19.11185301  -0.16070535  14.50322513  36.80465422 -19.19182647
 -10.8114041   -7.10953858 -11.44226756 -29.4089451    2.4836409
 -14.13852904   8.51557311  -6.06884052][ 19.24270255  -0.48784597  17.80488101  45.01725056 -22.69371747
 -14.30904585  -8.31894926 -16.94323329 -31.77927763  -2.31370153
 -15.27690862   6.71294351  -6.90041008][ 19.31162407   1.31227859  16.40451809  40.42366818 -23.00542612
 -15.4881657   -6.48985392 -11.26714743 -35.25011052  -3.15190387
 -13.95978553   6.97976928 -10.03070969][ 19.50849716   2.02426358  15.32832648  37.84600337 -21.33820197
 -18.57259994 -12.69716717 -10.62903528 -34.39665594  -5.55480094
  -8.31354203  12.1698096  -12.0358124 ][ 20.00173281  -1.01501329  18.16472839  47.38071763 -16.62373009
 -37.40784376 -19.09924005  -6.44893847 -31.87530251 -17.11589486
  -7.43162219  19.04440468  -9.68531942][ 20.34764855   2.36473399  15.03404577  41.46826247 -12.41101472
 -32.55746025  -6.06671735  -9.42966276 -30.92227933 -13.65028775
   1.24977988  21.86439778  -5.47494453][ 20.44692272   3.57606167  10.89301755  30.38523187 -18.77963348
 -30.58889958 -14.55825068  -8.50000377 -24.80756911 -11.19880974
  -0.30717468  17.12043364 -15.9611133 ][ 20.27302085   1.58380458  11.12742942  21.8099569  -20.88125326
 -35.56265978 -14.15029862  -7.63919744 -17.58791729 -11.97491557
   1.52733119  17.32809232 -20.33363053][ 20.09673054  -0.24398653  14.06172122  22.69701267 -20.34653467
 -37.4575468  -14.9526117    0.74357964 -14.23342533  -8.84006605
   4.61933897  19.46017201 -19.56840006][ 20.381194     0.25482137   7.96620822  22.10841977 -15.87087421
 -40.60662126 -20.04425526   3.05138219  -0.42818794  -2.14665262
   3.93956985  13.78862846 -14.35308878][ 20.6105214    1.46831542   3.72319031  22.60858163 -19.45136625
 -34.00847928 -22.73121446   5.50953553   6.18011356   2.99602596
   3.13962745  17.01509449 -10.951298  ][ 20.45699473   1.3304775    3.33130039  17.22332677 -18.51932265
 -29.61164263 -26.42341731  11.00849107   5.84884214   5.50357308
  -0.4564831   12.36809987 -15.95407237][ 20.23368708   2.1669315    1.24297089  12.53602426 -16.15438304
 -25.26456325 -25.0401373   17.2863474   -0.53070974   6.18070463
  -5.04014949  11.32072237 -13.78118978][ 20.30308519   1.20069709   0.16228918  12.13087492 -12.86298816
 -23.39151666 -36.27179989  17.49888204   3.40908851  10.35621018
 -11.1136235    4.35308708 -19.71242656][ 20.43342141   1.58082356   0.18036244  10.15138349  -7.41597179
 -20.33781992 -37.20038058  26.75779546   8.50325325  13.14481167
 -12.63955154  13.18252947 -14.85732635][ 20.41016627   1.37750288  -0.51248261   6.47558474  -8.79533032
 -21.28579538 -40.92739516  26.14994652   2.51292006   5.62384093
 -16.85754156  12.78225028 -21.67088918][ 20.43575136   1.87371853   0.93658113   6.10029774   0.52305701
 -18.75549647 -38.11875963  29.96252394  -0.09690089  14.18258059
   0.19592575  10.92487623 -20.27172997][ 20.43467001  -0.10189127   1.1965832    6.16629713  -4.31319964
 -22.37241666 -38.28725586  28.29844025  -1.98955062  16.64908221
  -4.22634176   3.33001983 -13.84970055][ 20.40412629  -1.53532076   3.16196123   8.30426673  -8.31607239
 -21.09688075 -37.87164608  32.8201975    7.12487858  16.33220223
 -13.18080954   2.20304853  -6.84143018][ 20.02085136  -0.93317856   6.89329633   3.05586098  -7.73100632
 -11.96009879 -31.16645119  26.38587201   5.09781279  18.33762693
 -10.16003916   2.44693407 -11.89382504][ 19.53061942  -0.25648664  10.01733651   4.34822552  -0.23135766
 -13.55860692 -30.17787404  22.81556797  -4.11637221  13.68473596
  -5.95326707  -0.57447808 -10.94153125][ 18.89800869   0.78253674  11.76877372   5.75194262   6.21511978
  -6.90799851 -34.47966672  13.56614756 -18.57670537  -1.25356805
  -2.15587904  -0.0723205   -9.92534148][ 18.10160975   4.04635967  12.67348577   8.95228221   8.06359587
  -5.26800291 -28.09766576   7.63414331 -24.66192965  10.10570973
 -13.83425245  -0.96125261  -1.96844665][ 16.9529438    8.13036862  14.8214905    9.12518104  15.80848274
  13.70530861 -28.63906445   5.93960184 -18.28830123   4.20172487
 -18.71870253  -3.13690208  -4.61247407][ 16.86469184  14.95581734  17.30336002  22.84147798  18.98323863
  -8.12214056 -29.55123     -7.0790864    3.78394858  15.77214887
 -24.18925018 -22.63202138  -9.7818965 ][ 16.74582804  15.87594436  17.9943652   20.4540169   15.12867545
  -2.02122706 -26.20222947  -8.6381007    6.20301591   7.98587831
 -23.03096116 -17.82971403 -13.71054015][ 16.65920253  14.4415609   18.00427327  20.44467369  13.9644835
   3.6773688  -18.28676176 -11.33328892  -4.0155551    8.70969903
 -14.45010854 -19.16849504 -14.45665718][ 16.67678137  14.86794022  17.67486424  18.43371832  14.61196451
   5.68631999 -17.02109612 -12.46221092  -4.90062676  10.54972124
 -16.94340728 -21.79274418 -17.44152362][ 16.70384945  17.02374514  15.31232964  15.62514126  13.78792595
   2.26744266 -11.23684684  -9.20540782  -1.07655211   7.09705128
 -20.60365034 -18.04236314 -15.8989538 ][ 16.64933691  18.35683932  17.68226697  17.82928124  16.66482474
   2.2561426  -16.09761535 -14.96361439   2.51607773  16.19382977
 -13.46814918 -20.96169721 -15.25203748][ 18.90569879 -10.31426676   7.32696779  28.1478517  -13.51125729
  20.96321184  -4.52773033  -2.11539247 -12.23188153  10.58283186
 -18.67635299 -18.46539569   2.77381536][ 19.39336717  -6.8476571    7.45834457  28.41585399 -14.97860978
   4.28324824 -32.12299573 -12.24870581 -13.28517329  10.97205231
 -11.7279869   -3.896866    14.90691698][ 19.76850211  -3.78451596   5.67997453  25.26929904 -13.91902454
   0.26940746 -37.65885164 -10.81385798 -12.84346207  20.03863458
  -2.15087809  -1.3266312    8.86334873][ 19.77998424   2.07650576   5.03453903   8.26335172   6.73664309
  -3.14485453 -48.70589864  13.62133338 -19.59829165  21.53433159
  -0.86397447  -2.56450873   6.29181226][ 19.99493852   0.32365211   7.23266158   3.32913812  12.87931296
 -11.62309851 -35.14569665  18.41842324 -11.77953338  20.14137896
  -5.03234611   0.76196305   4.65445314][ 20.47198676   0.83069575  -0.91275935   7.06665119   9.31439153
  -9.81294288 -37.33139251  13.32310784  -9.04143429  20.41052802
 -13.01523008  -5.15281232 -15.0783926 ][ 20.64407599   0.9510055   -2.33249753   3.75778139   6.03159609
 -10.59590034 -33.87527447  16.55899641  -6.98051065  21.38799098
 -10.15758743  -9.77545381 -13.14880777][ 2.06467259e+01  1.43766870e+00 -3.59656466e+00  6.94409261e+00
  3.33020790e-02 -8.81207638e+00 -3.33042888e+01  1.96063432e+01
 -1.04524202e+00  1.52093258e+01 -1.08055135e+01 -9.27842871e+00
 -6.29887337e+00][ 21.08797035   1.39145353  -8.05589689   6.87737048   2.82758216
  -5.38795812 -38.93611601  21.27117486   0.93268163  24.16906826
 -13.11598488 -14.54652111 -13.77715361][ 21.20808974   1.03676522  -8.26619718   9.38712066   1.81060531
  -3.92479067 -44.05268006  24.46845809   6.76868745  25.87915078
 -19.31398545 -13.24470918 -15.26829154][ 21.11554677  -0.89737369  -5.92864423   8.75010688   5.98116284
  -2.59511153 -42.13167537  22.61076265   7.66488823  27.08238197
 -20.99320285 -12.739336   -13.62921246][ 20.60633189  -1.2977432   -2.6566921   11.91786638   7.68009584
  -0.77827677 -40.7402258   28.34417944   7.94816863  16.49773916
 -18.8266549  -13.68755315 -13.54830846][ 19.71646332   2.2469496    3.50111421   7.60275722  -1.55621518
   9.16401408 -36.06318792  23.93075612  -5.38325119  12.07549766
  -9.14856665 -17.78403084  -9.7749667 ][ 19.24941902   5.1326183    6.16897683  10.22121021  -4.19593253
  21.13446058 -35.61425324  15.52627275  -3.83519055   7.90891046
  -5.90398784 -20.51586982  -5.12421559][ 18.61208631  10.6808405    1.43165814  16.58382479  12.79665008
  -2.23897311 -13.96229459  10.74170807 -11.15013705  12.98220851
 -16.4590911  -21.47128444  -5.38637328][ 18.77224147  10.78261957   0.89692779  21.16911795  16.43698892
 -15.71823135  -7.55840709  16.76383523 -26.27620299   4.96881115
  -6.90785841 -19.24690053  -3.39085037][ 18.88227472   5.94440197   3.4212276   23.06842804  25.70013935
  -6.72116047 -14.82344332   9.12265287 -27.38724935   8.95452982
  -6.02862617 -21.4870712   -6.50705076][ 18.88057106   5.65554088   3.32026284  19.55221191  30.50728064
  -2.22727612 -20.56199459   3.70592134 -19.18723032  11.70596964
 -13.49536056 -24.51628761  -0.79359602][ 18.82766366   4.68830433   5.54523249  18.85168845  30.07667481
   1.93990047 -21.20507067   0.35827976 -14.19534824  12.09859328
 -21.48822015 -26.4072077    1.6825358 ][ 18.78865364   4.32234478   5.82226105  23.43545327  29.51998932
  -4.28857434 -18.98980507  -0.77249439 -10.71510159  11.96027529
 -20.43337748 -36.26725841   4.58541276][ 18.67021783   3.96357827   8.02195241  28.07999401  26.83797373
  -7.93370678 -23.30899464  -0.53336581 -13.06035319  18.72665449
 -10.90126641 -29.74125091  -0.13499431][ 18.63130462   4.70878847   7.43159709  25.71137577  31.07755618
  -4.81044684 -20.68846646   3.04529647 -18.18226932  24.90513517
 -11.49527578 -24.25562432   2.02772421][ 18.43890295   6.9347605    9.09265902  20.2496777   21.0172477
  -5.33201783  -9.82780434   5.3538507  -22.24431306  20.2798174
  -7.14700289 -21.90408166  -2.22683223][ 18.33895515   4.22880846  11.80318236  21.9490386   21.40235446
  -0.03790133  -4.10086443   1.12017486 -19.62761887  23.79154748
 -17.30087018 -27.64551915   0.74214061][ 18.32968008   5.87522118  10.9407705   19.55560584  21.47444947
  -3.75665474 -10.13217948   4.55933684 -14.92703604  23.3017897
 -16.16078515 -26.76786165  -1.82236825][ 18.32640866   6.20952754  14.41086235  20.89215608  20.7975147
  -2.48865193 -15.77962404   3.54341831 -12.49570942   8.97079521
 -16.14182771 -16.38198486  -7.10610479][ 18.26170299   6.4308643   16.52146505  20.18741705  25.187737
   1.57778177 -15.38883115   7.0468832  -13.12344566   5.17527535
 -12.009953   -21.09317486 -11.98552135][ 18.21188953   8.22958546  14.16159434  18.25104424  23.61287688
   2.44838999 -13.14056546   1.01820534  -9.21552788   7.26884364
  -9.48920439 -28.44160718 -16.43791688][ 18.19368939   9.16987983  11.78970675  22.31092253  23.44693961
  -3.9002969  -12.93240167   0.80664425  -8.73354203   7.38929485
 -17.81989068 -28.24591401  -8.51487159][ 18.32164162   6.08878823  11.64759336  19.64260705   5.85921078
  10.98150798 -25.79222182   1.11064458 -13.16860302   6.09478562
 -10.55282036 -17.00747541  -5.24563544][ 18.47661166   6.00658391  13.67059832  18.25733635   3.88096319
  18.21864347 -28.7410903    5.00108545 -10.48781653   3.96273298
  -5.14199914 -14.60655465  -5.50230067][ 18.39190557   6.41851129  15.76101087   9.19166396  11.22887845
  26.84245666 -42.73803066  11.22000798  -8.14651452  -2.67644962
  -2.70018307 -16.13456883  -6.68899257][ 18.45891547   5.25014716  11.56546803   2.95975925  12.53152889
  29.87956314 -40.0497106    6.43354855  -1.92820353   5.61621486
 -11.57148899 -12.76128585 -11.90247362][ 18.39702178   6.84171116  13.1945288    1.50200167  14.66555281
  37.10803158 -44.88474149  -3.57753839   2.57781542  11.73184983
 -14.85426084 -11.33284002 -15.45636381][ 18.13404397   7.32773398  10.61207578   5.51776104  15.31822298
  39.29999395 -39.59199391  -3.56155164   3.33772584   9.87009794
 -12.81567516 -16.88313806  -5.70361061][ 17.6879015    6.68849396  12.00145743   5.95282354  14.58895831
  37.83256754 -33.31207582   1.53420012   7.85905491   4.13826898
 -18.6034975  -14.36689343  -9.32454152][ 17.2975289    7.38859013  11.36559534   5.80946064  13.90632975
  34.16470326 -29.18854366   1.65935111  10.72475185   5.75419711
 -22.11525459 -21.33720943  -9.97577008][ 16.8874164    7.67079795  15.70975702   7.44246693  14.55228293
  36.93349321 -34.58693785   2.74690728  10.54271317   9.63332637
 -15.20789657 -13.16155857  -4.70398549][ 16.49321482   8.28993858  15.52527039  10.81731202  20.36602933
  32.89014251 -27.81063191   1.20915668   8.43971303  10.06260869
 -19.47313652 -16.22152563   0.58135984][ 15.76766337   7.56816005  17.42922654  13.92327561  13.76555716
  13.86374894 -14.03571194   5.6786342    0.80766812  -0.70276006
 -20.10987561 -14.21901168   1.72540915][ 14.88470967   5.12864911  18.62227454  17.9322638   12.51393128
  21.18193316  -5.67518819   4.650961     0.24650023  -5.12845432
 -16.04202565  -5.54636521  -4.73327086][ 14.05654987   2.99699066  19.1384441   15.88260384  11.51793079
  19.14777337  -2.634744    10.57294028   1.06087936 -12.03349725
 -14.84942259  -6.54080942  -4.62749456][ 13.07223732   1.27755295  14.8028276   10.53122486   6.94233304
  12.70735445  -4.49554947  11.40462435   4.96749306  -5.58620619
 -14.50963668  -8.64232272  -4.36194221]