[ 14.52091278 -20.01685565   0.22648329  -3.77452128   5.8113077
   8.1657966  -32.518915    19.45115506 -19.8197364   19.06943717
  -9.65155967 -13.20876164  -6.82011443][ 16.21595207 -23.02268548  -4.33272554  -8.53267645   3.37530908
   2.80971041 -38.43960078  15.53505326 -26.22045388  15.87485038
  -7.34521584 -15.91410357 -12.48097191][ 16.83908167 -16.54585415   6.38084529   0.43125242   7.01246222
  13.38629    -39.33294563  20.28568768 -24.43170714  25.43330698
  -1.95214752 -19.51504333  -9.17070417][ 17.05096092  -9.65960341  19.18295666   9.5336876   12.49392747
   6.14428674 -53.30177259   4.81340433 -32.945914    18.41904961
  -5.2051794  -24.12802576  -9.58125129][ 17.97509659 -10.84551925  25.58303117   6.72390112   0.59205362
   3.26079475 -44.49371212  -6.14614092 -30.951989    21.00803514
 -15.08048247 -10.65653513  -2.64804244][ 18.9055845  -14.23129369  31.96038465   3.99027484  -0.95431086
   5.20740328 -43.57274997  -1.75235946 -19.65426245  16.10217894
 -17.24956971 -10.02787753   3.64205206][ 19.35213268 -17.4303944   30.68888844   5.67671545  -0.72517721
   9.43714088 -31.00545839  17.54207467  -7.35360712  23.28822819
 -11.05783279  -2.86275842   4.17725661][ 19.3197086  -21.457797    26.71882335   7.59095195   1.83644944
  14.49327433 -22.67230439  13.11633296 -12.90417582  13.49444936
  -8.83446801  -4.27444991  -2.60034102][ 19.21273772 -22.32801432  25.08624395   4.41023764   3.30643454
  18.38216563 -15.15309526  12.12502433  -8.09190871   4.13708029
   3.70633392  -5.41116674   4.10523247][ 19.3067121  -25.09859072  24.66683473   5.4013149    6.89957472
  19.06949024  -4.53748196  15.04663531  -6.03470959  -4.38153337
   5.59947453 -11.13409692   1.57270802][ 19.58985128 -26.39063427  24.04717775   4.18703292   8.70173449
  14.9536911   -6.40027798  12.94087288   2.68108511  -3.50271444
  -0.95570689  -9.95926167  -1.73671252][ 19.83803085 -28.20465247  23.35987127  -0.42407113   9.92140334
  11.72590329  -5.08374435  12.17844346   4.07537226  -0.03378447
  -1.76404872 -10.64713264   3.47183985][ 20.03134428 -28.28333581  21.10768254  -3.71359799   9.60372623
  13.41566343   1.05679446  11.9521151   -2.8207649    1.88308694
  -5.35290594  -8.63883657   1.5353271 ][ 20.2339747  -28.46718913  21.89927554  -2.22192511  15.11534402
  13.53000093  -5.3377708   10.1012505   -7.41816923   4.41959845
  -2.57923591  -8.19713103   4.76135881][ 20.33925403 -29.6356416   25.19280976   0.90610649  10.2923842
  12.37456518  -8.3243676    7.36489297  -2.55671066   9.14064016
   1.79731024  -9.12308483  -3.53740386][ 20.44307625 -29.07513059  25.15994387   1.97346386  11.99476254
  11.98839541 -12.23742522  10.12082772  -1.79627657   1.89472568
  -1.50823852  -7.27754223  -1.34067089][ 20.24336582 -27.50835518  25.07904617   4.23759899  15.27210383
  15.01655408 -16.44896527   2.31592036  -7.23775765   0.16008299
   5.56852747  -0.77087854   0.43793557][ 20.217566   -25.7446254   24.51273479   2.07278073  13.04761474
  19.58852938 -15.86097792   1.88534228 -16.14628899   0.87376392
   4.95742834  -4.35707671   3.91071261][ 20.2313169  -25.10347848  25.56198912   4.94850704   7.11618113
  17.67580357 -17.69354107   2.77607612 -13.23714264  -1.64375947
  10.93843303  -7.43043302   1.10437351][ 20.0455365  -21.21732045  23.82742052   6.99922542   1.23935389
  11.11929695 -20.83679896   2.15453685  -7.71129669   1.2165187
  13.23796157 -10.24474501   1.00380678][ 19.49060712 -15.00324889  19.81633409   8.37569887  -0.5363617
   5.40513957 -26.0157478    2.25657726  -7.71142128  13.11510233
   4.46312684 -12.89682002   3.86603594][ 19.0114318   -7.55120142  16.37585557   1.92538674   2.13884871
   3.88252536 -28.68945819   5.77629388 -15.10170605  20.31396136
   2.3672645   -5.38696641   4.63739022][ 19.21109768  -3.30233045  16.9002831   -5.13741989   3.66010342
   9.16892511 -34.51761346  15.7810011  -18.0757802   25.31062357
   6.11582179 -15.14084094  -4.15439799][ 19.44873584  -4.63439357  13.96768145  -1.69237973   3.12270945
   2.88150584 -31.06226647  28.49287479 -15.74653813  28.12560479
   1.425053   -12.88055534 -16.09989711][ 19.81258553  -6.21492853  10.72599179  -4.32965937   3.1150998
   2.27703268 -21.66907849  27.50203597 -19.51723951  27.56113667
   0.14853426 -16.09798793 -14.37782704][ 19.98238249  -4.13079898   6.32309073  -6.49354012   3.87579253
  -3.39370388 -28.56364982  30.28356365 -14.08770739  28.25272364
 -11.88223008 -20.93095491  -2.76279683][ 19.74877807  -1.71600601   3.45353018  -6.47322907   2.11759946
  -6.93969084 -27.54982458  28.18008232  -9.79792501  33.88565066
 -14.63003671 -21.20844631   1.64578207][ 19.82890029  -1.23923621   3.14365052  -5.09837917  -2.79656055
  -6.43667784 -26.08950218  32.1774868  -11.72575854  40.20441165
 -14.21466799 -13.0299372    2.88137119][ 19.90692002  -1.15774638   1.78621408  -4.01526185  -7.39313462
  -5.22598802 -34.99746033  33.12436937  -6.97156839  36.98630932
 -16.99252093 -14.14910256  -4.50749198][ 20.09510765  -1.048107     1.60131838  -4.52258834  -5.89000748
  -5.20207223 -32.70317289  34.83658819  -4.40430261  34.50519646
 -17.80421633 -10.06877587  -3.23610297][ 20.03891019   0.15088513  -0.24276775  -6.21121702  -3.51674474
 -13.48858823 -40.11508665  40.34399148  -2.09199009  28.93545417
 -18.70888786 -12.87527321  -3.99450059][ 20.04732648   0.66050218  -0.85913377  -5.24017679  -7.1324152
 -11.86071938 -35.4265236   35.7663619    5.38336144  28.5123742
 -15.78752342 -10.38921678  -2.4986817 ][ 19.78272807   3.34468616   1.26824792  -6.12055481 -10.25944604
  -7.75087448 -37.70872631  38.38258653   9.29533965  25.0704746
 -14.00884218 -10.581624    -4.65174818][ 19.61992105   2.56456549   0.08397211  -2.48447964 -14.58139453
 -10.81994534 -30.27091388  33.20067316   8.57280101  26.60428972
 -15.47118221 -10.12722284  -6.10211335][ 19.60861213   1.77042027   0.70315098   2.86417154 -14.43136943
 -13.6168976  -24.87268491  36.58131466   6.3630777   29.19665615
  -8.59801122 -10.51869661  -2.38536101][ 19.7315758   -0.53918119   3.96250256   3.10961123 -13.14464165
 -15.75463194 -29.44717938  39.02863872   1.2335719   31.58560778
 -15.47418049 -10.59727856  -4.23278413][ 19.72760543  -0.33267872   4.35642783  -1.08123494  -9.37430946
 -16.21436072 -28.36913756  38.19513842 -10.80950151  26.41164292
 -15.61708083 -13.29122851  -3.64602001][ 19.63956487  -0.44680577   5.13712561  -8.47371879  -3.93934721
  -6.50071257 -29.43409324  40.2129013   -9.25488788  24.604084
  -7.56012223 -14.76483678  -5.73470498][ 19.55581239  -1.18493731   4.61743359  -7.13531295  -4.33025165
  -4.6110545  -28.60320324  38.92819419  -7.93510121  22.15956927
  -4.71231552  -9.6195724  -15.02172239][ 19.5382615   -1.1800666    4.91112024  -9.6849922   -0.98975417
  -1.66158039 -32.91223703  41.05772226  -4.69952548  17.10300824
  -5.25253993  -8.61440561 -17.54061051][ 1.94730102e+01 -5.81759693e-01  6.09323026e+00 -9.81066618e+00
 -1.43185318e+00 -3.10510043e-02 -3.42027515e+01  3.73421817e+01
 -6.11738173e+00  1.72149265e+01 -5.18056794e+00 -7.84160446e+00
 -1.89305976e+01][ 19.47839519   0.46825783   5.15841424 -12.82570945   4.38330455
  -0.68343032 -39.5452021   32.74700712 -10.2908898   16.00391384
   0.55612504  -9.85802844 -20.64855479][ 19.40724782   1.14057682   4.32396136 -10.71315963   1.3790767
  -0.6438787  -38.52602354  28.26049417  -7.74592757  19.7411366
   2.57110138  -6.72124205 -27.40554169][ 19.07874729   4.0177694    0.37375378  -7.62398618   2.64179569
  -3.35080988 -32.73703004  24.92519905  -7.96139069  19.58054153
   4.75119619  -7.4390989  -23.01986303][ 18.51556548   6.2378418   -5.82291955  -1.36740788   6.50046873
 -17.23802878 -31.03181346  24.48999709  -2.06609694   8.4984382
   8.42063643  -7.2810617  -21.34734368][ 17.87301132   3.93942773  -7.0616799    7.26068266   6.57839101
 -20.33218355 -21.45738485  23.51865693  -1.47346727  -7.15232292
  11.66830953   5.66792894 -13.13246203][ 16.94367052   4.2333849   -1.82404747   3.32745659  11.84900323
  -6.34056613 -26.71206894  -1.28038608  -9.28002479  -2.03016659
  10.14363368  16.12789476  -3.16437442][ 17.7740641    5.45149688   0.84880154  -1.19441593   3.21479586
  -3.75345457 -28.80742403   8.35958884  -3.74862177  -8.38454444
  17.12118764  13.42582783 -14.08921874][ 18.65258654  11.77326752   0.6391391  -14.95468196  -1.5056286
   2.03331227 -23.99843362  13.57824247   2.52175713 -10.97408719
  20.03877184   4.09694377 -19.99810072][ 19.53222066  13.25953364   4.55483887 -28.26502205  -3.67065095
   0.40050282 -27.49978991  20.20965138  -4.13631743 -12.53279469
  15.72138358  -7.52789654 -15.37318351][ 19.97197139  14.61881768   6.23773203 -29.29568446 -12.17448786
  -3.08481652 -31.59435906  24.58590966  -3.18968749 -14.7399584
  15.38487897  -5.71666311 -13.84329662][ 20.21069551  16.91776105   5.75338169 -26.93319534 -16.21495562
   1.62481353 -26.81644341  30.08640431  -2.50607437  -3.08497747
  14.12099128   1.59239326  -2.55185492][ 20.43755885  15.91001546   5.98774442 -33.89211664 -21.51070838
   3.15261625 -25.23978924  23.40965514 -12.47900311  -2.50964415
   4.86459868   0.70027865  -3.79862225][ 20.67394724  15.41016817  12.4104598  -37.18219186 -23.42871148
   4.16290386 -18.09760499  22.52336693  -3.94696543  -1.7786905
  -0.9326168   16.61897009  -2.58584519][ 20.92109989  14.54200845  12.38164717 -40.37179395 -28.14602142
   1.90955819 -24.53843554  29.06726749  -1.40256218 -11.92102899
  -7.72392644  25.27910563 -10.92172104][ 20.97715267  14.13082405  12.5711543  -35.32376809 -27.91221332
  -4.55642888 -22.72376213  35.44375508   4.05388205 -12.45725445
  -6.08013743  23.43495321 -11.15475301][ 20.91549139  15.84751366  15.46110582 -33.37457922 -30.51982235
  -3.00080801 -25.69500669  43.40611254   2.79966817 -10.00904099
 -13.35822842  30.40747216 -10.02184647][ 20.61545637  16.39806716  13.85208986 -31.15029637 -32.26478131
  -2.42446884 -23.61555368  27.63514378   0.94855472   0.85928553
 -16.66174249  22.13487999 -20.13771544][ 20.26512897  16.22235213  19.27867483 -30.56207508 -30.13602549
  -3.12742858 -19.43250974  30.13088635   9.16373595  -5.65990363
 -13.71446502  23.71249829 -13.35041969][ 19.90282985  14.46574572  21.18131651 -24.1368495  -30.24369588
 -13.13465704 -11.5660818   38.58199051   1.83446821  -6.8232486
 -13.89585675  13.69091793  -5.63226763][ 19.6437795   11.46106547  17.09858047 -24.35280228 -22.95751346
  -9.4449852  -15.01501002  29.7165534  -12.16962338   1.791607
 -13.48951664   4.11643507 -20.56547892][ 19.29666039   9.94585302  22.10778702 -20.00728959 -20.60284875
   0.45308253 -23.2862433   39.73015997 -10.34644907  -0.55358245
  -7.48650782   3.59648884 -20.95714183][ 19.23087125  10.51163986  19.84298805 -20.51362876 -22.06920831
   0.4124463  -22.27764172  42.41636148 -13.81788523  -4.74551655
 -13.50206486  -4.89269754 -13.85952565][ 19.17781426   9.59288122  15.27075894 -15.84549251 -23.68118331
   0.44667983  -8.79867839  41.44908807 -16.63830755  -7.50553537
 -14.93264176 -11.07461601  -3.37032812][ 18.93875155  11.6623599   13.53978137 -16.60490535 -21.49218772
  -2.20107163   5.00265844  37.70324263 -17.98604104  -4.85085155
 -17.79897612  -6.63908102   2.24353707][ 18.45718414  11.3864531    6.48030694 -11.58046749 -14.95510373
   6.17446558  11.53861734  29.05465954 -14.1432425   -0.39908851
  -9.98626616  -4.63320878  -2.32915197][ 17.48990451  14.68560284  10.14474559 -10.62673248 -15.68452104
   9.86374799  11.52201822  27.44892571  -7.35533958   7.33649961
 -12.94479531   0.62788518  -4.86538386][ 17.431106     6.49547467  15.07714838  -5.46036404 -13.25714474
  25.10814032  -8.49388372  42.75771539  -2.94133769   2.41591257
  -9.94129565 -17.06818713   4.28375041][ 17.12863963   4.99278889  14.5311781   -0.24000075  -9.83993171
  27.46141577 -14.50564075  40.3474571  -11.16510286  -5.63247498
  -9.03746761 -14.39021082  16.14602588][ 15.09224197   7.60128435  15.37063423   3.99842744  -5.59909919
  16.90526369   4.34162384  19.24744469   0.79044007   0.43240397
  -9.83738934 -11.90667178   2.82699041][ 14.11220015   5.87259714   8.8291429    4.36758379   0.52491182
  16.21933075  12.86450828  21.57312639   2.03170131  -1.17952657
 -12.35491255  -9.70092571   5.30991346][ 13.3367929    3.08068834   5.66822455   4.19652582  -4.74993323
  14.0636724   10.20865834  21.37816122   3.53436146   3.90851496
 -14.21329444  -5.25581093   2.42877564]