[ 14.4687779  -19.80015327 -18.57926877  -0.57393216   2.42245752
  16.84747659   9.53599042  11.32954539  -3.75083143  18.77641053
  -9.99712733  -7.66653497  -2.18169164][ 16.83080749 -26.1405769  -12.4877711   12.35206424   9.01020854
  21.6801582   -2.31369816  12.78894217  -5.76328313  26.60671488
  -2.53701495  -2.65118113   0.96897874][ 18.17645427 -28.06437371  -9.56467297  16.20186255  13.01966266
  17.09961482 -11.43956475   8.4033456  -11.58134585  32.07961479
  -4.69465811   6.14768808   1.66253649][ 19.13055026 -30.67006887 -10.23263912  25.79539513  12.84497868
  22.34332022 -13.66505676  14.04206548  -8.78077667  31.71896591
   2.21293649   1.95041716   8.36151511][ 19.71239366 -33.59969277 -11.7907188   25.35086316   8.95967443
  23.57859482 -16.94536662  16.59706568  -6.92713475  27.78950473
  12.5248493    3.405889     7.52939314][ 20.23381296 -31.58892489 -12.66770636  15.10606799   3.38939252
  17.20787368 -21.24869459  20.31697142 -10.00137753  14.61004559
   6.80248662 -10.17875731   3.4829936 ][ 20.44236366 -38.97074182 -18.6941741   20.45892928   2.68433184
  15.30093653 -23.92539635  14.70070443 -11.35646323  14.60538582
  12.50999445   2.65700968   3.59529608][ 20.77277132 -36.51647663 -16.83404298  23.38235756  -2.12529335
  16.72371745 -20.87254702  15.50440383 -11.96191292  11.43392108
   6.0979836   -3.11550211  -1.2550214 ][ 21.00873168 -42.61600753 -21.85171709  22.10442513  -6.27860706
  18.76113643 -20.23568619  11.84276873  -8.18323016  19.37070764
   7.38395322  -8.16899077  -1.38363009][ 21.29029983 -38.90580136 -17.73488814  22.67104152  -4.37854596
  18.74306833 -19.04530261   9.57281206  -8.51147895  12.95959533
   6.44453061  -8.41276748   3.10881121][ 21.36603954 -36.47696598 -19.37714702  20.74279987  -3.38282771
  15.8994491  -23.3692713    7.36309334  -5.63593639  10.05723666
   4.59108857  -9.93397582  -2.77121979][ 21.4266605  -45.65862575 -30.02162368  15.58252503  -0.08905875
  21.15924591 -16.86151134  18.2411194   -2.48181779  10.64704226
  11.754917    -5.34111743   2.45205819][ 21.64901368 -39.88108087 -21.77502663  20.08156036  -1.28319752
  15.85450029 -26.18340973  10.20888661  -6.08447024   8.76735108
   2.70345186 -11.10174941   0.62894635][ 21.75646052 -39.51504252 -20.25355507  21.57048373  -4.46592299
  15.75927281 -28.07567488   9.15069435  -5.97586498   8.62430899
   4.80839306  -8.36968339  -2.64738614][ 21.85254436 -40.05117842 -20.35019094  20.86290921  -5.87315686
  11.98239736 -26.1100177    8.18833667 -10.04075313  -0.18745818
   0.3492099   -9.20109046  -0.3438601 ][ 21.65803324 -33.47810811 -17.20121105  19.08669509  -6.88219468
  16.17931237 -21.80609759   7.67150114  -9.22474463   3.76075778
   6.39592013  -7.72732415  -1.99986003][ 21.54485012 -49.86041827 -32.11562101  11.68080093  -2.30079445
  18.26668974 -23.20691562   8.62428587  -4.35622811  14.88234726
   9.99345851  -3.87386579  -5.10652524][ 21.40152519 -41.86803173 -23.48625335  15.57426947  -0.8091915
  18.22356955 -26.48690704   7.62950938 -13.572805    15.01818124
   5.48944531  -7.40094865  -5.622393  ][ 20.79184206 -42.40436943 -24.02338407  12.40606587   4.56882703
  22.2975365  -20.91260276  13.86423411 -14.91599857  18.82888226
   4.05501811  -5.05099421  -5.11181567][ 19.70056949 -13.30909538  -2.96540112   7.56554191  -3.47212091
  -2.57890601 -20.11269773   9.35893817 -22.38316716   7.65224125
  -9.79148374  -8.24997907  -2.52885182][ 18.95431136  -0.21521152  -1.72145774   7.43310491  -4.1976883
 -16.3010328  -40.02329456   7.32640256 -22.65258613  32.56172591
  -4.58012856 -13.76059602  -5.63154721][ 19.25303737   7.73284243 -10.17038568   2.39362398  -0.92190824
 -14.26252422 -47.67156031  -0.86352808  -6.32218333  21.53708163
  -9.5626423  -13.19363475 -12.44319718][ 20.25028355  12.71423778 -13.55936802  -8.06953016  -0.60328418
  -8.27089183 -43.68038818   4.67595497   3.70902532  11.26407733
  -9.06959937  -7.57710409 -10.93953158][ 20.75322273  12.70357812 -18.7345685   -6.48754572  -5.56390099
  -9.38444162 -50.70939972   3.91376218  13.46124851  14.49279436
 -12.67497068   0.26763349 -16.57333485][ 21.112875     9.63701711 -18.62184651  -4.43934163  -4.52960111
 -10.94911816 -50.0812409   10.69622152  14.9977341   16.50843921
 -13.8563979   10.39585945 -15.4223646 ][ 21.17643554   6.35011906 -16.49407047  -5.1361908   -6.34405893
 -10.62411626 -56.82729747  14.54194362   8.28494394  17.30897552
 -16.03567972   7.99411238 -16.54930664][ 21.04394777   2.37898818  -9.87608523  -5.52357002  -6.12164485
  -9.54934332 -60.31005539  18.85685298  13.60240815  11.6001477
  -7.04853957   9.63854076 -13.6902352 ][ 20.54365467   0.80630934  -3.2753697   -2.8651706   -6.24671628
 -16.03714095 -54.83144067  23.64625026   3.2834519    6.13741109
   0.66577794   8.39616149 -13.63492606][ 20.45583991   0.29517067  -0.9028443   10.35141712  -4.82985113
 -19.87157006 -53.06765279  22.44391275   9.37420746   6.04687393
  -2.12742757  17.20316806  -5.48541   ][ 20.12890732   0.64613518  -0.46136893   6.99204341   1.3390462
 -29.06997276 -47.49580033  16.68256613   0.13487287   5.15768254
 -10.90229253  14.03383278  -5.7216429 ][ 19.47171829  -1.85494326  10.13396151  11.14637792   5.84060133
 -29.00866027 -51.34270485  13.06497433  -8.0301153    5.30668893
  -8.52689894  12.75125346  -8.76824631][ 19.06019941  -6.09532055  17.77790074  18.2056381    6.32440769
 -23.27791857 -34.02480101  13.37409892 -22.04716139   1.9175354
  -7.53287025  19.85163445  -1.90657706][ 18.95805119  -7.64151416  12.65057129  20.2638459    9.83360863
 -19.26835662 -24.22464089  16.14488518 -23.92017325   5.37766023
  -7.1935293   17.26840118  -6.93051717][ 19.28208507 -15.05839154  12.77824291  31.047192     1.94708518
 -17.10006403 -22.30532701  12.67013614 -16.37576787   6.59872699
   2.3473581   17.06873462  -8.3447841 ][ 20.06000324 -22.88150322   7.01427656  35.55191696  -4.06376649
 -12.47458852 -15.45376457  17.13910196 -19.59738198  11.88426289
   6.46642267   5.11090972   0.46574261][ 21.22132817 -37.03596051  -3.60287617  34.09755778 -16.68190498
 -10.8623816  -15.87295015  28.36823893 -21.49877835  17.86654308
   6.51386184   4.36370129   4.92879641][ 21.76750971 -31.54898699  -6.82771704  29.4296397  -20.03679649
  -2.1640935   -8.55816524  27.91413154 -31.3381205   13.74145425
  -0.394352    -1.5810499   -4.66458448][ 22.1443236  -43.24256698  -8.03914549  35.75504561 -22.15109276
  -3.96153156 -13.80771978  33.36901809 -25.06480117  16.99237559
   2.6219106    4.78176953   0.50315549][ 22.16738546 -38.73632484 -10.46517657  28.59206845 -20.25944278
  -1.62227538 -13.47231483  28.20192658 -23.45753259   8.83364102
   1.2206633   -3.58037169   3.03540692][ 22.30893325 -40.02899829  -8.45857044  33.70060907 -21.08534841
   1.75143842 -11.68299317  26.58572725 -24.2251693    9.21900238
   5.51578982  -3.32818664   4.26435892][ 22.50231491 -38.28022509  -6.46501284  30.56028225 -21.25294391
   3.52504727 -12.53567278  28.97478113 -26.0457505    8.28474018
   2.24489839  -3.81802386   6.83568842][ 22.51210549 -40.37823184  -7.27064124  32.00367464 -22.89743001
   0.62595238 -13.38580977  32.66564881 -29.66660734   3.48531445
   6.6427591   -8.82159608  -1.97961986][ 22.30007862 -39.91029939  -9.46608111  27.87024312 -15.73918136
  -2.09885762 -13.98267077  33.22770645 -26.87199457  -2.01628215
   8.10386569  -9.68268947   0.83485445][ 22.35631434 -35.57576948 -11.9465986   29.72308035 -15.90440957
  -1.02301885 -16.26388271  35.40281385 -27.62443849   2.70560334
  10.42603907  -9.63960582  -1.21901101][ 22.56639832 -35.67366396 -13.16437     29.49683227 -15.23741027
  -1.27266552 -18.2863653   33.63037543 -29.31551086   1.83888707
   9.15056674 -12.46282568   2.11568888][ 22.47261839 -41.01463697 -11.95780206  34.36349816 -16.05533406
  -2.5594374  -13.10325942  35.04270169 -23.05458253   1.00332235
   6.19257681  -7.12510269   2.6077554 ][ 22.26300007 -39.7364549  -15.44927365  34.45461818 -15.24976617
  -1.79391249 -16.4717583   33.1023411  -20.60960937   3.72749067
   6.01915053  -4.89545477   3.27853531][ 2.20352176e+01 -4.19694717e+01 -1.53502414e+01  3.39832229e+01
 -1.47762272e+01 -7.20714669e+00 -1.56648908e+01  2.96844925e+01
 -1.99117934e+01  2.82053880e+00 -3.86625611e-02 -3.77295911e+00
  9.97631765e+00][ 21.85795393 -45.77546811 -18.13662072  34.45954429 -16.09236729
  -6.01683239 -16.08313334  35.2789707  -16.83226774   5.64630396
   2.50020198  -3.34191184   7.96360116][ 21.83304952 -44.98502158 -13.73826472  36.64739425 -22.71509605
 -11.55208414 -12.62831333  37.02302985 -23.69640601  -1.52239396
   6.98448112  -2.26149183   1.84905268][ 21.8989106  -37.28345242 -12.05887501  31.23447485 -17.47632516
  -3.86282138  -9.9046854   28.79676686 -19.66518619   2.0034359
   8.37389232  -9.25830501  -0.05325553][ 22.12054669 -30.81236262 -13.68461122  30.81202062 -18.41087439
   1.05756717 -12.26803989  28.68707544 -26.85025932   3.54093209
   4.54571703  -8.5395179    2.22348205][ 22.20983678 -38.20449613 -11.88327297  39.43416492 -19.6356586
  -2.92977618 -15.98228732  33.47608498 -23.1153845    3.05263234
   7.43428341  -5.62028886   3.2932869 ][ 22.0700821  -41.67574593 -15.87111737  32.89850876 -17.7649373
  -2.05608556 -10.62399317  26.25140811 -22.73252865   2.43041254
   9.89423727  -8.3164976   -1.66075811][ 21.76681959 -38.76474538 -12.57599764  32.91319236 -20.3024069
  -0.82530986  -9.55195945  25.87940202 -25.07082993   2.61671391
   5.07271744  -5.83592214   3.90342854][ 21.40744856 -32.78425761  -8.43256921  28.37566775 -20.90129575
  -0.40300057  -5.81759753  22.53633891 -26.77001891   4.1046414
   1.63079568  -6.28663005  -2.23649208][ 21.03825736 -48.32422241  -6.63803983  32.99983751 -24.25032936
  -0.17050017   0.3099936   23.08082832 -25.58572331  11.23333057
   3.04955925  -8.19483819   8.87598608][ 20.01603556 -44.39882318  -3.5575563   29.73025242 -24.81926122
  -0.31812184   4.25384962  16.24066837 -15.50471698  19.59329954
   5.10963297 -10.86760478   5.99210139][ 18.75621365 -29.39035225  -6.07598246  25.29524367 -21.55740505
   6.40389867  -7.70999808  14.41498624 -22.22787131  14.9437406
 -10.13027602  -5.64640009  11.86398832][ 16.88211349 -38.72685651  -5.78943372  28.80177004 -12.52761975
   6.45265015   2.14286071  22.32263036 -22.04767636  15.63458296
  -8.37199198  -0.17562018  12.21211693][ 15.5220765  -29.39399548  -3.45094951  26.84832252 -13.07728912
   8.26292437   1.09327682  27.71315945 -22.27687527  10.38174574
   5.3013572   -2.96561562   5.17292917][ 14.70320906 -28.60687378  -7.16792911  28.06390959 -13.20522926
   4.21836351   7.65927666  38.34597436 -10.49176763  12.8425231
  16.49781207  -0.66410277  12.36715984][ 14.68247679 -26.61221548  -2.89795301  30.99831818 -12.20922827
   0.08725353   8.67310583  28.28725562 -14.98999432  11.5766641
  10.00141584  -4.67841572   6.95432959][ 18.62755812 -26.47270715 -19.31514288  13.85647894 -27.30474207
  11.43432743  -9.57637989  -3.95187294 -17.82683049  13.08998982
  -5.79061546   7.18278579   9.28671625][ 19.08118321 -29.39789152 -20.93347932  11.61410023 -32.72653962
  12.25398999 -13.26930352   0.28423066 -18.32715264  22.26013015
 -10.91890774  10.746708    14.35824233][ 19.84834952 -34.00161387 -16.8218645   12.54079689 -26.20806174
   6.62805415  -5.94939044  -2.18847295 -25.07196506  16.59768643
  -3.62673048  -0.67057756   9.75763113][ 20.86892099 -32.27679065  -8.52239563  28.39418234 -26.65143524
   7.67472977   0.98594492  17.66897709 -35.51481385  12.56720803
  -0.80335295  -3.97408229   3.43816451][ 2.14977883e+01 -4.23032302e+01 -1.22518750e+01  2.43031050e+01
 -2.77777036e+01 -1.61499867e-02 -9.65327142e-01  1.72962441e+01
 -3.48591456e+01  1.27046344e+01  4.68611547e+00 -6.42467003e+00
  6.51265754e+00][ 21.69351688 -32.22801568 -10.15188783  28.49390718 -20.84776577
   4.33375289  -7.03747901  23.2177564  -25.52296434   9.77469027
   2.515866    -9.5945382    3.038408  ][ 22.0404746  -44.61776273 -16.05980946  35.77128232 -18.51052489
  -7.25720694  -6.5800213   29.59195793 -29.83917763   1.25242692
   8.05579529  -6.50382976   7.29903179][ 22.0935199  -40.08695294 -15.65158239  38.02905102 -17.11866835
  -6.59720778  -8.12302995  36.13811869 -26.99678602   3.6079851
   3.45378178  -8.77365575   5.64699459][ 21.95569186 -33.72417525 -14.6282114   30.0659111  -14.10017576
  -1.5441986  -13.047394    32.23109318 -23.89576823   5.45070411
   3.01029578  -6.47085149   2.17107717][ 21.59939137 -31.53127735 -11.720752    26.36669076 -17.30132192
  -0.93636968 -16.5276952   30.10110413 -27.13483127   1.77226216
   2.33139407  -6.53598039  -5.66281212][ 21.15061577 -41.56427725 -13.39142916  31.63395179 -16.14875004
 -15.0325473  -27.94166766  28.92499723 -17.69097737  -2.90936088
   0.22246073  -5.26755434  -1.26112231][ 20.39355385 -39.15970415 -14.19343995  31.64554374  -9.2986862
  -9.05339771 -26.4009866   31.26457388 -13.41714304   3.7082111
   7.77348099   6.84249358   6.81797938][ 19.18914211 -26.78815716 -12.15296439  23.40444318  -7.54046679
  -0.99273019  -9.64336778  29.08471954 -11.30314305   8.53602357
   3.01986847  -0.96140404   1.95147541][ 18.37459894 -27.51381674 -11.16393606  31.23084624  -0.10502773
  -3.82429476  -5.72528902  42.3331466    1.79180049  10.92293813
   1.14848843   8.6164406    6.13759522][ 17.59512694 -21.24707538  -5.14227965  37.00855575   3.68542353
  -2.13014467  -6.13173598  40.32498639   7.05029198  14.55366819
   0.13406847   9.90556471   3.303682  ][ 1.67221266e+01 -1.16060912e+01  4.29764875e+00  4.17806306e+01
  7.46576068e+00 -1.38413622e+01 -2.24899954e+01  3.25219578e+01
  1.14489620e+01  1.00886312e+01  1.80911272e+00  1.76308101e+01
 -1.70229597e-04][ 15.730834    -3.24830025   7.56445961  36.5204676    2.37648687
 -11.42914576 -20.51697811  21.29754088  -5.94621895   6.82376146
   0.45182414   3.41134699  -0.68969378][ 15.20778673   1.02560024   4.92598806  38.54357113   2.34160086
 -12.32545279 -14.95499332  18.87976903  -7.5648425  -10.56813045
  -1.09982134   2.07210086   2.78374416]