[ 14.69279264  -1.44605911  -1.35682185 -14.24568609 -19.58237063
  26.17059336  -2.87308691  33.83754806 -10.91704286 -12.58564567
 -19.02830664   0.54184776  -7.99705538][ 16.96507357   8.77233977   6.22759236 -29.74699127 -34.12633062
  16.53639624 -21.3855516   40.77490079  -8.61697737 -20.38856411
 -17.62315432  -8.75851783 -17.0103606 ][ 18.23511665  11.05637445   5.38268555 -23.88752638 -35.87265994
  17.0058704  -22.55410646  40.0254776    2.89222698 -12.30701317
  -8.75423119   1.38113089 -11.76862475][ 19.18607772  12.62389023   7.08879981 -29.36156638 -39.23919424
  20.60590665 -19.97102288  43.6434203    7.17620628 -16.97212085
 -16.91805295  13.09728431 -13.41754929][ 19.62037133  13.61313348   6.82652178 -35.03805896 -42.60557444
  17.61496325 -27.8216126   38.12539692   6.71023338 -26.21261549
 -21.30882063  13.04185207 -22.22900406][ 19.18730774  11.03567813   1.14227844 -28.58290644 -35.06476684
  12.00467641 -22.6315549   28.99616648   1.58920513 -11.31358482
 -12.70757632  -5.30084576 -20.23954398][ 1.97233110e+01  1.17367636e+01 -2.87200970e-02 -2.25843462e+01
 -4.34230174e+01  1.48482594e+01 -1.35697599e+01  3.26046546e+01
  7.10912626e+00 -1.13780067e+01 -2.44543083e+01  1.69004405e+01
 -5.65396759e+00][ 19.636723    13.78705859   3.08616399 -20.81635262 -40.35599486
  11.71017555 -15.25918335  22.08285551   4.21783702 -15.64301419
 -24.70348948  11.1013883   -4.40184494][ 19.73793956  14.5439694   -0.3562302  -23.60577222 -27.99883735
   2.67174928 -14.29843105  15.54432422   7.79493509  -3.39257847
  -3.03887227   3.27904808  -2.43278565][ 20.25328781  18.71345253   5.54214814 -27.93067447 -49.11795377
   5.36150795 -21.98151238  21.93881726   8.29637561 -12.85617315
 -15.48938671   2.39562181  -6.2198052 ][ 20.73044063  17.4471252   -0.20243022 -22.47232517 -50.63914811
  -4.96990654 -11.52416355  23.59987486  -4.56228948  -5.60076291
  -7.68278949  -4.47343036  -4.72192128][ 20.82899445  16.29893339   1.98594719 -23.7062774  -48.05877937
  -9.18568064 -10.61912714  26.6271766   -0.67491822  -1.47896197
 -12.0238248    0.22275436  -2.87961644][ 20.77646008  17.29724998   3.33584815 -24.56929621 -41.89182504
  -8.91576894  -4.89495245  30.65814781   0.08543321   2.50805848
  -9.01003884   7.88305728  -3.63111063][ 20.45331314  14.65838722  -1.84987562 -29.58298554 -29.59279448
 -11.98652015  -9.22556617  21.98271163   1.61144985  -0.99011111
  -4.47991835   4.67322995  -7.34860515][ 19.94999401  18.62301424  13.42784349 -33.59042376 -32.28447344
   0.15040276 -23.02755755  35.56815482   0.90994003  -3.78472984
 -17.70506742  12.69665154  -8.44922897][ 19.59679581  17.43651216  15.28120005 -37.89312137 -30.31625698
   2.92659877 -29.19381874  35.34118067  -1.03435235  -7.28160824
 -14.73547558  13.81288863  -6.11158893][ 19.3642302   14.3099224   10.53066584 -28.16479666 -29.39423759
  -7.55772475 -20.76808519  30.97467805  -0.07018543   1.11413009
  -7.12762687   8.226437    -3.43868611][ 19.36102587  16.21048557  17.20374941 -32.15991735 -34.052744
  -4.89040565 -27.22321709  40.90796807   3.65756356  -6.93591945
 -16.27495973  19.39228655  -5.29633782][ 19.31661285  15.20167155  21.90926243 -39.17666733 -34.50387298
  -2.72975086 -34.48001321  41.50309223   2.30983053 -13.2262941
 -16.42033562  23.53445281  -9.298307  ][ 19.01609294  13.41162564  24.28129903 -37.77712876 -30.78811078
  -5.14279711 -34.05135092  44.31294417  -2.68764983 -13.63896942
  -9.86146778  25.48916911  -8.58163949][ 18.72620398   9.55359804  11.08283002 -26.64554093 -18.12777578
  -7.4499822  -19.56582678  24.31654821  -7.04939603   4.22406438
  -1.28591697  13.23988282  -6.23638445][ 18.12267403   9.89300557  23.16724193 -30.6811609  -12.30927736
   0.05199625 -25.6958725   27.17409025  -9.25612179   3.53942625
  -2.21773977  19.00464548  -6.39642796][ 17.89534467   4.9727941   21.52448252 -28.37708788  -3.13661963
   4.24954181 -23.98116288  21.14132481 -25.09971092   1.47042384
   2.41476978  21.04091455  -7.94191638][ 17.57684665   0.94826487  20.42656212 -16.82047005   3.82074501
  -8.60472138 -12.30194424  19.85295072 -28.38084078   0.9183507
   0.27756919   9.28313986  -2.98408605][ 17.24368861  -3.64811871  14.530828    -6.65428834  17.19710979
  -5.14806079 -18.63836135  10.85826151 -12.91085466  -0.30119862
 -12.86603462  10.14850779  -1.0376485 ][ 17.56987892 -11.6355105    9.31607848   9.17546536  11.62197328
  -3.82759303 -14.26203716  16.17392585   0.73696612   0.48999037
 -16.10430762   3.59292296   0.05213723][ 19.86239861 -22.54250707   2.5748446   17.63079265  -1.96857926
   6.8628693  -17.82108462  33.1594197  -17.69197361  14.9790162
 -12.28834287  -8.9515689    1.65549742][ 20.72179346 -36.22125896   4.1354864   32.83211402  -8.29364808
  -3.01978821 -19.83878388  36.15196272 -16.34105474  10.32799427
  -9.61927304  -7.96540079  -4.59900953][ 21.28803629 -39.68812371   1.09198624  33.74467066 -13.69581048
   1.23320781  -8.2826155   38.37450669 -25.28665974  13.72863202
  -0.47185414   0.78626476   6.50719143][ 21.33979546 -38.90992782  -0.45263707  34.90166449 -11.59035158
   0.8341314   -9.76717491  36.90580207 -26.51463868  13.90850905
   3.84813124   2.69441714   5.69715019][ 21.30376467 -36.79581414  -5.78710549  24.58241382 -12.47694806
  -0.78714417  -6.77661852  35.91633844 -28.46168629   9.61110387
   1.91224192  -6.3063626   -0.20064979][ 21.71866153 -36.32761688  -8.31173384  26.09489324 -13.69991864
  -0.09100154 -11.27800439  35.36986892 -32.77255144  13.62487193
   2.63136392  -4.87187281   3.9960487 ][ 22.05307075 -43.65380397 -10.68473359  30.29054199 -13.86090615
  -2.2442951   -5.49781438  39.31447449 -30.36693005  15.19571102
   8.68969193  -4.56102273   5.54935374][ 22.05423908 -52.26426102 -11.52280448  35.83365314 -15.70184579
  -4.17485278   0.68922798  50.68211193 -20.52561404  16.20067942
  12.12291754   3.96023879  11.9437912 ][ 21.89555337 -40.29385619  -6.2188981   31.36473546 -18.27333384
  -0.81880747  -1.99405128  31.43479675 -28.09026812  12.53665755
   9.14750509  -6.18243305   4.56798597][ 21.5488154  -40.90602269  -8.50591288  28.82619692 -20.43112554
  -2.7273394   -2.74572067  28.25787187 -25.41558282  11.34445425
   3.94755522  -3.92922638   6.46510191][ 21.43572435 -38.68530619  -9.81937892  24.70010818 -17.24178136
  -2.43661412  -6.07398149  12.0718399  -29.87864336   9.3486337
  -2.31901127 -10.99158378   1.14201097][ 21.36972504 -38.76746793 -10.86398706  29.14196755 -17.97078983
  -0.79258629  -4.35461199  21.69534443 -27.52031937   8.47079233
  -4.56559541  -8.76943921   3.74214709][ 21.39659    -41.3232699   -9.73940933  30.71333151 -20.30840382
   1.75150174  -6.35313341  25.42312278 -24.52173274   7.27295684
   1.80576302  -6.55094239   6.95082761][ 21.38071871 -47.26294246  -7.91934859  31.36129896 -20.86584668
  -4.95179803 -10.33439735  25.64641797 -28.45844947   7.82216913
   9.01373962  -7.86767517   7.62641885][ 21.3199309  -32.45050146  -4.22512704  26.56496859 -18.40233385
   2.44903676 -10.47731171  27.43616815 -28.54492326   5.00627812
   7.9330353   -6.34339511   3.61250252][ 21.3769882  -48.94927557  -8.58589366  34.1438426  -18.32791254
 -10.08140944 -20.87829791  34.37138932 -19.47768037   1.65191451
   3.07597457  -7.74359408   4.73836153][ 21.3236934  -46.24221813  -8.5467366   33.53016727 -17.85462785
  -2.23107895 -22.35580558  34.23903096 -24.44448779  -4.17117584
  -1.50123008  -2.49543768   3.92804619][ 21.18061905 -38.11861482  -8.00886417  31.39455367 -17.44760114
  -3.01061808 -15.93588463  29.65390075 -25.93854787   4.11568267
   5.41243836  -5.28481629   1.90323542][ 21.15789987 -38.77310356  -8.98124826  30.3599489  -16.98639201
  -6.46615842  -8.66894643  33.81107329 -22.52697052   6.05261689
   8.95822345  -1.58835245   7.0979466 ][ 20.81719127 -36.95664407  -9.70750965  36.23716709 -11.10803682
  -4.72756991 -12.56887726  34.36358099 -23.60217269   5.66805287
   3.35434825  -2.31650632  -2.07498149][ 20.43213992 -36.68963679  -6.1774934   40.25087021  -4.61011867
  -8.12720626  -7.49493574  42.39035979 -17.83519639  10.18047866
  13.78573429   8.74825819   4.92718382][ 19.52978296 -30.7064938   -5.80596043  37.5309595   -0.47967377
  -4.44419364  -8.11367577  37.11491729 -17.52903012  12.27309714
  -0.24817926   9.34136173   5.23298451][ 18.59099774  -9.59815796   6.14989488  25.71815694  -8.66289243
 -22.70960032 -30.10123628  12.77101892 -23.98888578   7.22770837
 -10.79440366   4.92435692  -3.54888001][ 19.25928354  -3.47668242  -3.33874412  28.81491328  -9.71476993
 -26.42331498 -50.0629778   10.73798533 -12.02060243   1.74791383
 -23.48136742  19.38830259   3.3211579 ][ 19.49122252  -2.5935313   -2.61434989  27.27800466  -9.36934397
 -22.98842197 -51.87306007  14.43313508  -9.88399417   8.54433876
 -18.66946341  24.51380781   0.83152795][ 19.46891803  -2.15188358  -3.84622683  23.52730934  -7.70310547
 -18.31944797 -46.64708674  13.53864082  -4.5070835   10.19001873
 -12.57678895  30.37717251   3.27139598][ 18.51030864  -2.50347563   2.20972192  16.88198764  -5.29992324
 -19.60727923 -37.38158311  16.80302415  -4.70027178   5.37012645
  -7.28698826  21.42700183   3.28707529][ 18.45555099  -4.40035044   5.84036721  14.36536337   0.55775815
 -11.43562929 -42.2478413   32.98320034  -5.01433699   5.65689814
 -18.96425009  27.0224695   -1.22145925][ 18.53349641  -8.28723499   7.49027427  16.73788263   5.81726234
 -13.53668865 -40.8336202   31.039461    -7.81032949   0.59712989
 -16.18626873  23.47818521   3.6017868 ][ 18.37926283  -7.96709484   6.40899654  16.18505444   7.52190547
 -11.20861596 -37.44202022  27.58754965  -4.64302084   2.88127916
 -18.50661312  12.26723278  -0.32776989][ 18.53127465  -2.61929165   2.97257548  11.73973459   3.5856093
 -14.72783736 -43.71803464  31.32767841   2.8606878   11.42924406
 -12.31101743   9.73160698  -5.47062753][ 18.51533678   0.2286808    1.56105651   8.9836993   -2.45626501
 -10.62605399 -42.43605063  27.76276428   3.19623164   8.64619864
 -14.25997196   6.4333      -3.58369358][ 18.62144531   0.44960803   1.97798253   5.28140638  -2.44771261
  -7.98356621 -44.10472775  28.98688708   3.89324452   2.76231473
 -10.58371945   0.45410749   0.77570528][ 18.65450413   0.19645799  -1.83318875   7.87607676  -4.15112582
  -7.0568388  -40.05588497  30.66135912   4.89614335   2.92433607
  -6.4615488   -8.49177237   4.13262844][ 18.69052825   0.19765247  -2.75497031   6.88869395  -3.31355462
  -3.75111405 -32.45067843  29.25683724   7.88551583   2.70751865
  -6.12498211  -9.17215751  -1.75181276][ 18.5751255    1.40830676  -3.93508194   7.47850359  -3.30251775
  -1.31113113 -32.98798098  24.07834943   7.82474836  10.94525796
  -8.43756696 -16.36757245  -4.99630389][ 18.25617725   3.08036422  -2.47731861   6.97052172   3.60383484
  -2.42574069 -26.95511684  18.03945104  11.24673227  15.48793883
  -6.89441297 -20.09872918  -4.80165016][ 17.72528658   8.05791828  -3.79239111   2.12619541  12.8325032
 -15.45560579 -15.00801668  12.81604826   0.36104146  24.60867026
 -14.48097727 -17.76658339  -5.88513161][ 17.17654367   7.97803407   2.50203087   8.29578932  -3.47898092
  10.77194946 -22.40605484   5.78511702   5.71109476   5.00914447
  10.29046502 -24.39448009  -9.05726481][ 16.99309668   9.36880439   2.15325738  24.44388901   2.38709157
  16.89083443 -30.55832207   8.57550019  -6.47230539  -6.83001052
  19.13604172 -18.1510588   -8.78608517][ 17.00553531   7.78678287   2.06792968  28.29199645  13.10691206
  14.7360384  -28.22515385   3.98660394 -17.7520044   -3.91008572
  14.0175612  -14.74452676  -8.21930946][ 17.02941759  14.54628456  -2.06033244  22.48181122  21.11980973
  -6.05494809  -8.48740248  -2.16563338 -23.50183026   8.9106554
  -2.49659011  -2.76733544 -16.8402799 ][ 16.9915128   14.12470836   1.35549897  20.12733949  19.42713861
  -6.07287585 -10.94471485  -3.99930817 -22.88194331  14.85726819
 -11.33459069  -2.48630992 -12.78136258][ 16.95323952  14.45387149   3.42678493  20.12508586  16.60771259
 -10.06887961  -6.37197411  -6.96969596 -23.29780593  22.00780683
 -12.11510216  -3.25583833 -10.03506114][ 16.76183233  12.85597496   7.38455585  20.61499878  18.20681548
  -9.46870218  -4.77850959   0.4779163  -16.43532092  21.4269211
 -14.26918154  -1.15880648 -10.37356363][ 16.67423923  10.97196147   8.67778837  19.27460795  13.58304737
  -5.18668182  -4.54182281  -2.14607365 -11.28592716  19.76854994
 -11.4299577   -4.01143165 -14.687204  ][ 16.54956546  10.5197991    6.10014616  20.37479633  16.08905422
  -0.27294058  -5.18885139  -2.2643752  -14.9105238   11.72487908
  -4.62597588   3.02513108 -15.79765003][ 16.57861314  12.62438162   0.66157753  18.80710361  25.80938066
  -1.56835992 -16.0594162    0.02930886  -8.589895    15.57769394
 -12.10963997   2.99650502 -14.82436753][ 16.65588296  11.55226256   2.75648287  20.45399842  28.62218213
   0.64284867 -19.97594612  -7.1218689   -8.55113238  16.64526463
 -16.18138158   0.51394636  -7.26846743][ 16.57864988  10.55961339   4.53380152  19.26435909  26.876341
   5.36844905 -13.89925181  -4.68319969 -11.41455087  16.2127108
 -17.76434342  -0.03977892  -7.96724763][ 16.53794223   9.66831142   4.10738074  22.05999671  29.5869546
   8.19553646 -15.11601216  -4.49439408 -15.07788173  18.62195732
 -10.45626486   1.92876359  -8.65060536][ 16.45532342  10.52686419   3.68590134  20.35825214  31.5278965
   5.82521958 -12.78588331  -1.01325121 -17.5413524   15.57451315
  -8.61109886  -0.47320708  -7.71416306][ 16.42233221  10.28981877   2.84714865  20.61236622  31.05246774
   6.889547   -12.25318405  -5.0715536  -16.56396811  15.24943623
 -11.36424327  -3.36861736  -9.12223175][ 16.30531221  10.7734422    4.01271003  19.65081224  29.50230848
   8.36684503  -9.15088127  -4.36196156 -11.50511948  16.00398437
  -6.34702034  -2.05185908 -11.47551582][ 16.27669788  13.31141192   4.01201299  15.4912905   21.99767596
  10.31864664  -2.92479429  -1.00964972 -14.36904727  14.766903
  -4.44768359  -4.92269368  -8.43210655][ 16.31203859  13.3624394   -1.84596846  20.04403344  24.02502775
   7.26805324  -4.40640631  -0.857347   -17.27854721   5.82408045
  -3.94773937  -2.47899942  -5.82570037][ 16.33094605  14.47172702  -1.63516438  19.54707211  20.482814
   4.97779972  -8.57365003  -4.15506819 -16.22155167   4.98136876
  -3.52563526  -0.98836819  -2.48186173][ 16.38339145  13.17552957   3.23526986  22.09535765  20.07600346
  11.42558858  -7.71042041  -7.05014202 -14.78515735   4.87211161
  -5.81042989  -2.70339139  -5.05997605][ 16.7482013   13.78220981   7.60084357   8.28919815  12.76652781
   8.98953906 -15.744268    -6.5996867  -21.84244928  10.15463696
  -9.30738123 -16.71416012   5.39758042][ 17.02514218  11.82614997   9.31109033   3.37051465  16.99398416
   8.09553417 -14.48593433 -11.83488669 -18.71920858  18.59171978
 -19.12987723 -25.3343858   15.9690831 ][ 17.08590092  11.48070993   9.34691395   3.46624184  14.28183117
   7.78559445 -17.59278667 -16.62518893 -18.21585926  27.39670345
 -13.70366514 -24.49727589  15.3680688 ][ 16.7971614    9.056881     8.17238765  10.04722704  14.2371832
  14.31078974 -16.84924462 -13.91617566  -9.45100801  22.63393722
  -8.30648354 -22.55045429   5.65679222][ 16.14332995   8.96824848   8.95827748   4.72851234  17.93137598
  20.39400196 -14.45822391  -9.36101934 -11.93060696  21.33898515
 -21.11087927 -24.85483642  12.40279993][ 15.59054204   7.3244644   10.35931886   5.31238861  21.28504335
  15.86113981  -9.62280336   3.06467888 -13.12010534  23.65309967
 -21.47386168 -26.0569097   17.99721777][ 14.97133464   6.3518428   13.46628529   7.11778672  15.24034958
  18.30446937  -7.09348221  13.44040093  -6.66282772  26.17547359
 -14.29218428 -26.90676568  12.17738343][ 14.40058081   5.63543645  15.61225575   9.54272625  19.99857468
  19.70321196 -12.5021434    8.98770282  -2.89938695  24.93597225
 -14.30052368 -26.67101082   9.91560793][ 13.65587073   4.63497266  14.11910628   8.97294404  14.26949792
  25.30402492  -2.41519605   3.94020143  -5.00567904  17.87639401
 -14.52428082 -23.40625087   4.95794298][ 12.55464627   0.88623118  10.39148034   9.12048399  16.56474468
  24.95834812   1.23609386   1.4560405   -1.30625503   7.45824184
 -17.55597138 -19.53602261   2.38069542]