[ 13.39184438  -5.59082853   8.05842603  31.68909183   0.88504111
   3.95833844  -0.15069196   5.83134795  -2.87320865 -18.28222592
 -15.48366009 -10.01278728  -6.49421698][ 13.81524751  -3.65776081  13.74723868  38.55230209   3.9431129
  -0.15303246   1.43643231   9.40906882   2.4352297  -14.4220957
 -14.25261537 -10.29928491 -10.56646268][ 13.99127605   1.8198503   17.73075399  35.6669883    6.89458305
  -1.71519781   8.81577777   5.54941524 -10.61574903  -8.72839841
 -11.64067478 -11.6228851   -0.75959705][ 14.60168455   9.77993452  19.02942367  26.62204903   5.58567143
  -4.0997916    7.83707769  -0.74591695 -19.83659453   0.57729719
 -12.18351307 -19.33002635  -1.18589834][ 14.89443853  11.40205967  20.07860495  28.19232077   5.9904511
  -1.39986143   6.25478963  -2.5263642  -13.91657544  -3.71973466
  -9.14743973 -14.65222325  -4.49768141][ 14.61227792   9.24410765  18.32170587  25.43051219   3.79358422
   3.8983299    4.46512762  -0.07477317  -9.22266725   0.76667889
 -11.55562147 -20.36250566  -4.09255946][ 1.47326380e+01 -1.97514190e+00  2.30495705e+01  3.20593183e+01
 -1.03407743e+01  2.19933972e+01 -4.89804677e+00  1.21949551e+01
 -1.08680974e+01  3.44091685e+00 -8.07048283e+00 -1.60195218e+01
  2.37344533e-02][ 15.26329275  -8.11275235  21.72950697  38.25827768 -13.77143996
  18.73874486  -0.69705435  10.72570569 -11.84345261   9.33654285
 -20.41461308  -6.98205385   3.33538062][ 18.31938987 -17.72424567  -4.34690293  24.76195783 -15.04481171
  37.9276245   -2.90289931  13.08863049  -4.69230548   9.50116313
 -29.54104276  -3.62799882  -8.32568078][ 18.6712921  -20.45683088  -4.51970048  26.05771181 -15.0293359
  34.25894158   2.18152037  11.77228581  -6.99743219  12.48545698
 -29.87506443  -3.62355248  -8.33179971][ 19.92303552 -25.37140238   4.68718578  19.43182132 -20.60543468
  29.12097558   1.72034828  11.76403617 -18.77223078  18.96907293
 -27.69099564 -12.47190591   0.99954104][ 20.53544455 -34.46787706  11.87085156  36.90556173 -12.6747676
  24.22719212   0.20782227  22.90600753 -26.78774682  17.71310849
 -17.29778427  -3.05539029   0.48757292][ 21.0005028  -29.23360504   3.51739533  24.13573143 -16.98025419
  15.44290369  -2.17490656  20.05887312 -25.75381772  22.819971
 -11.5511222   -5.64251074   5.68288887][ 21.47295999 -36.61346075  10.11876403  34.08675763 -21.69457875
  17.83264986   9.00202353  26.76645033 -30.91003722  22.91424346
 -13.84621902  -5.79181003   6.75599128][ 21.79215791 -38.30594351   7.72001292  35.48181131 -22.0733259
  13.56197066  10.96893231  21.7794928  -26.08929907  33.66179169
 -10.35434008 -10.53486199   0.38230984][ 22.13163174 -37.62134774   3.80118309  35.48883025 -22.60714188
  12.57671293  10.36409664  18.97818936 -35.33701535  30.38051352
 -12.635142    -5.91247957   9.90705802][ 22.05465631 -34.99524508   0.69672628  32.08386063 -25.77133028
  11.07860675   7.00267731  15.97658448 -31.37338622  30.37755215
 -10.44508946  -2.9343154    3.44999259][ 22.1764836  -40.03194027   5.28824248  38.44695712 -19.38333845
  15.30288764   2.95805904  16.00655437 -28.28674242  26.81765897
 -17.21149365 -12.76881249   6.60579367][ 22.16738091 -39.41364301   4.03657788  34.35670234 -18.52134076
  16.58007887  -1.61323892  23.26520689 -29.63251636  18.85115828
 -13.19847561  -0.56887152   8.44419739][ 22.32797252 -39.88126835   5.39209999  39.70757115 -15.90310082
  14.44150131   1.56660505  20.50336061 -37.99440321  16.85644222
  -9.65618671  -7.50689561   7.14532943][ 22.2126481  -35.69037109   7.65585822  47.62996375 -13.7754924
   5.39300615  -7.72142106  14.97719897 -35.92679269  19.02203222
  -5.87330709  -6.34690025   2.10099687][ 22.0034949  -29.44044663   8.76723239  43.34983631 -17.35011459
   5.80987935   0.91439752  15.2504821  -38.53211637  13.87501897
  -8.24858799  -5.72927866   7.2816152 ][ 21.47216189 -23.68400722   5.25015729  39.1716591  -11.78156321
  -2.14998758  -8.67099548  19.5358683  -34.62769778  12.24858548
 -12.04563266  -3.0645704   10.82611317][ 20.84856927 -21.49069932   8.55038512  40.17371339  -2.40879321
 -17.41475951 -10.96522617  16.04270085 -34.43343698   2.66438758
  -3.69181418   2.70003962  15.65034522][ 20.57892031 -14.1743253    3.78876062  45.79757848  -4.20402892
 -25.29795388 -16.68349528   5.01488333 -35.06532588  -2.53445143
  -2.39910306   9.91769215   6.30946173][ 20.94872445  -9.35414125   1.74050969  59.8773497   -5.72718446
 -36.21736797 -17.64326755  -0.73390479 -25.69646287   3.81705327
 -10.42555075  28.98032988   4.88237818][ 21.09243061  -4.02939763 -11.04277259  36.27407258  -9.16475009
 -28.19928155  -7.76031263 -10.46077791 -21.02763348  -3.71359361
  -9.89629252  16.93577704  -3.80841352][ 20.87800845  -1.90981995  -7.54235011  46.09605032 -13.74003433
 -39.61632678 -15.49212795  -9.43337671 -24.95520882  -5.49598583
 -12.76404766  21.68276491 -11.5337828 ][ 20.64303512  -1.16908891  -3.40939752  43.91091415 -11.01675896
 -38.45489104  -9.2006634   -3.87922482 -17.24294426   4.42143582
  -7.53327388  23.14539892 -10.85679565][ 1.99421373e+01 -1.91061471e+00 -2.50087471e-02  4.31489102e+01
 -8.95001013e+00 -3.56153007e+01 -1.68387459e+01 -1.01884148e+01
 -1.65779595e+01  3.69948138e+00 -1.73903401e+01  2.13385750e+01
 -6.44173936e+00][ 19.74551467  -2.44752927   0.83958092  40.83636922  -5.17924929
 -30.72956503 -12.10518243  -0.56202191 -17.92778475  10.27842046
  -7.49723047  24.65356017  -1.71061284][ 19.71306036  -1.17384798  -6.48520761  34.66824067  -0.54562512
 -24.26801551 -24.36577347   4.97700675   6.07451925  -0.3587228
  -9.25925801  23.54718576  -5.20082036][ 20.42441932  -6.34467993  -8.76181946  34.66576864   1.39915378
 -26.29492829 -18.38565795  10.40171584  -1.51393298 -11.24111064
  -9.38917606  13.85195056  -9.14695467][ 20.70941838  -5.66030526 -11.44749883  31.7403455    3.04586129
 -22.61461602 -16.98555206  17.88001557 -15.20043009  -6.61805376
 -14.18817361  26.30626249 -19.2831751 ][ 20.71222515  -4.81176335 -10.19796111  32.36110144   1.41757481
 -22.72562955 -18.15144441  21.14316606 -12.17392555  -5.28680259
 -15.25048944  36.39500329 -14.61174718][ 20.62070879  -4.89969669  -9.66035987  34.01641145   3.0176197
 -24.06861196 -21.84452825  21.16913332 -15.05880022 -11.47811083
 -17.85314005  41.65472701 -14.8136448 ][ 20.22671417  -3.31581331  -8.03696871  33.03811239   4.57380052
 -29.36915843 -24.18322655  17.18124299  -0.54492039  -9.10057533
 -13.59506753  34.59568406 -10.17910029][ 19.58750648  -1.38099577  -6.80391559  28.7659666    9.14159895
 -20.78038337 -23.45951586   9.1253579    0.32932207   0.03492075
 -10.45692981  28.87284532 -11.07714157][ 19.50586214  -1.32866654  -5.07407933  34.15347937  10.76743152
 -26.75656861 -31.38629489   7.41142159  11.14358837  -7.24069134
 -18.78911837  31.54854336  -7.6007355 ][ 19.71065415  -1.05405992 -10.77729169  33.65657481   8.38395209
 -25.31447626 -21.99818626   8.09502131  15.84847454  -5.45950735
 -19.03074079  32.48543437  -3.40184257][ 19.57660423  -2.99753596 -11.64502747  34.86681743   6.02371895
 -22.47933138 -23.00655676   4.75252589  18.59806298   3.50905355
 -15.33591291  35.78182453  -4.1778956 ][ 19.13342253  -3.64471417 -10.38169788  34.63066754   6.15461155
 -19.88973675 -22.42437289   2.07498716  16.14620995   4.89784646
 -17.44033016  26.11709119  -9.72255739][ 17.9732139   -8.28015812  -2.39291211  28.83164212  15.11621949
 -12.68767821 -14.71773464  -1.8640896    1.4450185    1.23223174
 -14.96727706  13.99469176   0.96690648][ 16.72791429  -8.35769565   8.85919784  20.03684642  19.24470412
  -5.12863523 -24.37761462  -1.32391692  12.65795204  -1.4101753
 -13.15204849   7.16491745   3.05803998][ 16.73902007 -14.32268318   9.62779919  29.79517153  22.95054458
  -1.50104544 -19.27239716  -3.25167849   6.97572767  -0.16962666
  -5.88387324   7.7956781    1.37859372][ 17.21497445 -16.82495592   3.93845091  30.198349    23.56595162
  -5.10739626 -20.72710547   1.16238493  14.94870397  -2.86322495
  -8.51501891   8.32646109   7.25761814][ 1.80074919e+01 -1.60676731e+01  9.57096952e-04  3.21842491e+01
  1.87256655e+01 -8.13746664e+00 -1.52983826e+01  5.93024051e+00
  7.34370492e-01 -1.10241005e+01 -4.99602005e+00  1.28860468e+00
  1.01607416e+01][ 18.47103517 -10.16157324  -0.61940622  29.96305302   8.31510211
 -14.76899354 -14.27493513   5.70058827  -2.49198993 -14.86953476
  -5.95090821   2.90971756   5.58983989][ 19.07123968  -7.44522946   2.78609004  37.59464603   5.09179446
 -27.34582281 -17.48163332   4.88542478  -6.88571539 -16.72835025
  -4.61932964   8.0462201   -2.32274326][ 19.28792139  -7.3442587    9.44269208  48.85919851   7.86066312
 -35.90919457 -17.78341216   4.28115162 -11.29304083 -18.62165791
  -5.93449472  13.18941521  -5.49893444][ 19.4027069   -4.84195321   8.60334055  43.15173752   2.51993244
 -38.8130104  -14.6602806    2.11015506 -18.19448992 -21.41988876
  -8.15439838  17.11654958 -10.73653153][ 19.42971602  -1.25504823   6.14412364  37.10447695   0.84746375
 -35.31617118 -15.94011603  -0.32552858 -23.39182441 -23.06772427
  -3.48970283  20.23631313 -15.06968594][ 19.67269403   0.86474605   8.12611787  41.69594634  -6.13169272
 -42.40821867 -14.83220368  -2.18084567 -15.57476089 -24.4501925
  -9.76519827  24.94741319 -14.22941684][ 20.30265606  -0.5866227    5.86059146  43.39483616 -11.88444723
 -39.59758088 -17.13348629  -6.15082311 -23.08988253 -15.50604564
 -17.78983998  33.13125437 -17.86319299][ 20.70610234   0.77701832   3.96574248  43.37266301 -10.49892817
 -36.86991113 -17.10077694  -3.44016218 -19.45536149 -12.90075228
  -7.79333669  35.05138626 -14.82773643][ 20.55992262  -0.6318465    3.71666326  32.25272172 -11.29347756
 -32.60944971 -21.08312358  -2.81400114 -17.65982633 -15.08721598
  -0.47239736  30.18268571 -16.8206658 ][ 20.28646452   0.755614     3.71223553  28.0545217  -12.32998935
 -39.13741614 -23.14978093   1.49842893 -12.39005385 -11.06973738
  -8.14113567  26.55459289 -20.51133079][ 20.03185814   2.07360262   4.54415828  28.6153975   -9.40999376
 -38.64780096 -24.83221931   1.27225999  -2.90855815  -4.13376068
  -8.23998112  33.34219162 -17.70402198][ 19.98036825   2.39327777   3.42270137  26.12081531  -5.4571237
 -32.1488242  -39.32010601   2.32285696   3.27863004   5.14610815
 -14.26989039  32.60540669  -9.46241991][ 20.22363995   2.0265419    2.62730688  23.78904384  -6.62764712
 -39.26524764 -40.96165292   9.99936598  -0.47488974   1.71305677
 -12.59630942  34.67159113 -15.58907144][ 20.57495525  -1.18457075   4.23236099  19.65222343  -4.86020563
 -42.42889495 -38.2490974   10.31268189  -6.22080834   4.25259811
  -7.28621014  35.99538217 -11.01930009][ 20.60896019  -0.44726544   7.57925991  22.22762965  -7.39287712
 -43.07370955 -31.78573067  16.35420803 -11.19999997  -2.28061126
  -1.49118294  41.79366692  -7.67506365][ 20.51327796   2.07383266  -1.66989445  19.80305526  -6.03116169
 -37.57336832 -29.08470798   9.16437587 -11.78954406  -2.11659838
  -0.81977711  30.19551005 -13.75676263][ 20.27174515   1.15702305   0.30635849  28.88998072  -8.16853192
 -34.21822085 -21.02792122   7.67860904  -5.72678336   4.14885911
  -4.5510799   31.0162368  -18.27240433][ 19.88581085  -1.47916157   4.01825689  34.13987341 -12.36919322
 -33.78853061 -14.75800515  22.67679315  -2.27747354  -3.06587576
 -17.59440201  27.12045248 -20.48984849][ 19.36491023  -1.62349152   5.43533662  32.54188989  -5.36877594
 -30.29184325  -6.78542105  29.75142134  -8.54013131  -7.48907153
 -16.56681125  12.01485018 -27.49290373][ 18.69335395   0.14782956   9.63348314  27.4971113   -3.00536402
 -28.97842019   2.01114096  23.9466256   -8.1387298   -1.66825276
 -14.96907531   1.41828525 -21.16176618][ 18.23130363   4.17259801  11.22977568  20.92341213  -3.46491931
 -29.43709418   9.55418863  15.04256808  -5.78960546  -6.40020263
 -18.33510978   0.72769182 -22.70889987][ 17.81730353   8.17827938  12.12760629  18.05694909  -0.6971847
 -19.50504173   9.50180126   0.68530462  -6.17536563  -8.46023583
 -21.06626539   2.35104447 -14.4667491 ][ 17.66073889  13.03511032  10.00434928  19.53305824   1.50273018
 -11.54594884   9.80228373  -1.70685898  -6.65582175  -0.04175136
 -17.68904696  -4.29079745   1.33847621][ 17.47596885  13.81641935   8.69663115  21.52716062   3.10571642
 -12.8866989    0.8267166   11.91710681 -10.68836529  -1.3752102
 -13.2058636   -6.64046357   4.2753144 ][ 17.41042667  14.33895083   8.99351721  20.67719795   6.799256
 -20.36473145  -7.33703686  13.41318919  -6.63128033  -4.16044411
  -9.82086065  -3.78420475  -1.05000739][ 17.45713589  14.90920514   9.23365106  21.3139203   13.8431429
 -16.70459163 -12.26377939  13.2271177   -7.60058759  -3.73502312
 -12.89538158  -6.98043046  -2.20037336][ 17.3939317   14.89168976   8.96320264  21.63387661  14.67888116
 -12.8301752  -16.68995245  12.64549747  -4.99325152  -4.50618223
 -13.99042824  -3.71906111  -5.80678271][ 17.40813227  13.5355027    9.7177949   22.70389734  12.17002218
 -11.27373181 -15.77179725   9.21946237  -2.32067158  -7.37953784
 -15.20510115  -2.87659374  -8.5989602 ][ 17.3792499   13.05264951  10.36332094  23.71890571  10.51387495
 -10.05481377 -17.14523216   6.3583765   -2.94722626 -13.21343299
 -12.80505816   4.50674242 -11.07822928][ 17.36008995  13.192107     9.45679946  24.45555224   8.75899216
 -10.21417089  -9.73783103  12.79429613  -3.90344735 -10.26561241
 -11.73269727   6.43741353 -13.73850226][ 17.30450042  14.79324061   9.23568475  18.27253001  11.64943231
  -9.44204854  -7.6544401   18.47492017  -4.03608189 -14.66505269
  -9.51582163   1.74753625 -18.70094312][ 17.31938478  14.1610801   10.06435857  22.7941399    8.6245757
 -15.72265236 -15.0485631   12.42680244  -7.87926365 -14.53404299
  -9.19595103   4.07679563 -16.60422006][ 17.33922275  14.24770439  14.66197583  25.40823181  10.78063586
 -15.26744831 -20.62078209  16.21881945  -0.88386295 -20.67669478
 -12.15552603   1.43421507 -18.42748665][ 17.3274996   13.08419663  17.25773607  24.52575264   7.19069166
 -14.76861117 -25.19282488  19.80815057  -5.26541749 -22.94993379
 -10.08061933  -2.61313192 -23.72366418][ 17.23325935  13.30225049  18.5382946   25.32171117   4.05669807
  -8.94590437 -25.19792621   9.81708678  -0.8870113  -20.88335967
 -12.1409479   -2.25237557 -25.41766441][ 17.02348509  14.64287673  18.50768499  21.28746082   1.85087107
  -6.11051487 -17.59843993   5.84361953  -1.10572253 -14.43592452
  -2.85195304   3.1214036  -18.12024772][ 16.76841424  15.787073    19.44607548  15.92915929   4.73826425
  -7.01233236  -7.40156396   6.25213266  -6.73271853 -13.21617206
   6.67247773  -2.46224321 -19.19611945][ 16.30920367  12.95829875  22.58759653  23.39643403   7.63920139
 -10.59551358 -13.3208677    6.29093964  -3.50888153 -16.032461
  -1.97592824   0.34159375 -18.4868904 ][ 15.77173094   9.0395471   24.79873785  25.4113321    4.14170725
  -1.30244752 -11.07508948   1.45442586  -4.37674318  -8.5015128
 -10.19783135   4.1735785   -9.85401144][ 19.07566231 -19.16298119  -2.0475824   43.76536819 -11.20795711
  30.75001717 -19.07816038  -8.30597398 -13.7578694   18.72663389
 -26.39282154   0.76474624   8.25033461][ 19.47865922 -24.22238664 -12.20232403  31.24384316 -21.25838258
  25.05715735 -16.41878319  -4.03872837 -23.73446397   6.04670985
 -36.53408262  -5.38620797  -2.44417667][ 19.61585909 -29.71750318 -13.95597069  24.55326743 -23.08057596
  20.5705314  -13.42168714  -1.12954898 -18.01197455  11.79251049
 -31.28332678  -4.55169875  -1.55503902][ 19.56081859 -29.955313    -4.93483093  20.61813333 -24.51718492
  17.08744253  -6.68124864  12.13321839 -18.98876483  21.55911901
 -23.68703317  -0.8117046    0.67763807][ 20.04533859 -41.25111881  -2.95907995  24.54824352 -33.36206542
   7.62664014  -2.1343051   12.78876698 -22.13305214  26.38843309
 -19.22437202   3.61475731   7.52819991][ 20.73859947 -43.84347316  -5.87308518  23.9421952  -33.4526234
   9.64990126   7.19790415  15.28111616 -21.79427422  20.17230119
 -13.6870723    2.72051311  15.61462788][ 20.99779265 -43.52438448  -7.51446419  23.67014733 -35.22136679
   5.80452865   3.63411045  12.3236967  -29.47159641  15.19383851
 -16.34467415   1.72274092   6.23789362][ 21.25009672 -36.26271923  -0.40979161  27.3101654  -27.38857386
   5.83778522   0.37141769  16.09485287 -20.41085182  19.68574478
 -14.68820971   1.9436702    6.96450168][ 21.55767299 -44.34682433  -5.93453373  28.56211829 -31.31347741
   5.32536495  -5.86701262  17.99575752 -27.79687773  19.33674557
 -11.6564404    2.85923796   9.42527748][ 21.58081945 -42.35530477  -1.64937283  29.96501162 -28.46520245
   3.23968535  -5.59885084  23.30238755 -26.57795831  20.66866309
  -7.91233305   2.90780267   8.41397351][ 21.39121    -36.51528652  -2.04520816  25.05661138 -22.09121241
   3.93833368  -1.96082098  18.34333022 -25.74473509  17.94523978
  -7.99492342  -2.17644605   6.1921799 ][ 21.26906204 -45.31366223  -2.94380776  30.01027023 -25.88637695
  -0.93662842  -4.91461819  22.75221719 -32.06971793  13.9775838
  -8.43864975   5.43724071   7.13829201][ 21.17844856 -38.5681694   -6.90385452  27.24717885 -17.75662265
   0.92828867  -4.47678262  19.39215748 -29.86391464  12.02565086
 -11.00293222  -3.42559819   6.25622389][ 21.33163463 -34.07240837  -6.39269267  27.26166449 -18.81740124
  -0.48309468  -5.37378426  25.7729377  -28.08065284  14.86581259
  -4.24996849  -1.59503565   3.09497459][ 2.12689255e+01 -3.46745162e+01 -6.58211836e+00  2.48264976e+01
 -1.60879221e+01 -2.25673982e+00 -7.86509882e+00  2.53815236e+01
 -2.73247441e+01  1.02120705e+01 -2.15633746e-03  3.83422099e-01
  4.52532497e+00][ 21.33538161 -49.80984075 -15.10286372  24.17900004 -21.51381297
 -10.20287247 -15.9810639   30.88823035 -26.06459194   7.76252337
   2.11899217  11.04367672  22.92125626][ 20.78151904 -41.00695761  -8.21101569  28.36885417 -14.50228499
  -4.11725337 -12.20732316  27.07561286 -25.67408846   7.28161325
  -8.91174224   5.31628181  12.08210596][ 20.46767503 -33.98105836  -5.31260829  22.39883979 -12.54150369
  -0.07264828 -16.46381825  25.8584657  -23.48295943  10.78850812
  -5.94498653  -1.65209844  -1.00805635][ 19.89955716 -36.64267858  -7.00317001  26.12982221 -12.88633942
  -5.40727327 -17.85600196  27.67562771 -22.4372772   12.55467915
  -2.29803814   8.18372012   1.23738979][ 19.62549956 -35.45812406  -1.39963264  38.09487724  -2.48434709
  -6.17935019 -16.35348785  34.58284237 -18.08618105  14.41725074
  -6.78533743   1.16124663  -0.58087127][ 18.9215071  -30.99917785  -2.79824734  45.35134714   3.99475767
  -4.82219058 -14.67215159  36.2263042   -6.14364275  14.51534032
  -3.73232903   9.95458159  -1.3458951 ][ 18.52633684 -23.35375901  -8.34338626  27.68646332   0.06556579
  -0.48435619  -9.09506892  38.64893199  -8.29050253   7.8165097
   2.51241188  20.79418925   3.17654825][ 17.44722265 -21.48423264  -4.67591715  41.70473822  11.56065645
  -9.51384951 -16.96011582  32.04403916   5.81902921   8.75961929
   0.91694466  23.06923862   3.73734557][ 16.79322706 -17.9600054   -3.76928501  37.25588383   7.03109974
  -5.75717433  -8.2840621   30.26844043   7.05502205  10.52437118
  -6.59132587   8.89963516   1.55954694][ 16.13265074 -17.91692574  -8.91747115  38.17796092   7.26469506
   1.34645064  -8.24425173  33.18049905   5.902399     8.6983965
  -0.3999167   10.94092168   0.84359831][ 14.98420229 -11.67450389  -6.51244537  33.51196808   5.92265405
  -0.50563216  -3.89467513  27.68835135  -0.47367836   1.14903294
 -12.5720808    2.66709732  -1.17088274]