[12.82594158  3.91272254 11.29609413 16.86680762  7.17610805 -6.56466391
  4.00372774  1.87876148 -9.70640293 -1.35583772 -0.32060149 -7.63595466
 -9.82491776][ 14.45428655  11.07076989  16.07659186  17.71831403   7.43807757
  -7.46943501   0.67619711  -1.90836826 -20.03216754 -10.19752988
 -11.95482524 -18.34084981 -11.27190493][ 15.03647885  13.59690928  17.19495735  18.25157989   5.24007895
 -15.14755523 -16.1819288   -2.69939212 -12.98863261  -4.42665364
 -22.03585848 -29.98888196 -15.91015708][ 15.17727985  16.33953706  20.45297795  19.29092272   8.58289916
  -7.57980166 -12.70239509  -0.02716865  -4.38099606  -1.72903507
 -22.81212365 -23.74563024 -11.65004948][ 14.81188617  15.31401433  19.11246562  13.77734385   5.22086045
   1.16536307  -2.75754543  -1.31081978  -9.93966298  -2.20905064
 -15.53577196 -13.71521762 -12.54104402][ 14.43587673  13.61880171  19.91999901  18.20855947   8.40529594
   3.28398145  -3.56736699  -0.49948343  -4.2198426   -4.32809964
  -9.19433472 -10.92796401 -11.22656603][ 14.39653945  13.95759798  18.90013101  15.74554704   8.54674099
   2.87129157   0.54762769  -3.95528777  -9.24147564  -2.19903146
  -4.53004287 -10.7603616   -7.39071614][ 14.52453997  14.66253061  21.82924801  15.68279167   8.48428369
   6.71525133  -0.90270768  -9.47102821  -7.3350027   -5.81883187
  -2.98867258  -3.02258952 -11.62204705][ 14.68804854  13.97984859  20.14780129  19.31098883  14.50369445
   6.88098894  -7.56892975 -11.26916211  -3.16800617  -2.4744575
  -5.21336448 -10.85467888  -7.29722889][ 14.65585886  13.83290042  20.90178973  18.91274094  13.6582882
   6.8936437   -8.2695604   -8.74914029   2.55895766   3.70175768
  -9.7816125  -16.06586996 -16.06772653][ 17.11089362  -6.93714492   2.20453536  12.07326597   9.40802494
   7.49584297 -14.93915473  16.31096333  -6.6736448   -2.20892901
   0.91651635 -11.15594921  -3.92049493][ 18.27950445 -10.71484331  -3.89564174  21.95334941  -8.03966211
  12.48099737 -29.63738165  19.28762744 -10.17864721   1.88986923
   2.04372609  -1.99816297  -0.40059976][ 18.47099973  -9.15409193   0.79304302  22.21392896  -7.01955044
  10.32541364 -32.00632435  15.38026627 -14.33973098   0.34015758
  -3.6561836   -1.34604303  -2.38320817][ 18.01558856  -5.22772958  14.59552802  21.65766933  -0.23880411
   3.91961932 -39.90474208   3.2902212  -14.47704038   7.2116475
  -8.05121012 -10.86817195   3.47200067][ 18.63857992  -4.48822134  15.89228272  23.42522263   3.02006199
  -1.5946292  -48.83934404  15.55491954 -20.04900883   5.37582407
 -11.77917352  -9.60519702   6.70282149][ 18.78471442  -2.94468164  14.77151476  20.93738995   8.82266827
  -1.6936434  -44.53874647  16.4936205  -19.30679811   6.09635683
 -15.51985062  -7.98336661   3.09808671][ 18.73010855  -1.15647676  15.46213249  18.73434459   6.28334121
  -2.71824539 -39.89316668  13.88368168 -15.58657044   0.30577253
 -10.60518192  -4.78929283   2.17640174][ 18.6305158    0.41896663  13.79954767  19.61839982   6.00892405
  -2.70326599 -38.28514794  17.50747704 -12.94245811  -2.05854395
  -8.85918469  -7.73836889   7.36771102][ 18.56786532   1.53774408  11.52062717  18.82243748   2.55366953
  -6.44497551 -40.30983808  17.69492022  -9.94511808   1.36274545
  -7.84511837  -2.85727479  -1.93044712][ 18.48576294   3.34812674   8.43879745  17.8968759    5.96746016
  -6.6951369  -38.88646962   8.96751189  -9.81035856   6.99392599
   1.02092452   7.35607397  -2.68958315][ 18.34315553   7.48922325   5.28066204  14.92945235  -0.2119297
  -5.62585692 -34.6642592    0.98387806   0.10681984   8.30640096
  -5.58710275  10.7176764   -1.98497748][ 18.43763299   7.45469431   4.02962694  14.58414367   2.76714852
  -5.78375098 -42.1898444  -12.03905007  -3.65332555  13.70528748
  -4.63976122   5.36539408  -9.95992585][ 18.46563607   8.66087124   4.71455973  11.48775849   0.62137117
  -5.23385696 -39.09958332 -13.55025397  -0.21432906  17.1295451
  -6.28535896   6.51571725  -8.27884808][ 18.3518767    7.70604631   5.87592905  10.88205401   3.54872548
  -2.89033465 -44.01677391 -15.76414324   1.24222652  19.33990509
  -2.61068632   0.94342618  -9.95066622][ 17.9653253    6.3830646    8.92437883  13.19176894   3.78682773
  -7.26772169 -39.95577363 -16.52966946  -2.10254706  22.40592441
   6.1848781   -6.47508922 -12.22680672][ 17.62191952   5.11221624   9.25086356   8.54705123   5.1713936
  -4.2174604  -29.56060169 -21.17318085  -4.541225    18.75076087
  10.64515038  -0.71988877 -10.28329448][ 17.12983577   2.98968966   9.72684859   9.52627778   5.45677984
   0.32858728 -19.02028243 -18.75401001 -11.87959367  12.72067559
  16.7061732   10.97622885 -11.90263263][ 17.03066831   3.77749777   9.38253121   6.32494002   5.2530789
   6.00354528 -11.46073709 -20.41904562 -20.90736524  12.30318855
  18.00951367  14.51896045 -12.02763884][ 17.0121394    4.35928579   8.10070468   3.84237325   7.67717236
   8.10209823  -7.65852931 -11.95941585 -25.88621398   1.24948069
  11.28391332  17.80521955 -12.0666502 ][ 17.09508868   5.19288748   6.19248289   4.35871362   4.69446032
   8.8981964   -3.62387161  -4.08783788 -25.81417178  -9.31734092
   9.76790761  24.42992577  -6.88254354][ 17.35827229   9.67765537   4.72277276   0.97841331  -4.68938278
   6.96340317  -3.07848144   4.02024661 -16.50027011  -7.14324635
   4.16805371  22.23057782  -0.87761537][ 17.90807521  12.75769905   5.26659182  -7.90935836  -8.4544865
  11.91041682  -7.89312317   6.25067466 -20.00776132   1.23240579
  14.2129782   19.5891593   -6.75045174][ 18.31719791  13.39825834   6.48497865  -9.67908446  -4.11249516
  10.94962234 -14.1484048   13.04630953 -19.98404732  -2.31621795
  21.64413901  22.50632106  -4.23732038][ 19.46208762   1.0208464    9.61309082  -7.63028613  -7.40863533
  25.5648691  -25.32507447  12.58079617 -17.06387011   6.10476313
  10.90448685  16.24593126   9.85963006][ 20.13465182   1.83030852   8.47643852 -11.91612635 -13.51510049
  15.26179322 -22.8320914   27.73142975 -20.07983552  -0.18039559
  -0.45001211   9.31387197  -1.57065682][ 20.4200806    4.20685517   5.09760207 -20.18853909 -16.70534847
  18.7162197  -28.17146722  37.18515754 -14.87561083   3.2056274
   6.44286368  12.68265589 -11.0404491 ][ 20.4615       5.84472149   0.14335846 -24.49774089 -13.69000754
  19.78105761 -25.10739249  33.92216676 -16.22590267  -1.14199172
   7.39308935  15.47763561 -14.75678424][ 20.4986537    7.37270132  -5.32123359 -25.33581941  -9.91696467
  23.19754713 -22.86879071  23.92703265 -17.86312014  -0.2617888
   7.66361075  11.88593986 -15.00389988][ 20.61463262   6.63437093  -6.21910234 -24.95778369 -10.51161545
  23.9553585  -23.36478921  26.10959178 -21.70687925   2.85622942
   4.50671165   5.24273724 -15.52202258][ 20.61644069   5.06871865  -4.4722761  -26.05965553 -13.46566041
  26.28642874 -19.90212567  29.34717643 -20.70734431   4.24761969
   5.69638208   3.94956316 -14.87161634][ 20.24440275   3.19950776  -7.36107822 -22.50995177  -6.63934515
  16.47783297 -17.67112538  29.8806616  -16.67861861   2.09537133
   4.74930162   3.40320663  -7.98236972][ 20.22542917   3.98176613 -10.04784355 -21.88881895  -5.33636166
  22.26856725 -19.94054812  32.66649634 -19.54819059  -0.81149344
   4.87705447   2.87987634  -7.94704449][ 20.12241285   4.58327508  -9.82254807 -20.81975208 -11.76645501
  27.71910193 -15.89669265  34.5879791  -25.92391061  -3.85351789
   7.70115743   3.91850216 -11.19340021][ 20.05303703   4.18178969  -6.46985341 -24.0620651   -9.84418125
  30.91245844 -12.69955984  37.23204786 -23.8862914   -1.10357483
   3.51643663  -0.72552602 -14.65051447][ 20.00676857   3.1707495   -5.02077701 -22.57593604 -11.03372167
  32.67718447 -15.47199525  44.64579002 -24.47662973 -10.18274435
   2.94765343  -0.41895786 -19.66447895][ 1.99372080e+01  2.65116654e+00 -1.94693118e+00 -2.21428647e+01
 -1.37125862e+01  3.17135717e+01 -1.17085981e+01  3.90559288e+01
 -2.85377811e+01 -1.07251047e+01 -1.33619742e-02 -5.23231925e+00
 -1.87415644e+01][ 19.6848594    3.04521006  -4.85724589 -16.6017751  -12.68494628
  33.4296068  -10.30662816  36.38030785 -31.52801203 -12.20200871
   1.38630343  -2.72044299 -14.97322249][ 19.42156633   4.89431877  -4.83785077 -17.74660219  -8.76140044
  36.42465683  -6.27374949  26.75673635 -24.05811353  -4.19087841
   1.25702655  -6.75606438  -8.70313106][ 19.03587504   7.96551481  -5.38572256 -15.25874496  -7.36552466
  37.66054038  -8.31556652  20.7593069  -23.21506002   3.28137914
  -3.67217608  -5.42475323  -4.63749067][ 19.05892147   9.68361907  -2.82870667 -14.4235081  -15.21562469
  30.80077546 -15.676356    19.61506908 -33.61527659   7.2555903
  -9.52614503 -10.40664436   0.39390785][ 18.93674148  10.69727287  -2.04882401 -13.36971555 -16.04408721
  28.21699429 -14.82868333  21.85611089 -38.74636919   9.63562598
  -7.71227599 -10.31186594  -0.82318407][ 18.67195286  13.03777922  -3.66884863 -16.2744295   -9.47976701
  22.7262745   -3.56272424  14.57002845 -35.84719115  13.69311409
 -10.62612966 -11.22127988  -4.64064238][ 18.35012823  13.87472474   0.19939473 -14.670015    -7.39790192
  26.70184218  -5.94410606  15.87490575 -31.1081807   13.87934011
   0.2267808  -16.34004241  -1.00805672][ 18.0766624   13.23018204   1.81905309 -15.89003705  -5.83413617
  29.267696    -6.72611065  15.1925614  -31.61309432   8.47653828
  -1.7843589  -15.32631054  -1.08019403][ 17.57046492  12.69550595   6.40118062 -13.02277841  -8.12529874
  26.0285503   -6.89584059  23.33054567 -25.06588382  10.99990697
  -1.07233432 -10.45416093  -0.74571732][ 17.17384956  11.35841016   2.77132192  -8.14131819  -1.66701171
  29.57266398  -1.13847502  15.84479349 -14.91442025  16.0117108
  -7.25622311  -8.05375505   1.9126674 ][ 16.52752181  11.1110467   -0.96096192  -5.48026332   2.86237113
  29.39029555  -0.6256626   10.324723   -13.18504149  14.1950437
  -2.80624299  -4.97287962   3.69270638][15.73373167  9.15878286 -1.2743793  -3.74421824 -2.87241479 28.41203951
  4.21154691  2.59130333 -2.25781862  7.4999894  -7.82243888 -1.1642022
  5.9442866 ][14.65740912  0.42853294 -3.18324904  6.96361169  3.76273951 28.61850746
  9.74007791 -4.06098233 -5.01984081  1.79791106  1.58757751  3.07316656
 -0.23518289][ 14.21715104  -5.30173663  -6.09705413   5.89355146   2.43895991
  22.45714057  14.89507225   7.51395138  -3.53069003   0.0843276
  11.2692774    0.33929132 -10.75802482]