[ 15.86444947 -13.08885512  -3.93387951  17.36771794  -6.46865262
 -14.34888141  -3.19595054  20.62229651 -21.09045324   8.03016211
 -14.57100441   8.50017635   0.90431656][ 17.46813041 -21.75832165  -7.53191428  13.41063034   0.05034391
 -10.0661886  -15.19258577  22.53482295 -18.79035455   8.71668754
 -17.95248096   7.77444822  -3.32986298][ 18.20239844 -24.30017618  -8.71298862  18.08897165   4.25684375
  -2.49700978 -20.07666499  19.45899601 -19.57059741  20.16893341
 -14.88531848   2.4333697   -7.76942335][ 18.7984605  -27.2219713  -14.82661968  18.73486648   4.59386466
  -4.87139963 -29.34727318  20.94335722 -14.74385089  16.25903716
 -13.39669532   3.1648272   -4.03208544][ 19.20996194 -31.17020471 -16.46506041  20.54776338   2.67366486
   1.69969313 -32.48402259  24.95091464 -14.3828725   18.65397723
   0.35115691   3.38827961   0.47395027][ 19.54615928 -30.84978486 -17.15253586  19.38792963   0.87061289
   3.66254635 -26.92934077  27.94663328 -11.97753075   0.5672401
  -7.36748019  -4.97147395  -5.96284097][ 19.91422019 -31.24740207 -17.19746538  22.64168019   3.14434082
   6.63981158 -21.55468245  36.12862943  -9.58469102   3.57047852
  -5.60701304  -7.25899186  -1.49513267][ 20.11070718 -31.70330803 -14.11040583  21.74120834   6.38263415
   8.49635617 -16.95537379  31.78166602 -10.5736555    2.37671708
  -4.85804643  -9.49797119  -4.72909891][ 20.3805027  -28.12913524 -13.35306219  19.75157695   2.25619854
   5.08579387 -21.11336397  33.58092428 -11.74139349   3.26114419
  -2.07621658  -4.17715358  -5.08269652][ 20.45601886 -30.60005594 -12.69057718  20.66997106   0.84187676
   7.17405977 -18.37278569  29.08671217 -21.44690725  -4.28599709
   1.22745474   5.58393901  -4.79312397][ 20.71461673 -34.73169896 -20.77373583  24.69181397   0.76298125
   6.64476692 -18.94436204  25.87687447 -17.2342662   -1.11564174
 -10.16441431  -1.1956827   -9.51298439][ 20.85335096 -27.96634157 -16.3203726   23.52048687  -3.31592344
   2.85888202 -20.15989168  22.24657969 -15.95541853   0.14193004
  -0.57426386   0.98348713  -1.25304833][ 20.98356208 -29.47483817 -17.65746581  21.98108134  -3.4447088
   0.9538867  -19.12599369  23.30347906 -14.45304867  -1.75752882
   6.35815031   2.18991127  -4.25793142][ 21.01756865 -35.39933669 -21.72243762  19.49024144  -3.89543764
  -1.07644741 -16.82460448  24.62240331 -17.51325328  -3.12783162
  12.83260686   3.90169582  -6.7699843 ][ 20.95865199 -36.49175555 -23.41469078  23.55700722   0.59041586
   0.30408524 -17.78407208  20.09884599 -12.06355188   6.21025861
  10.33101557  -0.8886894   -5.22610262][ 20.90933614 -31.64272271 -18.33432691  22.24380344  -0.9088086
   2.05463667 -19.32830916  17.49872329 -14.10157008   6.72986666
   4.12657571  -3.91284663  -3.05650973][ 21.07086814 -33.0707381  -18.78911076  19.82797432  -0.35763446
   2.64609449 -18.89468793  23.67153548 -15.96927121   1.97331712
   3.05916455  -3.40572274  -1.33238311][ 21.18421974 -32.82325209 -18.1204936   20.44438059   4.01046137
   5.0501581  -15.14453896  30.88728129 -19.99763341   3.0463202
   3.68486573  -2.77559162  -2.72319276][ 21.15220965 -31.76700626 -17.76810109  22.27999257   5.93276259
   3.46519792 -19.89824426  27.62465181 -25.58401724  -0.78833224
   0.17768164  -9.59694112  -5.24493405][ 20.72696968 -28.25130984 -15.82534392  22.87886183   6.20610039
   4.45024502 -17.25926709  29.03595624 -22.48404414   8.84812893
  -0.12136039  -4.66149007  -8.98444362][ 20.12977983 -21.92953606 -15.45595355  17.30454431   3.55447919
  -0.82150982 -17.94391563  25.26492919 -26.83806007   4.84729879
   1.28173745  -6.38664583  -9.57342645][ 18.46770644 -10.09533585 -13.37420125  20.17120849   0.2204039
  -2.0000059  -18.50615934  16.99194904 -20.36949851  15.02013772
  -2.62489963  -4.24594849 -13.27033834][ 18.29126255  12.99035367  -8.58973838   5.59229615  -1.00763159
 -17.27808253 -15.80899697  10.34627869  -7.36705498   7.91881989
  -4.29590643 -15.24350002 -15.67156432][ 19.37039349  23.05756534  -4.66532875  -8.36820472  -1.70036589
 -21.23085764 -29.37407956  15.56807354   0.53520087 -11.80779977
  -9.00046262  -8.1961673  -10.62095874][ 19.78216924  25.54453595  -4.02263509  -8.33681058  -4.43273549
 -16.91362017 -27.98521932  13.099056     6.76268531  -2.52915988
   0.58901184  -1.49208828 -15.939614  ][ 1.99460956e+01  2.30478627e+01 -4.23746644e+00 -1.41631181e+01
 -2.21342623e+00 -1.46272473e+01 -4.31413338e+01  1.86440861e+01
  4.76660155e+00 -2.56380212e-02 -1.03512764e+01  4.19049504e+00
 -2.92957364e+01][ 19.60361163  20.49266503  -0.63294461 -12.07955218  -1.46058635
  -6.72629259 -46.64572932  13.5655922    9.7258923    0.54749639
  -9.03102137   3.67998285 -32.60236941][ 19.4460019   17.88159518   0.49051566  -5.5375334   -4.04325231
  -7.04947017 -50.94769467  16.2413301   11.69618823   5.42464411
 -15.27006133  -0.37647517 -28.21760781][ 19.29213849  15.39400414   1.61069493  -0.0960953   -1.9110074
  -7.19136605 -48.0051196   19.55729134   9.47523197   9.65930861
  -5.64983391   0.67323811 -38.51138722][ 19.29867073  12.23587037   1.62524092  -0.60541714  -3.12625197
  -9.90398349 -41.49206462  19.29944727   9.80724574   6.62358091
  -9.14009078  -3.19826781 -27.76182899][ 19.15101334  11.463183     5.26598022  -1.96572922  -4.21749981
  -2.85015894 -52.12429945  24.56312651   9.0720805   10.11112764
  -9.98878983 -10.58497882 -20.11892208][ 19.01595746   7.97160294   8.75142057   2.25537239  -5.45444127
  -4.94873955 -43.15289235  24.16491607   4.37328947  14.77625751
 -10.87127127 -11.96763725 -14.56998326][ 19.10305446   7.81879196  11.5633464   -1.27163522  -6.38761292
  -6.94584467 -39.24095526  27.84384349  -6.18427994   5.96973014
  -3.3474382   -7.87544626 -15.96171797][ 19.19391498   8.12469751  13.57079885   1.07369715  -5.47677661
  -5.92485705 -44.232977    31.95361457  -3.57235002   0.37848375
  -8.71532312  -5.21033465 -15.24294516][ 19.20538207   6.06605431  14.73653695   0.59000771   0.93901155
  -1.95914142 -48.52104511  28.23691507 -13.84506583   7.79848053
 -14.64584909  -0.93549275 -11.77287673][ 19.18879119   5.08285758  16.28679602   6.4658589    4.2687124
  -9.88417529 -54.39880561  34.14176554 -16.033212     5.11911247
 -12.89093066  -4.21084878 -14.21539199][ 19.32509687   5.86576714  15.20775095   8.53024037   6.10885
 -16.05588818 -59.81627651  35.73184641 -16.75024747   4.12979848
 -14.67298966  -2.15511708 -12.32282764][ 19.38918604   7.58001884  15.06865412  16.67669808  -0.13381151
 -29.12679849 -54.20699246  26.67362155  -6.41528137  -2.595888
 -14.17015879   4.19494892 -10.42950847][ 19.37477818   8.03424738  15.5035276   13.93403789  -1.5076389
 -27.85705767 -41.50648548  19.91562419 -11.82922422  -3.6641147
  -9.3519693   13.36341287  -6.9194231 ][ 19.20191211   7.88374446  14.96895106  16.61181318   2.40257056
 -25.74714453 -44.849034    20.9182763  -10.88420462   3.75723838
  -7.70540941  12.05104786  -6.36949371][ 18.55801295   5.67555313  12.55513108   7.94971787  -3.63718587
 -16.93801948 -28.80512184  21.96867007 -21.05809838   4.79348233
  -0.91331952  16.21546016  -9.8656264 ][ 18.7921721   -6.64777457   8.35640741  27.53861358 -14.5181603
 -21.77511907 -16.37283292  22.13094515 -16.00259991  14.2549365
  -1.17234344  21.26178161 -10.72600491][ 19.59651103 -18.20713515   4.09472506  31.39463011 -13.08387469
 -10.03810556  -9.49252953  25.46992738 -22.50082694   9.07552185
  -5.23370671   8.92803545 -11.92489   ][ 20.23515677 -24.467913     3.41608101  30.42290015 -14.15006239
  -5.26252585  -9.9865998   23.55557397 -28.20406208   5.01306521
  -8.80824195   3.84170758 -14.35412573][ 20.74765661 -30.38461271   2.67463861  35.32342577 -10.63861979
   6.27778192  -8.15847076  29.21867134 -28.74832851   9.8127035
  -2.45634794   1.16865757 -18.30664096][ 21.2296183  -34.52404153  -0.46742763  33.10941042 -18.82074095
  -2.99173081  -9.62107211  36.29516269 -29.72087343  12.1078266
   1.96652444  -2.54740486  -5.00438929][ 21.25016188 -33.71141247  -0.77197939  34.7668643  -16.5165145
  -3.52186316 -11.50722236  33.70827497 -31.01551311   5.90110486
   2.33990279  -4.63563175  -4.9144529 ][ 21.40309114 -32.13500357   2.07951411  36.1965595  -19.04595022
  -0.51677744  -8.55619029  35.129768   -35.56811191   5.42814038
   5.0519715   -1.59385573  -3.09604244][ 21.29393234 -31.67871824   5.66590669  38.96905324 -15.603996
  -0.66838964 -13.20990808  25.745137   -35.22009178  -4.63670351
  -4.8696828   -6.63306301  -3.31040766][ 21.63747162 -30.33840619  -0.9783255   38.31285202 -11.19468773
   2.21735616 -11.87275241  22.20057383 -42.22508158  -3.15399816
   2.05209267  -5.51910423   0.88279431][ 21.72939822 -30.69302105  -1.45884431  33.41318537 -16.49772243
  -3.65745607  -6.6226156   29.53002136 -35.94411554  -1.84071784
  -0.90538134 -16.27911118   1.12046727][ 21.75871875 -31.08765182  -2.50694124  32.23002626 -15.76308467
   0.5711913   -7.46709106  30.89647471 -33.1310562   -2.77737271
  -1.25285702 -14.14822019  -2.65861075][ 21.71907202 -29.09874986  -3.28749315  30.88571807 -20.05690206
   2.28294835 -14.01280589  32.39795842 -31.87340229   2.88740487
  -6.38504987 -10.32393049  -7.16195771][ 21.81074751 -30.69329519  -4.6400819   31.28096826 -18.87712264
   1.9062217   -9.43968053  35.60439748 -23.08399002   7.50973148
   2.87078435 -11.06276571  -5.90457228][ 21.69319596 -30.64382853  -2.28362754  40.12765474 -18.66865331
   1.26860179  -4.79079007  34.81740905 -25.28277711   5.13607896
   1.92122491 -10.17778119  -7.47015743][ 21.54563559 -32.66525975  -3.08065077  42.517132   -21.27801954
  -6.91077584 -10.12018087  36.72579509 -27.32954735   0.14941023
  -0.25215413 -15.23089829  -9.14366131][ 21.45088044 -26.36217231 -10.51736658  30.84309141 -18.62802932
  -2.30047568 -11.60531101  21.10988211 -32.14974918  -0.10973454
   4.846207   -12.47839152  -2.07305526][ 21.27982168 -27.01551429 -10.71831337  33.82356636 -18.24498601
   0.29820247  -3.74808696  27.51072596 -23.94708922  -1.10174035
   4.41415503 -10.45336528  -4.53160697][ 21.32817389 -26.64342961 -10.25025821  33.71934896 -24.45511462
  -5.35034524  -8.44610864  21.01233925 -28.6787478   -2.62005783
   0.37859305 -11.65406712 -10.37690792][ 21.41051672 -30.75437289  -9.1859194   36.5790918  -19.86882932
 -10.0683216   -4.09047614  29.1648678  -25.42179825   1.10549538
   9.16553116  -5.6819042   -4.33275863][ 21.51169405 -31.0626834   -8.99801785  36.67612666 -19.13761855
  -4.09505799  -6.43568145  32.02564585 -22.66689066   5.94045163
  12.33998322  -0.84310517   3.41736749][ 21.44021593 -29.40104783  -6.82045548  36.22271872 -22.17720789
   2.32518446  -3.86250187  34.45508829 -27.06949028   7.39799021
   7.85678682 -13.00554749  -3.48430681][ 21.38236101 -25.10429576  -9.25859946  30.40389169 -25.64018534
   7.24381995  -7.93697378  27.00610542 -21.73451023  14.27811049
   3.33967233 -15.51201208  -0.26998325][ 21.25604588 -31.89154418  -0.0748094   40.25925532 -30.56705906
  -5.78765718  -0.50591036  34.34578974 -24.6053693   10.15228736
   8.76308491 -15.21590045   0.82579984][ 20.9688886  -31.38219391  -5.45129568  36.97749801 -27.7882909
   0.89984179  -7.3391496   24.66345119 -28.46951558  16.87289198
  12.58180529 -11.04970536  -1.78747749][ 20.22610051 -32.55354996  -2.58272495  39.62394487 -27.02262545
   3.81142161  -9.4323816   16.45796207 -30.090986    18.7085684
   3.18471505  -5.50401203  14.34037994][ 19.63824344 -35.86500309  -3.22980846  39.78942569 -25.65824836
   8.98953713   1.91614755  24.41578171 -28.32904875  18.47152151
  -4.34393663 -13.94885606  10.22855774][ 18.14048232 -27.04551012  -5.69585301  30.23259234 -24.87505751
   8.87160382  -3.28776351   8.97118242 -28.6050413    9.76329633
   5.02093316  -5.64037858   7.54152546][ 17.07243829 -30.01187287  -6.0852651   28.05374364 -26.52968755
   9.13921279   0.66993105   6.90368781 -28.82486843  15.90300837
 -10.45529334 -11.10059459  10.24312943][ 16.00036506 -28.23403923  -5.81128847  29.22718474 -25.72417667
   8.70480109  -2.33924764   9.93854073 -11.08318952  18.79197557
  -0.02988736  -6.17737663   9.76173541][ 14.97473526 -37.56768538  -4.53015171  27.6088354  -25.81954367
   6.92207034   2.2712803    7.79051845 -13.21276356   3.49283322
  -1.79904637  -8.1730815    1.30311835][ 15.00122914 -32.82072031  -3.69502164  25.54461851 -24.16047214
  17.42924687   2.01865659   6.08120406 -15.2134742    7.24999872
  -4.08420308  -7.26185063  -2.84761072][ 16.01734173 -32.33520559  -2.18698998  19.111244   -35.67072984
   5.81086103  -1.4487171   -1.53535628 -16.3050934    6.06192931
  -9.48017596  -3.55958123  10.22796451][ 17.66486965 -34.00379854  -6.87112805  24.25818799 -37.91400634
   8.7537166    2.23662908   9.53899919 -28.30368037  11.05996862
  -9.31987646 -10.28612714   2.0927648 ][ 19.51262691 -32.67120262  -4.55270408  29.0414028  -33.69581532
  13.61241148  -1.08224009  13.63360991 -32.1565703   18.53755705
   0.49894166 -13.46345524   8.2276253 ][ 20.2021481  -27.49423208  -5.88059672  29.97421837 -31.47686691
   6.97655171  -3.08940548  15.76966914 -31.63301294  13.24944045
   2.45434891  -9.32884251   5.29470053][ 20.83010528 -33.3314367   -2.08780995  39.2433336  -27.89996652
   4.37913251   3.95337843  23.04418913 -39.97610654   8.94299103
  -4.62358178  -9.43037703   8.04129205][ 20.85664285 -33.32736855  -4.34086129  35.76463701 -23.93015708
  -0.690555     2.33260643  17.74155146 -37.52907292   8.06820717
  -3.81277232  -5.72798133   6.68945129][ 20.7910197  -30.33376075  -4.3619643   33.15173977 -22.57209226
  -0.8186309   -1.86481985  16.92044876 -31.3898642   10.22459954
   1.8639621   -3.19277826   5.19983347][ 20.93945766 -29.13613586  -7.54022558  32.42267203 -23.09717683
  -2.25167669  -2.45241964  21.14829084 -35.67680642   7.74634578
   2.59564775  -4.66186903  -3.98676551][ 21.03439493 -28.10821696  -3.71324415  34.70473016 -20.08872424
  -1.77554067  -3.81827142  18.95486554 -50.07028606  -8.24014384
  -1.8982946  -11.80540988 -11.41556868][ 20.84289968 -25.02036441  -2.85377766  33.35832604 -12.36017225
   1.16876607 -12.23637524  20.66221869 -47.9309417   -7.4572627
   0.64480162 -13.20638013 -12.15564596][ 20.3844832  -20.87124601   1.38883729  25.64706537 -16.03778679
  -5.33211085 -17.61169854  17.12173736 -37.76458872  -8.53979135
  -2.11213215  -5.06191901  -6.11579979][ 20.23707425 -20.57025526  -2.32451447  26.55246282 -14.37262468
  -6.08574859 -22.79176293  19.48234181 -32.80341883  -4.75471403
   1.21009895   4.91377393   4.82007307][ 19.79159011 -17.53019861  -4.39105471  28.77534272 -14.78815136
  -4.79399374 -17.46717972  22.80942778 -29.90171318  -4.18512209
  -0.31727327   5.46617185  -5.06039868][ 19.52080963 -16.11053324  -3.70302047  30.23225974 -11.06539949
  -7.08473925 -18.29742454  24.65504925 -28.0788806   -1.63068768
  -2.15098682   0.30085349 -14.90751271][ 18.67600008 -13.75686957  -4.03275139  24.68468618  -9.77310161
 -11.53971517 -23.52747897  21.32039598 -27.59444016  -0.2884675
  -5.77190143  -1.30052539 -16.56537655][ 17.9250901   -9.61201548  -4.20139396  26.73826089  -6.9677642
  -7.00923328 -19.34713189  26.82014321 -26.61758477  -2.72221989
  -8.55380108   9.11166608 -16.33127814][ 16.82311777  -6.86067941  -7.23018356  24.53164254  -1.34116111
 -13.65469784 -13.91454807  22.45239431 -17.27411538   0.2361903
  -6.96549885  11.04541859  -7.94487427][ 15.87803104  -3.50318587  -7.85812462  23.02473448  -4.2852055
  -8.91757877  -7.18629855  18.57430078 -18.67433873  -8.17515574
  -7.88415084   5.48631232  -2.41276668]