[ 13.78814239 -11.37902508  10.62316588  19.84512803   3.7407337
  23.22411924   6.91208484   0.15204558 -13.92332976   8.73296919
  -4.86983048   4.67555171 -11.3559915 ][ 14.52235185  -1.93164967  17.60000467  19.74442084  -4.38118444
  15.11214323  -1.47932637 -10.13707612 -26.69097489  -9.5542331
 -21.00077288  -0.77287696  -6.32898179][ 14.8966101   -0.12723391  21.53508546  22.42014123  -8.82760677
  12.14294653  -5.28693743 -12.17092356 -21.24206003  -0.17704964
 -14.5501401   -4.35144793 -15.44148335][ 15.01595195   3.40195599  31.49838886  30.37977804 -18.16046172
   4.43405763  -3.19676219   2.50173031 -15.89696592 -13.60843971
 -14.96348191 -11.21177794  -6.49320708][ 15.16704597   3.07751716  26.487341    25.87221379 -14.41004124
  10.2403175   -4.03823382  -2.73394484 -19.98466188  -4.18022444
 -15.22801925 -15.21045876   0.87343378][ 15.51076724   0.70194348  27.29708537  26.19935429 -20.98543067
  17.50955661  -8.74341819   8.32514041 -23.27193419   0.37613075
 -12.92523145 -14.88725501   2.32024643][ 15.48891526  -1.4209625   28.25004327  28.4184064  -21.09729081
  17.57407118  -9.3286126    6.46151217 -20.30608893   8.91579339
 -14.40529119 -14.16329143  -0.84422925][ 16.82831431  -8.03575905  -0.417195    25.81850659 -15.51011264
  25.06789463  -9.93973837   2.76893143 -15.36662336   6.90764416
 -18.75800547  -4.88635995  -5.92031784][ 17.17766739 -11.61730548   1.4520582   25.88292408 -14.30430852
  20.3419088   -4.0766813   -1.31138211 -16.72395139   7.16719277
 -19.71521195  -5.41278746  -7.94001321][ 18.36369244 -17.65280592   3.97123052  28.91304649 -20.14593409
  22.02873973  -2.14185244  -2.50297705 -16.38330518   8.34328867
 -22.5161038   -6.45698519  -8.8677444 ][ 19.28125145 -26.35861382  16.1653847   44.16564885 -22.43955741
  15.68385007   0.99160956  -0.45364821 -33.30751661  10.1067684
 -21.12386777  -5.65426583  -1.15682895][ 19.91935903 -27.932402    12.5056612   33.40681796 -21.31844711
  14.68123023   3.33739528   2.33153267 -25.06065828   6.55053379
 -15.93324232  -7.7706955   -2.68463411][ 20.22051938 -29.17006963  15.48520396  36.25277286 -23.36451687
  19.55425435   4.67675898   6.92140358 -32.17825561   8.38137023
 -11.20446389 -10.52875831  -7.14228052][ 20.50077677 -28.66361519  12.28757097  35.86027386 -20.0298654
  17.56322844   0.58225475  13.20727161 -33.77415719  11.71127588
  -7.49493316  -9.05874775  -6.6941511 ][ 20.51362646 -27.28535803  13.71967926  33.16607758 -23.4197201
  11.3840325   -0.7776997   11.67041736 -30.45099184  18.62531467
 -13.94295187  -9.41539103  -1.86199402][ 2.08383597e+01 -2.67752499e+01  1.85297104e+00  3.32674697e+01
 -1.90522677e+01  2.84068719e+00 -8.48305421e-03  1.00385562e+01
 -2.93119992e+01  1.53061364e+01 -1.43467411e+01 -2.89125913e+00
 -6.38369712e+00][ 20.93642661 -25.38507591   2.83663197  36.70239829 -18.55441674
   8.87333255  -1.95142891  10.98669123 -30.5630623   12.50719101
 -15.88642063  -2.67852899  -5.27013254][ 2.09575955e+01 -2.44448014e+01 -1.27764613e-02  3.48587416e+01
 -2.22026443e+01  5.90152332e+00 -1.78565810e+00  1.03517508e+01
 -2.96180523e+01  8.77493079e+00 -1.99045088e+01 -2.63130098e+00
 -1.20272986e+01][ 20.77113928 -25.85338318  14.13677266  52.45581998 -19.90416021
  -4.11073764  -6.13569385   2.71432608 -32.68078363   5.64346059
 -17.95344038  -1.10720943  -9.97376494][ 20.66977951 -22.1887918   10.84875292  42.82187693 -16.50985909
   3.23511575 -11.1642935   10.28836325 -38.39765449   7.96603199
  -7.78851387   1.68158802  -4.91361308][ 20.54197404 -21.25909293  16.93895751  46.89106972 -14.81314309
  -3.58132494 -16.38545113   9.91167335 -44.23875716   5.86771674
  -3.05365394   4.24708037  -3.22956485][ 20.16661211 -17.11790286  13.84951525  41.00299502 -12.56331313
  -7.78862509 -16.52824084   5.304514   -39.69753637   4.33303534
 -10.6151816    0.50288908  -3.76088331][ 19.79703262 -12.13943847  13.89293947  36.86117381  -9.35816614
  -5.3880953  -23.26845511   1.51396348 -32.16957327   1.02319639
  -4.24588124   9.38677473  -5.37400399][ 19.55922222  -7.79664127  11.63668476  41.89554852 -13.73493198
 -19.2464858  -29.17565146   5.46644596 -34.47337345  -1.08997925
  -7.57098022  11.74708379  -4.97497466][ 19.36210422  -0.05843808   5.67837381  34.79315817 -11.28929034
 -23.1069014  -24.81749153   2.78368536 -34.00217087   1.36463807
  -4.49851539  13.11301454  -8.11892884][ 19.2893749    6.54305576   2.90974792  36.24935288 -10.55341569
 -23.00309622 -28.04441664   7.8239499  -33.09315687  -2.36312525
   4.56588562  11.342571     1.89411036][ 19.48455557  11.84534281   8.13734455  29.33828259  -9.83921338
 -24.15056938 -22.3907006    8.523054   -21.48740721  -7.63019841
  -0.81239543   6.18819006   1.98329484][ 19.67917863  13.77014679   7.16066335  27.13857742 -11.57068836
 -32.34752783 -27.06893966   1.22069434 -30.16756069 -11.17670834
  -0.65259645  -2.54038996  -0.47901214][ 19.74378504  14.1462195    9.41224784  29.44426493 -10.89810444
 -31.16680848 -22.7488867    2.55356983 -27.09247203  -7.3909514
   1.96611754   4.92296952   3.73546872][ 19.60097677  13.39950302  14.35264182  26.20704508 -15.60313094
 -28.35037969 -30.73262955   3.87277528 -27.88949692  -6.57952658
  -5.35322494   8.51612438   1.73474364][ 19.62399207  13.40319087  11.03009387  26.80242609  -4.98219371
 -30.18975689 -35.21578914   4.54390098 -22.55885954  -4.49835937
   4.27473403  15.28791852   4.29330495][ 19.63474523  14.77489918   9.21742103  22.29491461  -6.58494054
 -24.66216925 -35.26503414   9.80863374 -24.6227799   -1.11597574
   8.17252548  12.41738503   6.64303034][ 19.5184835   14.55819479   9.49737916  19.47915591 -10.37260836
 -19.83184152 -37.72786885   7.96636039 -21.43228533   3.02965963
   3.30130205  10.77738036   8.99655839][ 19.55657233  13.90707878  14.33209592  21.02956249 -15.89757762
 -21.87000904 -37.64005726  16.82699768 -22.0710373    2.79378862
  -4.90238258   9.9447029    3.10755275][ 19.55257081  12.31612081  13.37384303  18.06681681 -10.66399578
 -19.94839637 -40.90869467  13.25510079 -27.59758791   7.18598933
  -1.84092358   7.75241348   2.0355142 ][ 19.51851213  10.39477503  13.34101639  21.12587957 -10.85989562
 -22.85918452 -39.01198228  10.31554836 -28.54258243   8.44060324
  -7.06107152  10.10471087   3.36285113][ 19.35730437  10.43469752  12.78895119  23.97507268  -6.43437579
 -24.06892729 -37.0588255    7.33750273 -25.90909449   7.97587472
 -10.11286216  10.78175961   6.85261197][ 19.12676264  10.70620707  14.52425148  27.33843779  -8.48960234
 -22.90780494 -36.03614222   5.25096122 -18.45004289   7.40769324
 -13.250391    10.48855929   9.46088117][ 18.96358391  13.02763671  13.76602782  23.61103276  -2.85296364
 -19.09613926 -38.98341692   6.95108108 -16.25897321   6.61650809
  -4.39608281   5.23174875   7.11955967][ 18.96356875  12.75302634  13.07269298  17.25565046  -1.58603005
 -21.02915322 -30.56316435   7.85971364 -22.59149226   7.08883782
  -3.05396771  12.79486767   0.61052019][ 18.83706957  12.5291696   10.7776454   22.13157591   2.16320765
 -24.99511064 -41.41863508  10.99445073 -17.18754358   7.71076026
 -12.31826849  12.91481608   1.47158407][ 18.59321671  15.74104824   6.22617845  16.90432228   4.35131086
 -22.31565579 -38.18110398   7.09154321 -12.88491981  -0.31473457
 -15.74018954   9.06790132   3.9116957 ][ 18.27217673  16.66347003   1.15998093  12.34690752   3.68410984
 -14.01223118 -33.71345464   5.82685354 -12.1126449   -7.6650133
  -7.0295481   15.90529706   0.17389402][ 18.16625692  16.93557493   0.77982697   8.92543534  -2.5784537
  -4.8668411  -22.08703032  -0.61949791  -1.60398576  -7.5824423
  -1.8546373   14.20331079  -0.73989987][ 18.18016681  15.85650718   4.81750334  10.41961993  -5.32872772
  -4.10334551 -18.06011711   4.60049302  -6.40558445  -5.42625578
 -14.01938476   4.78340547  -0.99629011][ 18.07018807  14.03073409   5.91356579  10.73469103  -7.0250143
  -1.27468578 -14.61164331   2.73191196 -12.03263017  -8.54410705
 -14.10967689   3.71779633   0.83228082][ 17.28820228   9.90551449   6.39997137  11.17170203  -6.82562189
  -1.75153486  -9.34602635   8.79880897  -9.55525843 -11.001797
  -8.43069088   7.38540046   4.6972971 ][ 16.6229058    3.95513683   4.65494463  10.41736077  -9.20621841
  -4.41370228  -8.81300325  -1.87036702 -10.31534872 -14.62154613
 -12.37242055   6.15658159   2.08721714][ 16.69797254   3.95872053   3.16919156   3.62740068 -10.35845371
  -8.92367443 -10.00141412  -9.23145726  -6.21427388  -7.0053521
 -18.30512765   3.5106227    2.36568108][ 17.07768023   3.939156     2.11552564   8.28132666 -10.51070613
 -12.18006829 -11.26420189  -4.85696914 -11.19568041  -9.98140387
  -9.89049287   6.00190957   1.4566442 ][ 17.68248162   3.19420204  -0.37230118  11.99401461  -7.24346579
 -12.6756478  -13.45521074   0.41402536  -9.06027281  -7.15311171
  -6.82490673   6.76866042  -2.93878601][ 18.32040324   4.55714149   1.73868304  17.57728872  -4.30777852
 -14.35274679  -6.96848558   4.96617002 -14.77754885 -13.39743451
  -4.73227886  -0.40989857 -13.21125661][ 18.31307764   4.52574227   4.30664019  21.14888766   2.03964071
 -17.87148318  -8.72303159   1.66391172 -15.42769054 -14.54009745
   1.80129488  -2.64337526 -17.75913363][ 17.89850993   0.96467836   6.50830795  26.38642987   5.70343528
 -11.60376123  -2.39917083   0.44135268 -27.51964266 -23.34895094
  -3.69691928  -0.14158901  -4.85609424][ 17.88137363   0.5218617   13.10155534  28.128224     0.05516511
 -23.53334775  -9.72867402  -1.56659323 -32.62842698 -21.12622
   0.89351205   5.98483938 -13.88024651][ 17.88372356   2.73559751  14.85147238  21.89303778  -4.78042873
 -16.10859473  -7.3826916   -6.26108293 -30.05838876 -11.61743931
  -7.63574969   2.03997838  -5.79871609][ 18.30630533   6.66535438  12.61254327  20.24374702  -4.34873915
 -23.92207018 -12.44240872   1.85481763 -29.40212127 -12.86328842
  -5.13640353   0.78689138 -11.87055955][ 18.72602913   9.37378771  14.74374432  26.91887407  -2.57591054
 -24.57049973 -13.8288552    0.12565923 -28.15635005 -12.36300674
  -9.04832806   3.39135903  -6.08389705][ 19.16970209   9.10959926  19.26318688  30.34557322  -4.54722442
 -30.71181228 -23.07186303  -0.47366059 -33.23920161 -16.95255143
 -19.00514909   4.52998685  -7.236085  ][ 19.54559082  11.48312633  20.7362575   29.60696646  -8.65810505
 -29.10295245 -23.1291094    1.2384952  -36.24147155 -15.61732966
  -9.81653612   6.27566792  -2.02255883][ 19.8195686   12.54931879  21.34986566  33.76323055 -12.75741918
 -32.66636594 -31.66394762   5.86408719 -37.33145658 -11.39371894
 -12.8274221   11.34569359  -0.8547522 ][ 19.89579188  14.29166031  16.06306366  27.76598301 -13.55871534
 -29.19241924 -27.64117611   4.6042273  -35.63772503  -9.16899076
  -7.36572219  14.61737976  -3.28502328][ 19.84183208  14.29936913   7.66866639  22.72979447 -14.26028585
 -23.0164676  -26.57805702  -2.33257106 -22.99582997  -7.14768212
  -6.35852275  17.70403152  -2.16642939][ 19.72406737  12.21554743   8.68235589  25.58518897 -16.10110538
 -24.04740499 -31.6338021    0.16267304 -18.63835052  -7.01019395
  -6.21941304  21.48591408  -3.58440092][ 19.70379666  11.23508588  13.36130793  26.71100841 -15.7655673
 -34.74244826 -33.86149771  11.7478156  -21.01496909  -6.33856625
  -8.2363748   16.12230763  -7.25417529][ 19.50418599  11.78753362  11.85789613  18.54865047 -10.15296084
 -27.35921061 -29.59205865  11.70445202 -21.41455165  -1.4654469
  -6.13974911  17.01008547  -6.33796836][ 19.53987673  12.37938866  10.64783546  17.86704014 -12.28253461
 -29.93101101 -38.35429074   7.56506522 -20.57219721  -7.82008287
 -12.28409926  18.55314692  -7.43904506][ 19.81429465  10.25334472  13.89610991  30.55504502 -11.4004485
 -42.75295413 -42.40005883  17.28527254 -18.80961315  -5.11945071
  -5.95813371  18.91870191  -3.13794361][ 19.64852608  11.52995791   7.67864527  23.706757   -11.88287944
 -32.5461951  -39.2593405   15.0905118  -26.15002115  -2.00996742
  -1.71123921  13.37641636  -6.02764051][ 19.40267962   9.19488591  11.77853115  30.52567117 -12.09535049
 -42.88784876 -35.58987119  24.51834468 -23.21836028  -3.91912694
  -3.89675213  12.4071668   -5.81845413][ 18.9389184    7.84564886  11.36121226  29.91538585 -10.86803308
 -36.31685169 -27.19436987  28.69587846 -18.11798818   0.05511134
  -9.00911717  11.82600255  -6.2842526 ][ 18.57439531   6.97039825   4.35383212  19.87925936  -8.00265241
 -22.83393806 -11.99363199  16.29763286  -8.09989863  -4.23639206
 -10.35507382   0.12200182  -8.81737676][ 18.04137338   8.93040236  12.45983362  32.57668741  -8.89269752
 -26.44878083 -16.57096538  24.63284984  -8.22862465  -4.75876461
 -14.8032858   -7.87813123  -7.79923308][ 17.56391515   9.06259421  14.63784416  31.81218628  -6.3053208
 -21.72876628  -5.9047533   19.03200286 -20.84045957 -10.08688488
  -3.13172984 -12.07074153  -7.26823503][ 1.69282254e+01  1.03469301e+01  1.53134395e+01  2.61581031e+01
 -4.66564061e+00 -1.44040530e+01  1.35900086e-04  9.08267387e+00
 -1.51995986e+01 -5.41576226e+00 -3.18496600e+00 -1.56394430e+01
 -1.21709020e+01][ 16.52535476  12.84872191  21.95275546  30.989838    -0.88426037
 -17.03354094  -2.18410671   8.54360044  -2.88562294   1.34952131
 -18.12936404 -18.45436027 -13.40059762][ 16.48861805  16.85063395  20.60931526  18.96462673   6.98696491
  -3.36641317  -4.1583567   -4.45634196 -14.29117979   2.84194329
 -22.12137551 -11.13681284 -10.66138349][ 16.61223676  17.50324504  19.90936912  19.11799046   6.70798994
 -13.1154413   -5.6787847    3.87737073 -10.11757232  -1.88261691
 -24.87132563 -18.64195362 -10.00646921][ 16.66999651  18.54627385  16.87201315  16.67604119   8.13824235
 -13.12791715  -9.57548943   9.65584632  -6.38996353 -13.73711589
 -27.93792531 -11.83701264  -7.26621839][ 16.69904628  19.80453144  15.29582687  18.65194223   8.7793911
 -19.09993281 -10.27155272   8.31717545  -4.12079195  -9.49629001
 -25.50359532 -11.49081635  -3.22348804][ 16.65786731  20.43405215  11.86897789  19.71542672  14.07216583
 -14.31131336  -3.89074499   3.34161605  -6.06671432  -7.57201747
 -25.91860321  -8.0205719   -0.20720093][ 16.55069852  17.46333576  13.39863044  15.63944094   2.89317681
  -6.22886732  -4.15248809  -3.50961214  -8.28314317  -7.26490831
 -19.51441272 -11.57061096  -6.98425509][ 16.46340695  17.35679819  16.9003311   17.75803927   5.05703446
  -7.12539342  -0.13757376  -2.32802106 -12.48656248  -9.74697673
 -16.27752345  -9.50445415  -5.2107422 ][ 16.40747388  17.41145858  18.94670116  16.30402473   7.74569734
  -6.78950083  -6.47970654   4.11287982  -6.59870347 -12.67633367
 -18.15409836 -10.07618658  -4.61876873][ 16.40578903  18.16188955  16.00319473  11.60780187   4.2422311
  -7.43793412 -11.22267038   1.64819523  -9.19047416 -10.84592819
 -10.29460109  -9.67979446 -10.05107558][ 16.46856813  18.84134594  20.99314708  17.90783724   6.61270433
  -7.98816616 -10.1228857    7.29949961  -9.35571955 -15.18374261
 -23.77105491  -8.82745513  -8.67456321][ 16.52037915  18.63992291  20.22846025  15.71693717   2.07417592
  -8.92105335  -4.79591478   1.6417367  -15.94946642 -16.35631458
 -19.12986364 -10.52578721 -13.63243337][ 16.53320005  19.16375432  23.45719748  14.91487079   1.39605181
 -13.23344245  -8.26412237   3.59373809  -7.35342502 -22.47303793
 -23.78275707 -13.8764687  -16.97103067][ 16.39236751  19.50165017  21.97666595  12.80985702   4.46441081
  -4.39568538  -8.18237954   1.94448691 -12.08948547 -24.54477977
 -19.98572172 -11.9709816  -13.66798051][ 16.20714924  20.21971413  25.51476933  12.80254201   4.22723667
  -6.65389736 -11.54762999   3.55754816  -7.24836465 -14.07998078
 -12.63991109 -14.52740929 -12.23710852][ 15.96161922  18.20262641  28.251111    12.98613275   6.10017568
  -1.18787456  -7.30238667   8.64955344 -12.85565932 -20.95384881
 -14.59659931  -9.34355506 -10.5239416 ][ 15.49438344  16.68070626  18.51308306   9.82976814   5.80193191
  -3.62983551  -8.31061631  -3.20644527  -9.33474875 -11.0126941
 -11.55094403  -7.79654871 -13.50500931][ 14.6245323   12.96305159  25.27988666  16.34427863   3.84393777
   0.58985646   0.4151955   -1.18110352  -6.61022615  -9.98825349
  -7.13686545  -6.96653908 -16.43981651][ 1.36129089e+01  6.91979530e+00  2.95784271e+01  2.26002045e+01
  4.78574074e+00  4.23724910e+00 -3.21313342e+00 -1.53135126e-02
 -7.95689283e+00 -1.23236576e+01 -8.05290419e+00 -4.09307926e+00
 -5.00477429e+00][ 11.98186053  -2.87039166  22.76843903  27.72364053   7.98672268
   0.67912862  -0.71256788   1.07318387  -7.26970702  -5.92134242
 -12.62644406 -13.86270438  -8.54267553][ 18.46743557 -26.6652186  -19.75891861  20.68232295 -38.71495247
   4.87636022 -11.37571746   6.12351412 -25.85383996 -10.98979431
 -26.31753366  -3.58304922  12.3393262 ][ 18.50671684 -25.22777466 -16.21534682  22.7185051  -33.6726073
   8.19100379  -7.78263329   8.53415697 -23.2074086   -6.50440784
 -23.53757198  -0.44299311  12.5047854 ][ 18.04030584 -34.3556778    4.79138621  27.65902529 -32.94018049
  11.93727229  -5.89562626   2.07103157 -20.21366596  24.98083015
  -8.94600714  -1.4500222    2.62239048][ 18.93181424 -35.69941304   3.99630581  28.19218619 -30.38761312
  12.35335861   3.45442318   8.4022071  -25.45131998  28.33329537
  -4.52810627   4.7736856    8.26554616][ 19.42348348 -38.86885329   0.04816434  24.31719501 -26.97781613
  12.34643422   9.29306396  14.3249483  -25.39094313  16.71324549
  -4.76563506  -0.16999755   2.32843404][ 20.15074643 -30.51915417  -3.92158449  23.23931851 -28.57039517
   8.38450142   5.50025249  12.98805316 -22.68626952  23.61293676
  -9.88547334  -9.02880563   5.63909874][ 20.31659841 -39.2349317   -5.36637946  26.66373904 -31.64248561
   1.81782968   8.08534977  17.46281481 -24.76610142  18.98142275
  -6.47678756 -11.81250424   1.7857638 ][ 20.38234335 -31.70631407  -6.01229558  29.35766212 -26.25385356
   6.82807633   4.60061447  20.08255953 -22.96822975  18.67757606
  -8.48626396  -4.4753693   -1.87235754][ 20.37616446 -35.08145491  -1.50557097  32.45622658 -24.72282204
   1.92008748  -2.55561198  20.00297813 -28.06393108   8.50975232
 -12.53599271  -2.38325948  -7.21691978][ 20.57204303 -34.42339281   0.66970246  33.54873518 -21.60687068
   2.95663725  -6.545893    17.2801208  -26.96104786   8.98213251
  -4.76653219  -0.60227834   1.84547232][ 20.57652479 -31.45067822  -0.55970463  31.01524977 -23.48236544
   1.87477409  -4.82692805  16.72598722 -20.25458456  15.71542636
   1.67785533  -6.55357795   4.8440095 ][ 20.44474115 -30.06449483  -2.51813864  32.46512049 -26.50772672
   1.25900002  -1.98873069  23.08277708 -25.06554077   8.3655999
   2.99667628  -4.29872376   3.46279694][ 20.36746499 -30.44876183  -3.1370563   31.30887846 -22.16145606
   2.38975522  -3.21802355  28.52367527 -24.72758757   7.68936622
  -2.10419309  -2.13089329  -5.50251431][ 20.15075356 -31.61278817  -0.26530449  31.56011898 -18.44074217
  -3.25833129  -5.8540503   30.09842488 -26.72829069  -0.5034939
  -3.77845309   1.50793339   0.24975335][ 20.22212914 -29.40526774  -1.8548717   35.50433876 -18.26613877
  -8.48138279 -10.60420384  24.16197951 -33.56906761   4.38746093
  -5.13475805  -5.81592325 -11.01072174][ 20.10136779 -28.90660697  -2.53042745  30.20991953 -21.66026744
 -11.71590578  -5.85925914  27.3458345  -30.33386078  11.45803132
   1.16477939   2.05003886  -1.66652498][ 19.84813359 -25.68928957   1.20232388  29.78661454 -20.98860872
  -7.37741719 -11.79432726  25.23360858 -25.4888007    4.85804165
  -9.24197014  -8.69224606  -6.4640863 ][ 19.71682464 -25.29118587   2.4995914   30.8580609  -17.81415184
  -5.66517282 -17.5657687   31.04697067 -21.09763308   3.8335356
 -15.5001012   -9.34085489  -5.51805396][ 19.46784271 -23.8773235    0.79901171  33.3003793  -17.39885513
  -7.57730507 -15.71841316  31.07847665 -26.42225582  -1.14113418
 -14.43738965  -6.16005452  -7.37595404][ 19.06452462 -21.33851382  -1.12719582  33.76833266 -13.91546674
  -7.48221565  -4.49862506  26.62172878 -27.23026998  -3.98509922
  -9.38122008 -10.41781768 -11.16785157][ 18.5820235  -19.59119057  -3.90282523  30.81271363  -5.94124843
  -3.75560807  -9.87275274  25.13142832 -29.93568869  -7.80367376
 -10.00813665  -7.54982869  -8.03281071][ 17.93955461 -15.19429785   0.38521444  33.17915687  -2.70678713
  -3.08397359  -7.90311708  24.24267378 -20.43956796  -8.18285025
  -7.66174362   1.93719225  -9.10194652][ 17.19258995 -14.38505632   1.67718361  33.44785136  -2.06573106
  -6.31174148  -1.57065283  28.46165429 -19.8653874  -16.92690674
 -12.3651961   -1.94079111  -9.65786397][ 16.45330589  -8.08662003  -3.84218887  34.72681304  -1.0790178
  -4.20952984  -6.54553363  25.27167301 -18.30630745  -9.20795367
 -13.30272934  -3.47635032 -13.89681945][ 15.31843349  -3.81718213  -3.61689189  26.43340447  -1.65356003
 -13.88400413  -3.93151342  23.31386273  -6.20444723  -5.17203372
 -15.63640814   4.04695307 -11.9658315 ][ 14.28426378  -0.94734323  -3.88233544  18.74485198   0.5852875
 -11.45570915  -7.13394333  26.10811125  -0.43759533  -9.75694053
 -22.95691648   4.91625268 -13.63897213]