[ 11.26149941 -16.01732543   3.71007634   0.72999765   0.41994493
   0.99776044 -29.11735161   5.90032507 -23.03110526  -2.72066553
  -6.60878002 -33.76913776  -8.6734314 ][ 12.57566338 -15.07063803   6.84358578   1.32374195  -3.07678907
   7.32236823 -18.09762404   2.74295623 -10.49483477  13.19042577
  11.83895864 -13.28519813  -7.23121153][ 13.49975929  -7.8761803   18.52083542   7.06141228  -2.43761242
   9.72268237 -26.46791818  12.5074627   -9.07364877  20.33591981
   6.50516355 -17.02801003  -1.40238166][ 14.30905847  -0.5632997   25.77348646   8.59221731  -3.55387069
   9.76982241 -27.22550289  10.62714523 -11.70798941  16.69243117
   2.27280761 -14.45682266  -2.4108748 ][ 15.22124866   4.7153951   24.42418819  -0.74822113  -7.82679489
   8.60074649 -36.04930699   2.25087266 -15.74013703  11.45569617
  -8.58788435  -9.11319493  -5.52655931][ 15.70754536  -1.46038782  28.60524899   7.16766695  -8.33114529
   0.48526769 -46.51028223 -13.05987818 -26.51175162  -7.57416617
  -6.2465072  -15.16480887  -8.81795852][ 15.90379952  -4.54714663  30.78213827   9.4392202    0.84523582
   4.62750426 -37.60162916  -4.72102344 -22.97506059  -3.95717819
   7.4056979  -10.87118042   2.83047456][ 15.83732222  -8.29369018  30.27093461   6.47868356   5.47359832
   3.29980644 -27.41574117  -2.727744   -17.0940403   -3.88364899
   5.66355633  -4.75468602  10.51741514][ 16.01809642  -8.49077262  30.14023074   6.98694735   4.14314411
  -0.32626775 -24.44319893  -6.18046904 -16.81711236   0.1514531
   9.43937628  -1.72898548   2.90080461][ 16.31769218  -9.16121972  29.39478053   7.11808916   3.89648804
  -3.50371346 -26.69053118  -5.50956722 -19.30339943   1.58090857
   8.39337402  -5.50552083   0.9739372 ][ 16.46573384  -9.56358576  24.86787189   7.51201828   6.40270295
  -1.61284829 -30.60685069  -8.39245569 -16.11306371   5.43041126
   1.92018644  -6.22038053   2.81251507][ 16.6293337  -11.73814192  25.65128576   6.9472906    8.89051349
   0.70910949 -25.83254903 -10.84488482 -19.79793917   7.08778391
   1.55464668  -5.14169031   1.08697325][ 17.25616322 -14.38571105  32.85925984   1.19703605   9.73768747
   0.55549812 -26.11515383  -8.85200713 -26.08866294   6.62233005
   5.79093114  -7.95443226  -2.6260262 ][ 17.50512418 -14.92233448  30.12199678  -2.22989178   8.03469367
  -2.64736597 -23.84372122   1.0607115  -19.60020698   5.84688089
  -4.55422178  -7.22634329  -0.21072686][ 17.29314282 -15.1997039   28.98881219  -0.9951497    5.57900292
  -0.03743566 -18.24253552   4.78798597 -16.83681357   5.64912554
 -12.14503551  -8.42878271   4.93156041][ 1.74357829e+01 -1.65274651e+01  2.98836645e+01 -4.94533193e+00
  2.73298300e+00  7.88987841e-01 -1.18512328e+01  8.13951800e+00
 -2.18992350e+01  1.30105832e+00 -5.05661231e+00 -8.57201988e+00
 -1.61656359e-02][ 17.69586356 -18.84919214  26.12422198  -7.00215911   7.37938786
   5.56107966 -14.8362114   10.54785103 -17.92749061  -2.19382266
 -11.77794159  -9.8922149    1.73527035][ 17.63471971 -19.31506389  25.89243152  -3.95494937   8.86535343
   2.05399583 -15.45405758   4.14762075 -22.17912271  -0.2527231
  -5.68792541 -12.60026262   4.57757553][ 17.57919565 -19.8069986   24.83850889  -1.99575306  11.04059659
   3.79212546 -24.17724424  -2.36888945 -14.50837898   3.80639062
   5.25005633 -13.39369838   4.36872884][ 17.90101251 -21.17759147  25.13794256  -3.53709879   8.4914994
   4.01349515 -19.07159919   1.85484882 -15.35291312   5.934593
   3.84665993  -9.59703173  -1.18983753][ 18.06115207 -22.00928155  22.78461305   1.35805262  11.87993414
  -0.66636284 -23.12664515   6.19520034 -14.56977707   7.46403642
  -2.18486016 -12.60825671  -0.47070966][ 18.03256373 -19.08063477  25.77330614   5.06334945   4.93211406
  -4.72950432 -28.01748523   4.47687016 -19.56614248   5.26274263
  -4.88467499 -11.19296777   0.50924038][ 17.44834857 -13.30783402  24.94961854   1.86480928  -3.35405501
  -7.73175311 -30.01987924   1.20839574 -19.18459753   1.99169126
  -3.66586003 -11.68231639   2.36593558][ 17.2196242   -3.29083255  26.34482224   9.34262992   1.6154888
   5.04464183 -22.95035957   4.47934102 -18.53776469  11.25121058
   8.02789845 -16.78933961  -1.64269059][ 17.12349797   6.05052622  22.29597917  10.96405825   3.05786833
  -4.15419587 -20.36500004   5.99848419 -22.1371101   18.42835445
   8.8738832  -24.05954193  -7.82722324][ 17.0497806    8.23856942  21.70034751  10.10790496   2.77414515
  -2.57591942 -23.31798143  14.13593757 -20.93764025  21.25745033
  13.1769148  -24.83626225 -10.59204067][ 16.94852218   5.9702543   17.30737066   3.34690151   5.16656072
  12.59769206 -33.06178093  18.31490638 -17.82183991  23.04269534
   4.36138614 -19.01851353  -5.10681813][ 1.68326316e+01  4.93639847e+00  1.11552078e+01 -3.04097926e-03
  3.35759065e-01  1.27516903e+01 -3.64349117e+01  1.95904801e+01
 -1.86737493e+01  2.31438902e+01 -2.22175541e+00 -1.56548209e+01
 -7.74652170e+00][ 17.01514295   8.28939303  10.39461743  -7.31830276  -3.36948011
   6.9208069  -34.82588716  16.49220063 -19.3590049   20.16069019
   0.21566295  -7.16227074  -6.84911701][ 17.54628111  10.49967907  14.96438753  -3.11679521  -5.89019524
  -1.6778459  -38.20412585  20.35439582 -14.40610918  19.85830968
  -0.61231876  -6.11559499  -9.77615117][ 17.76138467  10.6568636   14.69609941  -1.41733294  -8.98936452
  -7.37182377 -41.67019124  19.89399796 -14.60107357  21.91393879
   1.74696903  -8.68989791 -14.35344031][ 17.69221469  11.1312896   13.16397381   3.75536361  -9.86537956
  -8.64795587 -46.87591383  20.09175062 -12.71652028  25.02327675
   3.64584462 -12.73816305 -12.96441345][ 17.51197505  11.56335892  14.24862845   1.66135379 -10.53949497
  -7.178615   -43.41877682  18.79981925 -17.28964469  23.15941366
   0.8597227  -14.429188   -14.35276258][ 17.46666255  10.76240522  14.48210576  -0.35056647 -10.47926179
  -3.2748508  -40.53692989  20.35977268 -20.24618329  17.77753726
  -1.71321394 -13.74790365 -13.59677451][ 17.61582176  11.19355506  14.1573736    1.74876829  -9.68557731
  -6.47396684 -42.39488464  24.68547225 -18.94227042  30.24497119
  -5.9880449  -18.03362784  -8.87279296][ 17.8314145   11.41115765  11.89750531   2.13860727  -7.10062068
 -16.72530722 -39.91032144  23.76470938 -17.8520389   36.5981239
 -10.57307919 -18.24346307 -10.49611732][ 17.86481949  12.3985493    8.58145637  -1.5296228   -9.63875085
 -15.25042892 -37.28850172  22.5182581  -16.07580972  28.21537747
  -5.13556348 -18.25022823 -12.74706801][ 17.80601992  13.25272324   8.71780159   0.53550259 -11.72117057
 -12.6981462  -37.06516365  26.22487952 -13.71218171  24.62046839
  -3.97446433 -16.50014126  -4.37489758][ 17.57417383  11.71732249  10.75462199  -4.90421895 -11.55188344
   0.47678922 -40.10497816  27.92356937 -15.71626848  18.40725101
  -8.27220878  -8.9546852  -10.08086136][ 17.36166555  10.50762825   9.53364127   4.83623779  -6.60223991
  -3.6721581  -35.78934099  28.68471719 -17.82794624  19.20146273
 -12.50922913 -10.63175984 -10.09122547][ 17.2350723    9.76121926   8.79376203   6.71331734  -2.63055993
  -6.00964368 -37.45924885  25.87322363 -14.74273578  11.93250629
 -10.6664365  -17.00820154  -9.5634687 ][ 17.26028001  10.23743609  10.0014308    7.50720106  -5.03703141
  -6.67261471 -38.55221758  33.46489104 -15.97219057   3.8601932
   0.51362549 -22.61150837  -2.70043192][ 17.31749621  11.23038932  10.14508675   4.82457383  -5.89632792
  -4.89281032 -42.28687426  30.08931703 -14.03589574   8.12241602
   1.70026257 -25.36522717  -0.19660732][ 17.3458068   11.43195308   9.41345595   1.86879444  -6.09553996
  -3.77347188 -41.27432979  33.88765487 -17.62462153  12.26064118
   2.99641913 -21.40443499  -1.80083382][ 17.43468693  12.09207004   7.66757349   1.52195769  -4.01767307
  -7.06477768 -38.13692834  32.09426641 -11.35715212  22.8792192
  -1.68076471 -14.22939472  -8.16292855][ 17.50999198  10.00616892   9.24314063  -1.22660656  -3.09629635
  -9.49219599 -33.20487317  32.98014024  -9.05761575  19.6847361
  -2.71280862 -14.67391814  -6.97371601][ 17.31887003   9.33796641   8.53662491   1.46969955  -8.82856842
  -0.69792342 -33.83415035  34.17285839 -10.32257481  19.89869364
  -3.28913289 -20.49900851 -12.08481751][ 17.24773889   7.42535542   7.75481346   0.69593939   1.81944672
  -1.33000617 -36.3950874   28.92626475  -2.3118146    9.96281226
  -0.06418924 -22.23312826 -13.65550375][ 17.94995546   2.91852076   7.36008651   4.14187317  -4.9749959
  11.17167262 -50.08826511  38.98774553  -8.19136455  11.21828445
   5.65371223 -21.804552   -18.46836527][ 18.26125537   4.95080654  11.53142357  -0.26416694  -7.97765103
   7.78106742 -50.80872684  35.43553243  -4.29863064   9.75732006
   2.41830553 -18.6412664  -17.43760823][ 17.98786207   8.78288291  14.59636411  -7.36465991  -8.70457188
   5.23109451 -44.60445269  16.77839266   0.69008745  16.03832636
  -0.73323976 -10.43217683 -13.73617047][ 18.14286887   9.83921097  17.74663967   2.24554888 -11.73715774
   2.24449532 -39.31410851   2.96463056  -0.41083404  16.76033458
  -8.92741517   1.19168328  -6.47966055][ 17.6838272   15.94728316  12.10970084   9.69477538  -9.22665157
  -7.32902785 -22.8069543   -5.88314815  -6.40316112  18.78545971
 -13.77199633   5.05694425 -16.46498136][ 17.23391383  17.77360147  12.80452452  14.6983082  -11.64355125
  -8.85633361 -18.15024046  -7.65882166  -5.36932424   5.31103929
  -9.8007294   -7.99572156  -3.21779686][ 15.8284595    6.61395903   0.22410386  15.54357133  -8.00211081
  -7.77156839   2.1822981    3.38170911 -12.32346221   9.99232813
  -9.82499422  -5.40835829   1.46196312][ 17.16155306  12.04656824   1.8580989   18.1817977   -2.20705823
 -12.18695676 -10.96441833   4.15438523  -5.98403886  13.5333188
  -0.49895601 -12.00590429  -4.6700043 ][ 17.86046759  15.95535062  -2.16886847   7.72546229  -5.91811641
  -9.6337493  -17.36691361   2.59037451 -13.99752814   5.03767648
   9.84200867  -2.80877623  -2.67368995][ 18.27331782  20.08971973  -1.86738845  -4.07766549  -1.81052919
  -4.16421857 -26.17115537   2.69769414 -14.65541368   0.08563484
  19.35475109  -1.1525355   -3.59419312][ 18.54584497  24.32174879   4.43139744 -23.94599507   0.89046668
   4.23492761 -46.49477261  16.29823095 -12.69097889  -5.75646587
  22.8366423    0.52812473 -12.64574396][ 18.62405105  24.53100034   5.10381156 -24.93726362  -1.85288928
   6.96199016 -38.65257239  18.65941008 -23.43659917   2.40738026
  20.25383271  -0.76320844  -8.85875759][ 18.68847997  25.29870675   5.42277928 -23.93699928  -7.79990971
   7.58409565 -32.41517894  22.27872849 -25.82654004   7.89966838
  14.13966782  10.98178671  -7.2019876 ][ 18.58293843  23.28334588   6.94744816 -21.52080649 -10.42287017
  12.45952845 -23.87772558  12.28377318 -17.10723262   7.88953128
  12.82267837   8.45401957  -1.62792849][ 18.58444357  21.61028596  11.74827302 -24.35026723 -20.79088848
   7.8873821  -18.10357828  13.17246605 -11.78412905   2.50153514
  12.52701531   5.0393894   -6.95839147][ 19.0618868   20.43322752   6.90744431 -14.91071931 -20.46743651
  -9.1090264  -16.76996737  19.38897581  -5.18716277   8.44927126
  -1.9433323    2.69940477  -3.64862411][ 19.57949025  20.0948207   -1.86547358 -13.13921501 -21.14576577
 -12.93993728  -9.81639868  15.10306422  -2.17714194   4.93667801
  -5.86507043   5.26489016   1.21528747][ 1.97708594e+01  2.26501295e+01 -2.62760326e+00 -1.25551770e+01
 -2.04124427e+01 -1.65989587e+01 -7.94542558e+00  1.50159281e+01
 -6.20565102e+00 -8.32093465e-03 -8.71681538e+00  5.50971696e+00
 -1.82109210e+00][ 19.41461373  23.23368338   0.3318665  -12.55049607 -21.88282209
 -18.00934206 -12.90140687  14.50036736  -4.28596675  -1.06488496
  -9.64725593   9.90801031  -5.31218823][ 18.99784159  24.44867139  13.19201204 -16.81229961 -28.1926234
  -5.15526774 -21.98569254  17.79871681   0.90819141  -6.58447917
  -7.83388918  18.92293826  -6.34363787][ 18.92746271  26.15959045  14.63695955 -21.88396644 -27.21235789
  -1.76416365 -27.31057535  17.97364101  -1.78631361  -8.71828327
 -15.24127733  20.19381533  -3.96549215][ 18.9362952   26.49881428  17.87225529 -19.6953785  -33.2183608
  -3.05943315 -22.32345518  17.99065507   2.75137349 -12.41485813
 -14.29010076  19.09342016  -0.66170042][ 18.98471203  24.28024585  20.8623236  -19.11399779 -32.71842646
 -12.92357149 -16.30936009  21.94108558   0.8566765  -14.83388696
 -10.37451327  13.76418841   1.70737203][ 19.07370761  23.10924175  20.10282514 -17.92856366 -34.68519796
 -11.91684672 -10.42719682  19.92835893  -0.4284085  -10.03146579
  -4.05118852   9.76726354  -3.2533036 ][ 19.22755712  21.71986805  12.1609093  -15.48204426 -28.33353214
 -17.07879087  -3.58992342  14.92210672  -2.70818929  -1.86599934
  -6.47871308   5.3639037   -3.68766342][ 19.01930329  23.5056572    9.46589388 -13.87386485 -32.83014112
 -13.16871097  -5.7729182   20.09509061  -6.37893373  -1.37749525
 -10.66443062   4.35444114  -6.46615949][ 18.49205853  25.48699347  20.15078347 -18.90040778 -38.18232882
  -4.39448461  -8.05613376  38.93149816  -8.43292193 -13.94099888
  -8.10996509   4.3500259   -9.54613456][ 1.80393675e+01  2.53720970e+01  1.74392612e+01 -1.84372178e+01
 -3.16782598e+01  1.59195925e-02 -1.86377640e+00  2.79928096e+01
 -9.86583626e+00 -9.11911742e+00 -1.23176981e+01 -8.60671731e+00
 -8.64238073e+00][ 17.69546583  22.34055596  13.87313316 -16.25621493 -27.35819121
   1.13541505   4.21830993  22.51017941  -6.7864551  -10.14781799
 -17.80387003 -14.95103508  -7.68014496][ 17.18219824  23.85183105  17.62312486 -15.46824889 -34.01938403
  10.55187508   5.92032575  29.18676827 -21.50365495  -6.25986026
 -15.17647356 -20.52817792   1.5778919 ][ 16.44678841  21.91701081  19.34781053 -10.28672761 -32.46182666
  13.22542237   7.17304325  32.73209723 -21.32776189  -4.22581625
 -14.64399423 -20.2365607    6.49664097][ 15.60350872  20.8021937   17.95711162  -8.16622521 -22.91723024
   8.05398226  12.53228817  29.06366336 -13.43528117  -5.44453755
 -12.9652092  -24.31282839  14.78716533][ 14.62859791  15.72974195  17.27122245   5.2642589  -26.58826511
  17.57085975  23.14835341  13.13562714  -7.6685606  -13.63040325
 -18.32069343 -15.23603708   9.39663056][ 13.68819411  11.26072245  15.61590294  11.98407598 -13.3092268
  21.26688507  13.76358273   6.10478658  -6.49252782 -19.07546943
 -22.95803918  -6.56393346   2.38441141][ 11.93621542   8.90672753  16.20815484   7.52181034 -11.81218313
  11.39188689  -2.33151949   9.67402363   5.65318823  -3.8474371
 -11.96143541  -2.31401129   4.91907146]