[ 13.96662727 -24.58471343  -8.95018833  -4.89377358  -0.93783291
 -20.09511949  -3.54080462  10.51337517 -21.63613785  11.1844296
   6.56972328  -6.65750008  -1.67172277][ 18.29875107 -13.97739942 -21.49172718  10.38367647  -9.52535076
 -22.98286681   7.02307339   0.25595779 -26.21943405  16.72094614
  -2.22015568  -3.85742824  -0.73312639][ 19.33933418 -19.02401693 -19.34215586  14.40792739  -8.00350072
 -15.77410494   5.53545068   4.05367135 -22.50092149  19.73428134
  -8.42712299  -2.55251036  -3.39260463][ 19.832921   -24.28578175 -14.99722256  14.84056017 -11.77761434
 -14.19223067   6.2928295    4.95816963 -21.51832988  20.47046887
  -7.20044253  -3.47481409  -1.15396829][ 20.73930416 -30.5977604  -17.37935434  14.02237485 -11.09033987
 -16.38607073  -0.23336438   7.65820894 -23.09250294  23.34157343
 -12.26110003   4.98845185   2.48831651][ 21.28288146 -28.20948139 -10.04146494  16.99436202  -3.8157341
  -3.52286104   1.07812609  12.61625523 -21.80811655  18.39534679
 -12.76823494   5.91541563  -4.7423768 ][ 21.89058563 -39.04085066  -9.6817631   19.99942676  -2.36590304
  -0.26758746  -0.84104614  18.43146267 -24.46664918  14.4003882
 -16.32863453   0.8230369   -4.59189261][ 22.05102285 -35.42658215  -0.79849102  24.39801614  -3.24229885
  -1.976958    -3.4434644   16.54664777 -34.19088619  12.47069136
 -11.73322794   0.59031517  -4.63810897][ 22.14968705 -34.04842609  -0.89757936  23.77401877  -4.68667365
  -0.39829133  -2.37151083  19.78309454 -32.30762287  11.61705502
 -15.26715582   2.28294413  -4.98964224][ 22.14577833 -34.93144843  -2.31826011  20.79107977  -8.08906996
  -3.95138042  -9.01640484  20.77865254 -36.76978959   4.98880246
 -13.74877652  -4.04835698 -11.8286992 ][ 22.25618245 -35.02596446  -0.87402651  21.10667028 -15.01072411
  -8.95741573  -7.65221397  25.10800907 -36.28787962   7.72468751
  -8.48825738   1.09650012  -5.94894346][ 22.29243153 -33.3881249   -1.22312558  17.34877361 -16.16372981
  -5.37535934 -10.33986388  23.73742247 -33.99160234  13.7070245
  -7.67685289  -6.5501934   -6.01104094][ 22.26270396 -35.53295185  -2.09528411  18.38365964 -19.29798103
  -3.21923745 -10.09690954  18.12953846 -43.84454218   5.33968059
 -10.09535178  -5.58607273  -2.91607483][ 22.31356625 -36.80129683  -1.55311894  18.87238775 -15.37987558
  -4.86216606  -9.17983412  20.38002663 -38.02365292  -3.46098622
  -9.2930829   -1.96708106  -1.91419032][ 22.36540867 -34.32686887   0.10231229  19.74094152 -14.90399811
  -3.42112489 -13.30647391  26.82341412 -30.6630796    0.18633199
 -11.61644124  -2.36009515  -3.46974907][ 22.38521676 -35.48629039   2.17054071  23.07197024  -7.64371775
   0.79885276 -13.12124562  23.41552588 -35.64979191   1.05865775
  -4.25356635   2.59350039  -6.39947871][ 22.35491346 -34.07949139   0.71125137  25.66519119  -9.08106584
   0.66856788  -9.47295819  23.49404873 -37.7478263    0.82650861
  -8.11418309  -1.77653189  -6.13915758][ 22.23325084 -33.42179163  -1.20494075  24.57023157  -8.61415396
  -1.15557906 -12.61712474  20.74429106 -34.40675098  -3.04482113
  -5.11029433  -6.87657269  -8.1664328 ][ 22.51592719 -36.51947847   1.86162133  26.71839609  -7.78835982
  -1.5007215  -15.97034079  25.42353929 -32.74459605   3.87915977
 -10.50298449 -12.80387749  -7.28729968][ 22.53249481 -32.08330357   2.76670594  22.91358453 -15.91600727
  -2.58878586 -15.92718286  25.97737689 -32.86540665   3.50991234
  -7.71938139  -0.29727917   1.74234485][ 22.62628252 -32.06273608   1.43521082  18.86146743 -16.98203027
   0.80306082 -20.26411391  20.59172397 -31.86666187   7.03230071
 -10.21742757  -0.80419638  -8.04701127][ 22.72994604 -32.86480299   0.71270404  26.0557806  -10.07076548
   1.36558396 -16.42371736  27.52637877 -30.64872074   1.87848248
  -7.64877242  -2.13096611  -7.78323852][ 22.66786825 -32.41021634  -2.07971102  24.55670435  -9.38849139
  -2.10566948 -17.67756827  22.18030461 -35.81085588  -2.64534099
 -10.80001979  -6.20322745  -7.40527993][ 22.61542336 -36.70847522  -4.62186775  28.71375048  -8.07055771
   3.22110808 -11.57965286  21.01266523 -30.32090438   0.34075894
  -4.23716274   1.0444273   -2.80483776][ 22.47639463 -35.8514301   -1.11077509  24.03222174 -16.12538204
   9.66908005  -4.51952051  22.34613258 -24.65901128   8.48881291
  -4.69926253  -8.09726886  -2.06814448][ 22.48897688 -34.23987961  -4.21094087  19.32979638 -12.84149336
   5.87289071 -11.11451537  25.51212556 -25.65741017   6.98353628
  -7.64367682  -6.34212685  -0.48138534][ 22.61428067 -32.06820198  -3.46687573  20.83179012 -12.4720962
   3.6239364  -16.90907768  25.70499186 -21.67291372   2.29239111
  -8.44273065  -2.26079029  -0.52556309][ 22.68151332 -33.94068814  -2.49841709  26.84191561 -14.17061952
  -4.53051798 -15.48874476  28.05996953 -28.84132288  -0.06614887
  -7.08508813   1.16143294   1.14425011][ 22.61065691 -34.6561368   -1.70031394  26.38403193 -19.50788475
  -5.27076078 -11.73842108  26.11748079 -32.91866304  -6.67467202
  -4.20787721   0.43465912  -3.91074517][ 22.35371043 -32.74611546  -2.69708221  27.02166905 -20.76909148
  -8.11567165 -11.39407923  28.96428018 -24.1549289   -2.84127794
  -6.29363655  -1.05954714  -9.25934616][ 22.32166386 -33.25818626  -3.55587801  28.36466267 -13.83729839
  -3.53972938 -14.9646308   27.65586824 -22.41515075  -1.39598631
  -3.44736397  -1.35484526  -6.54231406][ 22.41475839 -34.64864632  -6.58327423  27.93714085  -9.74102472
  -1.94577911 -16.17181116  27.35933827 -27.92863056   1.28409162
  -3.47669799  -4.24939481  -6.9452955 ][ 22.35570295 -35.17554194  -6.92374664  27.48042226  -8.74014525
  -2.73632948 -20.01164877  27.79799285 -30.98369021   0.79905786
  -2.69441889  -9.44418694  -4.9869536 ][ 22.31487191 -30.17315093  -5.26147656  24.98522248  -9.81204005
   8.15717783 -14.65915686  27.54091516 -26.63387311   2.64600026
  -2.326326    -5.65628333  -3.23189886][ 22.1118446  -32.21904574  -4.36804901  26.06355687 -13.20085078
   1.42906835 -13.95856045  32.72922421 -18.3567842    2.74557213
  -1.71279367  -5.24222621  -3.25480631][ 21.74866256 -32.9257417   -5.66622118  28.48893557 -16.55386561
  -4.87869653 -13.122158    33.01106474 -25.26293483   1.68063198
   1.17933929  -4.52966239  -4.73951381][ 21.23898819 -30.47145183  -4.58847641  27.60241059 -10.01880094
  -4.69757246 -12.04854558  33.62932433 -24.73560131   2.35262266
  -3.94893723  -8.51971789  -6.07112682][ 20.83353208 -27.49549604  -5.19551854  27.59040954  -7.57661327
   3.35944822 -14.97499755  26.88969157 -35.39912566   5.38870709
 -11.61319361 -15.25336432  -6.85833084][ 20.12050848 -14.41700732   5.2435649   27.07992145 -11.35209356
  -5.18016495 -30.68172289  12.93144717 -31.07013571  15.35884879
   1.82775301  -6.39518279  -9.45902936][ 19.21401696  -6.53059929   6.10293343  26.10404081  -8.37519519
  -1.51779506 -28.60546188   9.06673685 -23.72768637  18.78972268
   8.39211884  -8.52200191  -4.02595272][ 18.90592114   0.68205698   7.15498782  22.97066297  -1.98374021
  -1.18460286 -32.01533946  11.10389114 -25.91054526  26.23642925
   6.33681406  -9.79630316  -0.90716654][ 18.58210876   8.21071377   6.61798262  12.85154375  -2.10518443
  -0.56375491 -27.0812729   10.03117305 -31.59186421  26.2059274
  -2.72495779  -6.58805143   5.52642974][ 19.10102363  15.60934763   9.05586431  14.49545166   3.23094914
 -10.34739457 -44.98896855  13.6121483  -21.78722901  27.3178817
  -7.75343467  -6.72544316  -6.45306366][ 19.27086054  15.75250744   9.99241153  10.93664829   5.08387641
 -13.22097814 -54.45120359  11.93507008 -13.22994762  16.18904707
  -7.23937662  -5.13859855  -4.508568  ][ 19.22544838  14.56365579  11.41069908  11.12515811   7.81966804
 -11.25882122 -60.75181667  17.65016532 -16.11011194  13.04111737
  -5.71783024  -3.85787595  -3.00288184][ 19.31317623  12.22000924  12.55521235  10.42932985   8.84943776
 -12.46622669 -57.28982356  13.27940232 -21.88682781  14.09936106
  -5.76595472  -2.39432537  -2.82436913][ 19.54442437  12.79260335  12.81141783   9.79497493   6.20269987
 -16.19296545 -57.11665912  17.02156834 -23.22244521  17.12689803
  -9.92308394  -1.5803524   -4.96395925][ 19.77784004  12.8937947   12.5136911   11.65247069   9.19044974
 -21.951187   -60.86205574  17.40398096 -16.37995294  22.62041632
 -13.33620364   3.94116005  -4.89998533][ 19.7980448   14.2008892   10.62110283   2.07377113  10.70120924
 -18.28321435 -53.71570911  13.31547549 -13.2344348   10.13209337
  -3.9964465    6.70745859   0.29828987][ 19.54169507  13.90240638   9.3866133   11.61298395   7.74583313
 -20.70337503 -54.53751137  11.07201806  -7.29172336  13.25533578
 -11.23309803   7.3046632   -1.23763729][ 19.37711976  12.28716142   7.72191687   7.51488414   3.51959955
 -13.12828104 -44.18222371   3.61744856 -12.54717626   7.60751998
  -6.46227769   7.07739044  -1.82148186][ 19.41180125  12.4628572   12.44490897  12.19361628   6.04433786
 -15.90735074 -50.40840221  11.3632013  -10.7289399   11.44735017
 -11.54401573   6.41572331  -7.31278961][ 19.40087792  12.8578886   11.29269669   8.1401774    6.7734646
 -20.06710191 -48.77094653  11.95798184 -12.51408795   4.92983692
 -20.04716774  13.44684267  -8.69056107][ 19.37463809  11.26725266  12.49216864  14.11638767   3.23294384
 -22.00667843 -51.12161774  11.77279301 -16.80097403   7.31051948
 -16.21127164   8.18904063 -10.48927091][ 19.41869882  12.1418968   14.31553431  16.04029659  -0.33284112
 -20.76409227 -51.73196791   9.4634733  -12.98427288   3.54020823
 -13.25071265  11.45729797  -9.58843232][ 19.39190954  12.9027112   16.14073581  17.03532109  -4.49796031
 -22.74592354 -50.73860219  13.808702   -17.58483872   7.66812961
 -12.11423561   8.72570139  -9.77997269][ 19.37771678  13.82697509  16.73538566  18.26178768  -1.95668546
 -26.28150173 -54.13798008  14.91688917  -7.83413504   7.76303597
 -14.23807318   8.71269211  -1.81197806][ 19.32022658  14.54995043  15.43566236   6.20680799   0.34911638
 -16.31082774 -49.14445821  10.27737606  -5.42063634  -2.60502113
  -3.71597837   8.33865236   2.78703585][ 18.9949126   14.5365991   16.19280175  16.20286718  -5.3530325
 -23.32053377 -48.6948278   19.81071306  -6.61883544  -4.83762215
  -1.82420238   5.44760531  -1.85717869][ 18.48705008  15.09969579  10.38478253   8.97259585   2.51609764
 -21.14170908 -39.39497625  19.47832158  -9.12611691  -2.40137169
  -3.95296237   2.29075213  -4.62393018][ 17.98600599  13.60063935   7.43884147  12.91564701   0.64733002
 -15.56888515 -26.21916339  27.26714559  -0.61794055  -6.19326501
 -13.55655952  -7.61825288  -5.67492961][ 17.8657219   13.19143025  10.39661557  15.1459124    1.85680837
 -15.81618184 -29.96239912  28.4111977   -1.25720624  -5.8064924
 -12.92587347  -0.63267236 -11.25791178][ 17.76105656  10.43418732  11.26526857  14.3510828    1.65421894
 -10.03821349 -33.47325757  28.5784989    3.72876784  -7.15995852
 -11.01344667  -3.35261504  -4.18890025][ 17.52014006   3.07923109   8.72616049  24.16573798  -3.34863118
  -2.60449883 -16.75987546  15.31381536   9.27148484  -5.49648213
 -22.55256888   1.27955619  -6.94875541][ 17.17845761  -0.13305366   9.01886541  29.93749081  -0.07654312
  -1.50988746 -14.05638721  14.86518485  10.78950334  -3.87589593
 -18.47465305   1.38868732  -6.15816317][ 16.42944481   1.95463407  12.92994009  26.98590607   9.1381431
  -4.69838832 -10.43237277  20.86381495  -8.15938445  -2.95554917
  -1.63389819  -0.57666307  -2.61917333][ 15.75391471   3.82065326  10.64263506  27.42928692  11.99454878
  -1.26956848 -16.66003989  20.17336483   0.05370841   1.16681101
 -16.28359782  -9.54190431   5.76514305][ 14.7889877    3.2793761    2.25695842  19.65100038   7.0822784
   0.88118369  -9.01536435  14.67954544   4.51970473   7.20396866
 -19.33341622  -8.60903374   9.26559138]