[13.61814098  7.28320623  6.09496806 -3.19330389  2.32581065  7.94599977
  5.7706176   0.3020592  -8.60653595 -7.40497437 -7.08330205 -3.67633524
 -6.14902027][ 13.86453001  11.66476027   0.03761333   0.53129286   1.31181618
   7.29965493   0.23584857  -2.23351443 -17.19615323  -0.76296015
  -6.82669039   1.65459479 -13.12826879][ 14.40924343   2.59554324   0.36372809  12.04392886  -4.65901854
   6.5812491   -0.36723765   1.28518212 -13.8199802   -2.11741988
  -9.69370768   5.85311149 -17.20336181][ 15.44159482  -7.0324284    0.74617237  21.34482182 -15.74457877
   2.08185079  -0.02332156  15.58901544 -21.22759698  -2.05263569
 -13.93650025   6.07348758  -9.21135236][ 16.45534375 -13.83581799   3.2762143   19.58614294 -18.66790142
   1.86679218   1.03694322  16.94015081 -27.57842416   2.46465484
 -12.52011605  15.40656458  -8.39413192][ 17.33254944 -19.7743993    2.29571591  19.41805586 -21.07004171
 -11.26574914  -8.23117637  10.64448175 -35.76053064   4.6383549
 -15.74680267   0.48421561 -13.2793083 ][ 17.9424329  -23.75660171   9.38013148  27.94642147 -26.15720161
  -6.17910803  -0.97384134  21.03156706 -36.57993915  -5.92119546
 -11.7942529   -1.7420901   -9.41701322][ 18.3264853  -24.95697948   5.13470603  23.23651917 -23.4578733
  -0.59821446  -7.38367868  14.56491422 -34.03142992  -1.07274833
  -8.47865636 -13.25626935 -12.86866071][ 18.86806074 -27.41292159   9.37504645  30.94790063 -20.43960475
   1.77445731  -2.53963004  29.00766568 -33.60708327   0.63443619
  -6.78127026 -14.33635185  -1.80391257][ 18.93955789 -28.07505644   9.34065698  34.11438129 -15.99546809
   6.89070502   0.16335618  25.02693179 -35.49789161   2.26783355
  -1.49180119 -10.11056111   1.05823112][ 19.27665704 -26.46963216   7.04820995  30.05596588 -14.41600711
   9.07927306  -4.77361321  26.80368083 -29.20005072  11.43677108
   8.08895608 -12.51228169   3.47924024][ 19.32876123 -28.77552437   4.04679729  30.84019863 -15.88427997
  12.21904312   0.54996667  28.09513986 -30.77973532   8.00168789
   3.68011989  -8.58943163   4.5756404 ][ 19.34416553 -30.75438168   6.61293576  33.27666255 -17.56955195
   4.46166409  -1.71809234  21.8091694  -31.5652012   10.33411299
   3.84876841  -9.12875728  -4.54763955][ 19.29278024 -30.28241685   6.3849342   32.5419598  -26.37315284
  -3.42807547  -4.31993745  20.58982648 -34.25397367   0.91444247
  -7.43125199 -15.99044956  -6.31123166][ 19.21649645 -29.31135062   4.75059624  33.83204292 -19.70961302
  -0.20251956  -2.54989811  17.20148823 -31.63230804  -2.31548459
  -6.07419411  -9.84207432  -0.65876815][ 19.68984827 -32.99364599   4.65661272  30.26152801 -25.1443393
  -2.11351166 -11.77663953  16.23333246 -37.96270898 -10.19448812
  -9.91739137 -15.95287408  -8.49340445][ 19.84688457 -32.67372557   6.68893832  32.09543469 -21.88907056
   0.52755527  -8.10882731  26.11583607 -24.9100947    7.48756937
  -4.67351976 -10.27900632  -2.89512085][ 19.89395286 -27.25780315   3.4874184   28.39311203 -18.66752894
   7.46552546  -6.76799772  24.72267993 -22.06140406  15.28769384
   1.93829592 -10.06801193  -4.8359136 ][ 20.03023087 -29.44077586   4.0118977   28.97072479 -22.30947348
   2.85458577 -10.94093304  21.68687659 -34.83412252   3.46837545
  -7.48694606 -18.7192324  -11.00625718][ 20.13907936 -26.50576878  -0.50166345  27.57112279 -18.63505749
   6.51772554  -7.70883393  22.68257721 -35.65558021   4.84002644
  -8.30229986 -17.68556569  -3.69498901][ 20.2797452  -31.26508579   2.45058795  37.27486832 -17.21867836
   3.27198675  -8.06743221  26.23221682 -34.54792567   8.2085454
  -1.19140394 -11.37153995  -4.0571126 ][ 20.21419503 -28.12303386  -4.83015722  27.55095792 -21.31906511
   1.94406079 -13.8483967   17.67687575 -33.65093282   4.13697356
  -5.20486114 -14.08982968  -2.35282627][ 20.43325976 -30.9714406    5.0276392   40.55098329 -21.39003608
  -1.64098887 -11.69173448  23.99202443 -38.61326279   0.34900456
  -1.15700705 -12.25670067  -3.88033369][ 20.46284086 -30.05984324   6.6619772   39.47082943 -23.3275015
  -7.52318895 -10.24976339  29.79208982 -35.12800074   3.55998865
  -1.05215029 -16.48295906 -10.43691519][ 20.33848652 -28.79337853   5.6423625   37.00214609 -21.68035556
  -8.59421086 -13.16010713  28.54068008 -38.62856551   1.17736947
 -10.61840253 -25.39666968  -8.2192394 ][ 20.27861981 -25.41366051   3.17496182  31.88600579 -17.18620393
  -3.25418739  -9.9986263   33.00296493 -33.2175413   10.2713504
  -2.64249907 -14.52058721  -2.38681501][ 19.92323229 -25.68881099   7.10731847  35.68622285 -17.19008307
  -5.78991849  -8.01944099  33.79088533 -32.15837112   3.61237277
   2.55739062 -14.49128463  -7.51078515][ 19.64554074 -25.99893446   2.92748602  31.88415116 -15.57490497
  -0.17176098  -8.83193421  28.68579567 -27.31898896   4.41640166
   4.90501929 -13.63126787 -10.11913061][ 1.90658989e+01 -2.50122280e+01  4.46448209e+00  3.18583995e+01
 -1.66649810e+01  8.26644324e-03 -4.70747117e+00  2.40992931e+01
 -2.94204231e+01 -6.98515749e+00 -4.69668082e+00 -1.43533402e+01
 -3.74968220e+00][ 18.27808244 -20.26330849  -3.77499632  22.82145619 -16.46527248
  -1.78741193 -11.92368756  28.80532044 -24.90012626  -3.00869043
   0.93846255  -7.63979253  -4.84443023][ 17.44730572  -9.74488904   0.23766026  30.59236232 -11.91823361
 -15.75127879 -20.06008493  26.80427414 -38.41029335 -11.98910839
 -10.7127961   -4.27810199 -11.5312974 ][ 17.18882548   3.76991372  10.46351732  22.44292219  -3.84209486
 -20.0333537  -25.14580825  15.74718408 -34.218006     8.29100793
  -5.30317537  12.29087857  -4.47297698][ 17.86905362   8.41849339  12.15530498  22.070506     1.98397612
 -26.22550426 -33.88838826  11.23268902 -24.63553     13.00907937
 -12.53418302  15.19366415  -1.36196589][ 18.2889       9.58739043   4.34633624  19.93287969  -7.12240116
 -24.58488218 -28.1927458   15.7429372  -21.63833585   5.01219766
 -13.93041838  22.26747926  -1.31990726][ 18.5793722   10.54954164   4.43300763  20.65580673  -5.96556878
 -26.15404696 -36.08771098  26.39791831 -13.36301403  14.88018136
 -20.94515933  13.64001912  -1.83095432][ 18.60822035  10.06948002   3.28079476  16.34493227  -6.76714922
 -30.80516001 -32.66759291  21.37023929 -12.08528387  18.26717836
 -19.90971274  10.83729713  -2.69786493][ 18.67228726  10.82562688   0.98875058  20.93489917  -8.92707939
 -33.06796917 -39.27418844  32.36947763 -17.3304831   19.61299299
 -19.32970503   9.07695942  -5.28355598][ 18.78815456  10.66165755  -0.71396394  19.11275374  -8.88625267
 -34.63757037 -35.47266622  30.31290126  -9.73198352  16.04452289
  -4.59453109   7.15499942  -9.35572129][ 18.79436558  10.27063685  -2.43176082  19.30762628  -9.608437
 -31.83983059 -33.75806045  23.32488845  -4.20308744  16.17807978
  -5.07113107   8.99153663 -11.02844341][ 18.76184607   8.80043288  -2.41159412  14.86068744  -7.70044309
 -29.38910552 -31.50535019  18.06921176   2.62153696  19.78222514
 -12.60865849  13.48510753 -17.49175605][ 18.54666      9.11672074  -3.28472915  13.71397648  -6.89385536
 -21.51498589 -32.92944787  19.83046207  -1.75606142  21.88459615
 -23.30705219  21.60381812 -12.15893252][ 18.51378378   8.38022212  -2.0672948   10.56227688  -4.4854728
 -19.4005846  -32.18327147  19.56485333  -3.09902566  20.87804919
 -17.77494464  19.91371329 -12.85513891][ 18.44666422  10.49898365  -2.29493079   9.95822353  -1.98234254
 -18.43923541 -32.90377814  22.37595136  -1.57876089  19.46404925
 -12.17145948  11.96167368 -10.78507227][ 18.24312743  10.89633986  -3.45902806   8.57542511  -4.32887661
 -16.62254936 -29.00523855  27.6159807    1.28579645  14.91251575
  -9.45604034   7.44806563 -13.33103034][ 17.90456943   7.03387407   2.70593187  10.87126696  -3.10827351
 -17.01943263 -26.4542719   31.33928229   1.9635503   13.27283496
 -14.76912939   1.58947805 -12.7899247 ][ 17.77846378   5.31331579   5.22819864   9.67411476  -1.69429626
  -9.44124202 -27.47098362  26.38153918  -4.51960819  15.13326635
 -16.5746066    3.02881289 -12.32139713][ 1.79319604e+01  6.58680581e+00  1.67303097e+00  6.45092039e+00
 -1.60572125e+00 -1.07674045e-02 -3.02021834e+01  2.44260438e+01
 -9.12271456e+00  1.47916600e+01 -2.02151079e+01  5.37549859e+00
 -1.33038097e+01][ 18.11939018   7.21737951   2.79996516  12.51192001  -3.05026039
  -5.59700909 -32.32567697  23.59796216  -2.83213794  24.24486525
 -26.8560342    0.67833835 -10.07029052][ 18.17880072   8.20252356   2.19604934  11.13467963  -4.24167148
 -10.72819748 -33.58910618  19.35399978  -4.94203482  24.5214275
 -20.97786445   0.61429197 -12.66280916][ 18.26840769   8.58367135   1.89584456  10.88528323  -5.66468835
 -10.35962611 -35.63966962  21.00238252  -6.94519817  26.9956928
 -20.24304357   0.77245598 -10.59324985][ 18.16833135   9.89264707   5.46875657   7.01063498  -5.57781067
  -6.81822562 -40.5496691   20.60895497  -6.41283241  25.46811601
 -17.20668121  -1.64274257  -7.79297996][ 18.09640854  10.08991255   6.10512212   6.5301962   -4.4776347
  -7.30932341 -40.92611311  19.15589564  -6.44313886  23.22091562
 -16.76959448  -5.25583977  -8.04437516][ 18.08348823  11.46023767   9.16886271   6.47923413  -5.59373165
 -13.61879374 -35.29039339  21.79240905 -15.28973251  20.77903595
 -10.98548017  -6.23995257  -0.24063021][ 18.2268852   13.28530037  10.72389657   8.48143316  -4.10295721
 -15.70249172 -43.14382816  21.50521253 -19.00097     22.84175134
  -5.65324804  -7.58320857  -0.8852616 ][ 18.29334255  15.50580088  11.70719384   2.76484269 -11.0732433
  -8.61486737 -44.85741524  14.30053165 -25.56914829  12.16454929
   4.13336558 -11.53845101  -3.24818551][ 17.90237415  14.89881268  16.9032973    9.73197545 -10.05465321
  -4.95253782 -54.63314296  16.57397681 -18.92252191  12.00088059
  -2.38296133 -16.30785591  -1.55554063][ 16.80229133  14.37197287  11.82372677   2.96778223  -9.24792735
   1.03750127 -35.68198382  10.77037065 -16.94512533   5.04964993
  -0.76430569 -16.71346817   5.35656037][ 16.10509217  19.33752151  12.63443256   9.25318562  -0.76288981
  -2.36105923 -18.53196845  10.2480499  -11.02380569  -4.44442405
  -5.02035192 -10.53099831   3.3103    ][ 13.9437767   13.095374    24.70083204  12.69919055   8.13354182
   0.47942922  -9.21114314  -3.46627054  -6.27845069  -5.31059322
 -17.88719118 -11.72623475  -4.12031127][ 13.84112288  10.96587413  25.46146131  13.14967266   9.34723405
   2.99391859  -2.85095623  -7.5858198  -13.18129103  -6.93293186
 -14.47543313 -12.9986624  -11.42137035][ 13.71236948   9.18037726  28.87568764  18.1392958   10.73819534
   0.18346528  -5.95216652  -7.53519619  -8.7541329   -6.37028476
 -15.70500553 -13.13969004 -12.36031165][ 13.58283074   7.59270014  33.26325363  20.33476928  10.44150302
   2.75225614  -7.93749942  -6.12694063  -7.0280929   -6.47479979
  -9.88899431 -16.35302197 -19.03282126][ 13.40959163   7.4998252   31.73588408  21.92717238  11.29922661
   5.80585285  -7.55752339  -5.69923124  -8.39601502  -7.36907065
 -14.59327219 -18.3075745  -12.02968079][ 13.26481132   7.1169402   29.65720853  23.7363129   15.56211892
   3.22437799 -10.14742045  -3.92516689  -5.47811727 -10.10820039
 -15.27728548 -12.87632667 -14.42394994][ 13.14601449   5.08682536  28.9494912   25.31921776  16.97355369
   4.59967736  -8.02370356  -1.88382176  -1.72660932  -9.37525497
 -15.84048146 -16.44307958 -13.53479503][ 16.27821249  -4.97941881  10.04425738  24.95758757  -6.97572674
   1.83814585 -17.13968193  -2.89888951 -28.32888446  15.38170786
 -11.65432725   8.57588384   4.27608584][ 1.82117902e+01  8.97947475e+00  1.69323048e+01  2.47521053e+01
 -1.09313840e+01 -1.10970450e+00 -1.41324409e+01  9.25952936e+00
 -1.89511837e+01  1.11509853e+01 -1.43483538e+01  2.50223360e+00
  2.07802054e-02][ 19.02520641  11.58170722  14.96558965  19.3559289  -13.18550924
  -0.82220414 -20.82541402   6.03302724 -27.40124521   5.29416475
 -18.41292746  -1.37834896  -6.03079325][ 19.11378958  14.0660961   14.27490493  15.45151623  -9.7665875
   1.74484335 -30.29608577  14.41698722 -24.20817675   4.16816275
 -13.49218351  -1.94416341  -5.12374505][ 18.30877287   8.12151639  11.99894698   7.12373147  -7.10517623
  -1.3851927  -45.34092561  13.9937726  -24.50422972   6.75652713
  -6.84025961  -3.83789887   4.00784158][ 18.22711665   5.84638382  10.83063836  11.09529915  -1.72068443
  -7.42458993 -44.47804698  25.98090162 -20.1040786    8.69441508
   1.19829333  -8.2742284   -0.10855033][ 17.98962874   5.5324837   10.14790216   9.29869204  -1.18831013
  -4.77587979 -34.14459184  29.11173114 -19.98198621   4.7862278
   0.521775    -8.55175877   0.41080818][ 17.84245463   6.54851393  11.14349328   9.58049396  -5.31647385
  -8.70903653 -27.75621031  29.68123304 -18.19767376   5.75667467
   1.98079226  -9.11231524  -2.33593489][ 17.59671018   9.42464476   7.44797703   4.85048219  -2.96719208
  -1.01592937 -24.78547121  17.65048777  -5.17172405  11.92144477
  -3.49704141 -13.37400349  -0.03262876][ 17.61589427   9.1123317    6.74323245   4.45728223  -1.9239541
  -1.56872383 -27.81486059  22.79428055  -4.14611351  12.94394822
  -7.5963027   -9.85591202  -5.49881369][ 17.61835974   6.79041913   8.0275238    9.30923808  -1.36603749
  -6.2910003  -21.49371243  26.3464507   -6.50196176  15.71568631
  -9.30436145 -15.53598103  -8.22003875][ 17.40969562   6.63561547   8.9563814   10.44185386  -1.21793111
  -1.72405469 -20.42930504  33.15239262  -9.57334367  18.73232764
  -6.2059303  -25.57215119 -16.24085873][ 17.25429862   6.38856815   9.74305808  12.08431149  -1.62873392
   2.63630596 -18.33024558  31.23522604  -6.51014404  12.75780077
 -13.68966484 -25.72135562  -8.91102635][ 17.25279384   7.41713094   6.00097395   7.82446525   6.61898985
   8.18026798 -19.10946144  23.70420081 -11.18339074   8.1411957
  -8.46288357 -25.31651291  -7.67968331][ 17.35408047   9.44142323   3.01486326   5.54850387  11.99474957
  12.15887091 -19.97640117  24.32130296 -16.48692418  11.08894814
  -3.29799135 -36.48414618  -7.27578347][ 17.07350565  11.70195672   2.45883683   6.23857624  11.2792816
  13.17271494 -19.75014536  15.61552904 -21.21042298  13.5514441
  -1.71629331 -34.0746112   -1.31757494][ 16.55628306  15.44569402   1.60253196   9.52384723  14.78411293
   7.19400104 -12.70107675   5.24842615 -20.90535653  11.94871483
   1.43695937 -30.80869782  -0.89797204][ 15.61669785  17.96546113   7.59767868   5.83547123   9.89774759
  11.97033256 -18.67162371   1.0351638  -13.91143877   5.88754551
  -0.51584952 -14.2661602   -0.68542334][ 15.28072657  12.98820257  13.25480791  24.50394925  20.10926791
   5.88575044 -12.36773772  -3.58761207 -14.19312114   4.8477731
   2.83450004 -16.83137114 -22.13306272][ 15.26339364  14.31886115  12.11996387  16.91727013  15.16160085
  11.36025643  -5.52687059  -1.22057026 -12.15396206   2.03697952
  -0.37576277 -20.6791418  -20.30995532][ 15.244492    14.82935238  11.33859647  19.06738631  16.56598295
  11.12803936 -11.17874045   0.4171037  -16.47920654   6.14666681
   5.95430587 -14.2116047  -16.95046725][ 15.27132664  15.29064624  12.04441906  18.45177406  17.14963672
  10.87554292 -14.28689965  -2.35061598 -13.70229463  12.71157694
   4.96970807 -15.93730038 -14.36715265][ 15.30061558  14.35685951   9.58341308  21.38140155  19.58369369
  12.16094584 -13.98773314  -7.04991384 -10.56349846   7.28034412
   8.27460916 -17.37876143 -12.3434604 ][ 15.29012666  14.25576758   8.59552075  19.58543108  18.15880192
   9.26155442  -8.8513565   -2.8678384  -10.80289217   0.4304367
  -1.0944009  -11.17901667  -7.53700455][ 1.51457989e+01  1.51463722e+01  8.42144194e+00  1.82524194e+01
  9.73695095e+00  3.84091068e+00 -4.83636155e+00  1.18848441e+00
 -7.40599396e+00  7.38653820e-03 -9.36397163e+00 -8.25950700e+00
 -6.45007032e+00][15.00112158 13.20399926  8.67634414 19.48421239 15.02961897  6.36874445
 -7.43267641 -4.7062521  -6.7250555  -0.80862086 -6.82716399 -6.25255521
 -5.49045618][ 15.0320247   12.35033298   7.76035764  22.78474595  15.94344713
   2.34699214  -5.00102901  -2.21347082 -17.01711883   1.87196884
   0.73259284 -11.47543608  -7.36096891][ 15.10863657  11.82646281   8.09011352  21.56254572  17.67341879
   5.30541627  -3.97882127   0.02618731 -20.92010613  -2.09412896
   1.83882478 -12.61262326  -4.8174052 ][ 15.17319186  12.26170123   6.35839317  21.63066441  17.22862843
   6.9331021   -8.25044629  -0.39471719 -14.88959364   0.85656889
  -1.84726902 -15.14112775  -5.78271781][ 15.23213364  13.27469736   5.80303132  18.22720911  13.23566407
   2.58540027 -10.40333239   0.35565818  -8.68557719   5.29731925
  -0.97358726 -19.63911874  -6.60764069][ 1.52907305e+01  1.35835116e+01  6.63400856e+00  1.84513280e+01
  1.31344694e+01 -1.65650050e-02 -1.32327377e+01 -1.40483716e+00
 -1.02994231e+01  3.62683488e+00 -5.86928913e-01 -1.51048080e+01
 -7.10425393e+00][ 15.42506328  14.80324514   5.97262709  17.89240055  19.0302075
   2.05126917 -15.46134774  -3.87418015 -14.92633511  -0.87917906
   1.12741657 -12.8375194   -3.50580965][ 15.49666265  14.35222719   7.6606653   20.76352085  21.53003433
   5.35770152 -17.58470985  -5.43111075 -13.77980164   1.91667294
  -5.05850415 -11.76065707  -4.98711403][ 15.50109891  14.75301577   9.32264923  22.61233118  18.0198426
   7.99182601 -18.69872293  -3.50210978 -12.00304609   3.65998225
 -13.52375869  -6.97527774  -3.65960296][ 15.5349518   14.69516517  10.74117152  19.59392592  13.10127217
  13.12537603  -9.92769719  -7.17457226 -15.50288462  -1.95206143
 -15.56073476  -8.57705611  -2.71082408][ 16.35803856  20.54522518   9.55253412   1.59946567   7.75647313
  10.57751847 -19.15795429 -14.95320834 -13.47700172   5.82373775
 -13.52507369  -5.01802033 -10.72001842][ 16.8444434   20.15586416   6.90066911  -1.13902098   5.54665845
   2.07888349 -16.94573349 -15.03264686 -22.5220677   14.27001877
 -11.45920909 -24.18723697  -1.60389257][ 17.15744071  18.12024966   8.79377169   1.06082423   8.74604976
   9.42115145 -18.08828668  -8.04132047 -18.99756338  21.45609358
  -8.1747     -23.4282803    2.01751893][ 17.13528958  15.7837878   12.16017023   5.32134801   6.49317256
  10.53613095 -16.18339738  -8.71766791 -15.23650965  24.53560946
 -11.39123293 -29.85847693   3.38151734][ 16.84881341  13.66602045  12.95884135   7.81445631   7.64368521
  17.81705123 -20.4846116   -3.44071952 -12.48528764  27.09245731
  -8.89444833 -36.26408219   7.3743732 ][ 16.6078224   12.05747434  14.40976059   8.94995592   8.14362707
  18.9864925  -23.17399779  -0.51815999  -8.71195326  19.07051488
  -6.84106568 -34.04385308  11.33844489][ 16.42451312  12.58768554  15.40034554   4.88398036   6.90699819
  16.99449355 -19.63693404   1.80344221  -0.82091895  11.79527462
 -10.40630468 -30.31220452   5.36401654][ 16.15776223  13.90166992  17.56894346   6.12864332  10.35435492
  19.35115703 -21.8756053   -0.12476323  -1.90612032  16.23957264
  -7.72138098 -28.19923244   4.17868557][ 15.8023353   13.75089594  19.41145281   4.89071747  11.20190279
  22.17276253 -20.91956134   3.90888182  -1.4953067   18.97056458
  -2.40150913 -38.91549547   9.71574826][ 15.37326743  12.04052928  19.25837947   6.9753278   13.98360314
  20.8616254  -20.09765606   3.27712008   1.71074293  22.37647351
  -6.6127123  -35.72349771   5.86638451][ 14.81521713   9.52235071  17.5497594    9.82086943  15.96172841
  23.15990038 -18.91932237  -0.36637715   0.97145262  25.19581137
  -2.93784786 -31.55965655  13.58366871][ 14.10090228   6.87573895  17.34903736  11.5431724   17.04053843
  23.25406547 -14.29484822   5.42741991   4.10026372  19.43530943
  -8.13218721 -24.6463827   15.00235354][ 13.30631079   4.28606378  12.91249962  13.50816706  21.59449317
  26.57391447  -8.01380055   2.83956558  12.83858554  20.37330637
 -13.07403481 -24.19660883  10.76917756][ 12.40165094   3.16253039  13.1988602   13.11398026  16.27741088
  16.58542152  -3.2906942    2.25444982  17.50029237  12.61872551
 -10.12605566 -13.2902993    9.01274625]