[ 13.60321025  -3.99315168  12.53340819  20.68468084   1.45635021
 -18.40128968 -10.84674337 -11.54613709  -7.73005028  -5.50192728
 -18.66062446   9.0138503   -0.1173656 ][ 15.94043512  -8.75889785   8.72861265  44.65137522  10.01492602
 -29.83173646 -12.53681669 -19.82408221 -25.06027005  -0.93659713
 -28.29201112  23.59463734  -2.47623494][ 17.4534333  -12.60546112   9.29327535  46.44825376  -0.19206036
 -27.58787124 -10.51011824  -8.48094668 -19.09898264   3.8272004
 -31.1956408   16.91705529  -3.83095929][ 18.17722369 -12.66062101   3.14148015  44.74989703  -3.19654385
 -25.16464717  -4.91031717 -10.39094383 -21.08923776   1.38608904
 -37.11572568  14.44641323  -5.63092015][ 18.75306768 -13.05963647   2.70292899  44.17594296  -2.13458486
 -27.06955664  -1.61963207 -11.15973003 -18.2238388    0.95045882
 -36.17627585  16.37264352  -3.33387039][ 19.08788678 -12.13006772   2.88331755  48.48787527   1.12935264
 -28.71986179   5.91316398 -10.64167695 -16.42719427   0.39685723
 -32.69904625  16.6852455   -7.40086378][ 19.93331855 -13.29194921  -2.96193238  43.42260175  -1.82834758
 -36.05371561  -1.67959081 -10.20247424 -24.83723366  -0.59729473
 -28.24916371   8.63674206  -2.68385118][ 20.34150187 -15.66205224  -0.59555879  48.35686093  -0.11002814
 -46.88718772 -13.08021497 -13.13648173 -30.12851577  -6.51446951
 -31.32492329  15.61862032  -1.41388791][ 20.57065092 -13.03032208  -3.14606584  43.54830115   3.74648555
 -44.55526298 -17.6258225   -9.32821648 -27.94764127  -3.69661323
 -23.36713297  20.17931666   3.8728768 ][ 20.82121798 -13.20907006  -1.10464471  42.29499363   4.60810865
 -51.13335197 -28.51782312  -7.76829533 -23.70846645   1.09742576
 -15.26379635  23.01747248   4.69335826][ 21.18530785 -10.91633498  -8.24107998  24.41272323  -0.96350229
 -44.68568781 -28.02089356  -7.79942383 -22.98513692  -4.33218631
 -14.73556852  14.37468042   3.07772631][ 21.42643629  -8.93935648 -11.17021678  25.75371331   1.69794839
 -46.11750614 -37.19302377  -8.63658707 -11.08059719   6.31903438
 -10.10044605  12.27215727  -1.84115485][ 21.4944755   -6.79796953 -18.81247957  22.21606571  -8.25636966
 -45.86559728 -40.33221606  -5.28934646  -6.81311107   8.96265834
 -13.90485778   7.75242966  -5.96124691][ 21.54872759  -4.81516248 -20.14281849  20.42920846  -6.88180121
 -38.45447723 -36.68301699   1.20641742  -0.53698459  19.59556136
 -11.04660724   7.39411231  -7.49127427][ 21.77568204  -5.76517399 -25.77382787   3.29940753 -13.00227485
 -32.96738966 -25.78592292  -4.65377254  -8.45118189  11.43567849
 -10.61373849   1.74022191 -13.62452594][ 21.84847519  -4.24113919 -22.76339006   7.69354847  -8.52055242
 -36.70817302 -24.31110812  -1.75619402   2.16148492  19.40663431
  -4.44674197  -2.40650515 -11.95646711][ 21.88508131  -4.08895237 -23.7540369    7.10053412  -5.46290031
 -39.05445057 -20.34223306  -6.19562511   1.14671002  20.93878176
  -4.41565024  -8.56754194 -16.9121475 ][ 21.844967    -5.96621475 -24.35329344   4.51425565  -5.38623277
 -40.12281186 -23.89320099  -9.45357062  -1.19247114  20.61487176
   2.25239769 -10.32847331 -11.13085904][ 21.66956449  -3.64123596 -18.14780669   7.86409541   1.36279824
 -30.5191475  -18.71241434  -2.17353877   0.0559465   27.46804228
   7.72212523  -7.42335756  -7.1583796 ][ 21.1830907   -4.15960561 -19.43570324  -1.71073387  -9.12421429
 -35.56153681 -36.48314566 -10.33596132 -25.46318294  22.99199265
  -6.72800903 -12.1639961  -19.56822066][ 20.52864883  -2.2267454  -14.41895543   0.67961259  -3.63939474
 -32.41148638 -37.29196169  -9.32328651 -28.43806796  24.09000937
  -3.92627706  -9.02656746 -15.02575577][ 19.47139176   0.82204843  -9.419055     7.02518025  -0.55109618
 -20.4438268  -30.17719362  -5.55045151 -29.56237638  31.41322092
   4.32921431  -2.50962523  -9.13209326][ 17.29776872   2.77136039  -7.56816605   8.63137258   6.20393454
 -13.97184187 -23.5506749   -1.47554554 -29.69975249  30.39395382
  -0.84677452 -12.62238739 -23.4019367 ][ 16.19449916   6.46195983  -6.85556541  11.42476908  16.3349179
 -10.79484749 -18.94244889  -8.17655016 -29.19615227  27.8765167
   1.94822645 -11.46683899 -23.08853222][ 17.10066793   2.4870419   -3.89853001  10.09085737  16.00113066
 -16.63772715 -21.33511789 -15.78800689 -44.38965585  20.92714899
  10.07938904  -7.45580535 -20.17423595][ 18.72737978  -0.58924391  -3.52391253   5.78136303   7.8448551
 -21.14205544 -27.52153405 -16.98318614 -44.70642356  28.98645336
   8.50209382  -5.43477983 -17.70822384][ 19.90072187  -0.42089383  -4.53688428   3.69752561   7.2807062
 -29.93030038 -30.490724   -15.91560983 -32.55183575  39.56915159
  11.86190473  -9.64280366  -8.7519305 ][ 20.53230995  -0.86298915  -7.3836576    1.97144785   1.73380878
 -31.2237461  -30.98193426 -11.26875741 -22.99170688  43.04838007
   8.72980635 -11.31605414  -8.80484248][ 20.76312766  -1.7337792  -11.97473944  -1.80988604  -4.37324202
 -29.94458291 -29.18605981  -6.42966915 -20.86047016  41.57081859
   3.12179835 -11.17978152 -10.89753143][ 20.83569646  -3.39203364 -12.70376691  -0.88415749  -8.19148057
 -30.52013222 -30.46800983  -6.27969452 -13.70608152  41.70894847
  -1.32188218 -17.419372   -17.25142214][ 20.89280061  -1.05590459 -15.19960662   0.52588564  -9.15246856
 -28.96763254 -25.03801301   0.48826919  -9.59481199  44.79396922
  -3.18827376 -14.82362309 -14.71702696][ 2.09893724e+01  8.25022512e-03 -1.89007427e+01  6.08129110e-01
 -1.51226467e+01 -2.70468663e+01 -2.42476448e+01  2.70905361e+00
 -1.26414408e+01  4.30594321e+01 -5.24645579e+00 -1.94955302e+01
 -1.96338177e+01][ 21.01294463   1.22945998 -19.08281629   2.34401034 -12.8230026
 -25.2495064  -18.76039381   4.48157238 -11.66577092  44.20958094
  -4.69765307 -22.34332106 -19.68019275][ 20.94635317  -0.7027467  -14.71519114   3.16150555  -5.21919115
 -22.64947487 -12.87936556   8.05124501 -12.05814817  48.11641279
   0.75842458 -22.72075791 -17.06002018][ 20.98471255  -4.52981571 -19.04461703  -2.73876116  -7.66364105
 -20.82744649 -16.64024834   6.01540597 -25.21249647  34.42777065
  -6.97195314 -23.07215041 -18.64975098][ 20.87443838  -3.72896605 -17.55545845  -2.95605     -6.29665849
 -18.8595374  -16.56102902   7.96670111 -26.44628901  41.49762168
  -1.4781281  -24.26768742 -17.19282064][ 20.80417147  -3.89094215 -16.29786888  -3.35410033  -6.5890528
 -17.21607102 -13.21064231   8.85729087 -25.86909218  41.31096817
   0.76202392 -28.09308819 -25.11480823][ 20.68447842  -3.36861804 -16.45441302  -4.29169492 -10.61285295
 -17.64778952 -14.31025065  10.87589762 -34.81403914  41.43701805
   1.71185785 -27.2362683  -28.6468289 ][ 20.42094722  -2.15326792 -14.16694356  -3.9528371  -11.3825436
 -16.92944759 -13.19398802   8.75351753 -38.41928877  39.01077129
   6.8511909  -22.84079112 -28.09915494][ 19.9031267   -0.71619738 -11.84474245  -3.6874657  -10.86774317
 -12.91402956 -13.20728204   8.59841698 -39.27876685  36.05744686
   9.06650992 -20.62531058 -27.39880646][ 19.02903728   0.26522125  -9.33288189  -5.10060914  -9.08965342
  -9.690932   -10.83717308  10.92413564 -34.30340763  32.50535684
  11.58945847 -16.01197706 -24.1876143 ][ 17.63032303   0.85878226  -5.40143251   5.08633936  -4.81266945
  -0.23520944 -15.60618342  -0.95791555 -27.57193519  24.62753695
   6.0879501   -2.12891441 -32.73819724][ 17.03301244   5.78839165   0.18126586   9.22253087   7.42149509
 -10.72896317 -13.76269419  24.75803501 -46.19168528  16.97750786
   8.10606666 -14.98315519 -17.19109473][ 17.20148033   3.57595887   0.56681249  11.76371581   7.70523618
 -10.4880105  -23.68891802  23.98312162 -62.34929887  15.89492873
  11.29659902 -16.14958167 -18.96644063][ 17.12023243   4.02089604   0.78691413   7.81101007   8.183244
  -7.8251306  -20.29837924  22.87482277 -61.52901439  19.87557266
  11.32623479 -17.29810462 -19.02027301][ 16.93968057   5.07653364   1.22569572   5.35500019   9.70023526
   1.11117752 -25.66641825  25.93265412 -63.24526427  16.48054504
  12.58539456 -13.73517059 -16.00175268][ 16.82855137   4.14441699   0.31873674   5.76777918   5.52471713
   0.82610638 -25.86280482  19.40714787 -59.18269156  13.77154589
   6.79640925 -12.84016446 -16.20205973][ 17.08283266  -0.41127997   2.8037577    9.1391233    5.64058464
   3.40443691 -20.56127348  22.79054098 -54.54379892  11.95096671
   4.97097313 -13.33629502 -13.80290628][ 16.74144119  -1.57941505   2.24566248   9.24355092   3.56838919
   3.72712348 -23.15307351  17.59639216 -56.033093     6.44218193
  -0.15605739 -16.64739255 -18.32390934][ 16.27424681   1.09536271   1.34139841   2.3025091   -6.87055249
   9.97672404 -21.4742901    7.39022238 -39.63748156   1.03254493
  -1.55650864 -16.61396137 -24.66819035][ 16.05539746   5.92653478   0.23909185  -6.29293035 -10.78566893
  14.72681202 -19.98304432  -3.71510908 -25.25310308  -3.31291973
  -6.91290108 -10.12455966 -26.65410449][ 15.66180666   7.68693582   5.1742922  -11.11328978  -5.2806915
  21.72696249 -11.90369166  -7.88057798 -15.87262568   2.46221185
 -10.70737226 -11.15773625 -23.96355133][ 15.24594565   6.89409652   8.70600303 -10.00028731  -3.07585153
  29.75956436 -12.65775918  -7.91424361 -10.60688539   4.17734303
 -15.01691153  -9.27501547 -30.25622046][ 14.83837767   5.1534239    7.69181894  -3.50260277  -2.88661842
  28.47555482 -14.06734408  -8.97600506  -9.60277318   2.90534343
  -9.13382869  -2.88793153 -30.44730707][ 14.40092222   1.19090399   7.51858529   2.88277662   0.07635671
  36.33005388  -8.74690008  -7.3435254   -9.81107289   3.91274574
 -16.07249986  -5.94286682 -37.09819929][ 13.666085     1.08729409   4.37493359  14.17646145  11.39373263
  35.9335936    8.28834225  -9.73119174  -3.50455128   0.18199996
 -12.84857906  -0.75859375 -34.27971861][ 12.8730482    4.15204385   6.75078534   7.40331612   2.10970134
  28.60950509   4.78628442  -0.70642598  -2.34151113  -0.03236109
  -9.52059362  -6.44051354 -30.9403712 ][ 12.24389317   2.66268838   5.98283433   9.52313663   0.94777542
  29.66700326  10.35283289   0.6566197    4.77039901   5.67275102
  -3.92277119  -3.50528439 -27.06023534]