[ 13.83051337 -18.92291558 -23.64389482  13.95884613   1.29638693
  -0.35886971  -2.75088951   4.40399108   2.73820056  21.16192379
  -3.90387289   4.38264192  -9.4973794 ][ 14.61675188 -30.62438861 -12.53453229  21.07224109 -16.4690781
 -20.3509801  -13.98032785   9.6418972   -2.03240999   8.66429505
  -8.69725938   1.98719126  -1.68834716][ 16.21160362 -31.73947526  -6.66577482  26.19809843 -14.32569942
 -13.8029203  -12.69230768  15.12171963  -7.92034271  16.139893
   2.79251402   7.23347702   0.55536753][ 17.13899545 -37.67199031 -10.31482815  21.48073686 -15.42573181
 -13.0028723  -10.12363609  17.81077903 -12.7689034   14.47588972
   5.66355939  10.14987828   1.55600401][ 18.17209362 -38.14368426 -12.53793591  25.56271921 -11.9389718
 -11.0352985  -14.58617952  17.81202592 -20.84076544   4.26402088
   5.73747109   4.51304406  -5.70069206][ 18.80593893 -44.46057935 -17.67346161  20.1126789  -14.91562021
 -11.31089122 -12.05050946  25.03049203 -17.36589468   6.80454712
   6.90473141   5.06996125  -5.5723195 ][ 19.44572731 -35.44273838 -11.70364665  26.02256763 -10.36685959
  -4.24080256 -13.72897654  21.88774816 -14.82678593   1.31098545
   0.81598622   2.6355081   -1.82886607][ 19.91180621 -38.17680868 -10.79706606  28.50637912  -9.18877611
  -5.72977266 -10.00136244  21.61542235 -15.55403441   2.17167885
  -0.17983876   4.34570559  -1.71332982][ 20.17094841 -46.13314864 -11.66553193  30.09063242 -13.48078695
 -13.24780044  -7.36731216  21.75103984 -11.64760141  -1.7077672
  -1.56901347  -1.9435949    1.18154645][ 20.33360553 -45.69214289 -12.19742161  27.00589533 -13.9792297
  -9.72419364  -7.61099858  20.42604847 -14.48097953   5.33523501
   7.57861967   4.96667493  -3.28601195][ 20.4744027  -37.809407    -8.0150429   25.98803963 -13.30815575
  -2.62506717  -4.53842839  18.39700217 -19.84985756   5.43111894
   6.61857645  -1.4266043   -4.81263023][ 20.82155841 -42.79039514  -9.59946684  30.74875398 -15.4152918
  -2.5553243   -3.76144486  16.9815318  -15.7551682    0.23074676
   3.741563     0.77708026  -8.28642207][ 21.07312093 -40.79763301  -7.44711338  29.50088516 -13.97425746
  -2.74068824  -3.07437343  13.07388866 -12.88508694   4.31700382
   4.95503392  -2.46743896  -6.45699018][ 21.15979477 -42.22552587  -9.19776413  26.7912985  -13.85658289
  -2.48926876  -2.04546245  16.03385887 -11.42580538   0.794209
  -0.11335257  -4.57675377  -5.70821043][ 20.99889936 -48.46085434 -14.535405    25.26977214 -15.44468362
 -12.53400351 -10.41403362  13.30736606 -12.34554725   5.21905261
  -0.55617759  -5.39471244   0.47264535][ 20.41887483 -45.67565171 -14.32232771  21.58862485 -13.64222355
 -15.59237551 -12.19905422  23.1694762   -4.8996346    4.89757503
   3.86040374  -1.07880648   1.42333803][ 19.32844042 -19.23681622  -0.38559573  20.19653943 -14.39985308
 -24.70760746 -27.72877939   5.78377461 -12.86423309  -2.22181752
  -0.72658142  -2.03157863 -10.3028696 ][ 19.84195793  -4.80824679 -15.72188677   7.17207081  -0.80356611
 -22.94320685 -47.00480026   6.91796506  -8.85306198  12.03716064
 -12.11917216   0.60764167 -14.62901099][ 20.79319863   3.29980876 -17.56876019   4.39647593   7.84757554
 -15.68540943 -46.11738852  27.52400802  -9.94797861  18.69562604
  -0.04829841  -4.65926178  -8.69747173][ 21.44120626   2.35681135 -24.29119401  -4.31817325   1.90319085
 -21.39330021 -42.95337523  19.68850559 -10.95349533   9.88530911
   7.92732776 -15.17655612  -6.97338892][ 21.54532468   1.61711572 -25.68325279  -7.21047779  -2.02907383
 -21.33389922 -43.99266098  20.38612257 -10.45087795  10.16599244
  14.28689186 -14.42145031  -5.4765546 ][ 21.60503927   1.5077883  -26.58069852  -4.62423341  -4.01652504
 -14.1477776  -46.14818138  26.47126301 -12.29421057  14.53163048
  18.72598175  -8.64172158  -9.42262606][ 21.6154709   -0.4768774  -26.59823201  -7.71947385  -6.68764478
 -18.23311543 -45.50051095  21.5270493  -13.96679748   9.90113162
  14.9281798  -13.24506315 -17.37516246][ 21.4679011   -0.17186908 -27.06134263  -7.65722538  -9.74856916
 -16.0943938  -43.9511049   20.77940874 -13.90471494  11.2553464
  19.81167501 -11.56830017 -20.1561518 ][ 20.92747028  -2.35944257 -20.44625354  -1.56220132 -10.25283052
 -23.02945368 -29.76412183  -2.4701528  -10.96417346  10.38507115
  21.50185538 -11.58427562 -19.6304225 ][ 19.8542429    3.78375771 -17.93831979   5.47480461  -4.22779533
  -9.24122808 -41.26207246   7.29477947 -19.60699841  15.78882796
  19.06768271  -2.80224313 -22.41053446][ 18.03474017   5.34202586 -14.60976388   9.87446828   1.96530549
  -3.44316026 -41.26683952   4.22188717 -23.4229141    6.57249166
   9.82904521 -10.21734253 -22.47109268][ 16.24307014  12.09552907  -8.23593969  14.05273993  12.58560288
  -5.200106   -30.43814774   5.35361691 -16.46763441  -1.84259151
   7.62372012 -18.7692142  -28.65567091][ 16.0554894   14.49519676  -4.33996172  15.01385618  12.11811374
  -5.2254922  -27.57099609   5.93863845 -14.18105396  -1.28171697
   1.74696287 -18.6192562  -22.04871035][ 15.96138602  15.54116973  -1.45054744  12.76799059  12.91144603
  -4.74543549 -24.02922039  11.7650502  -13.32731547  -0.78971662
   2.82594611 -19.79411247 -25.38807789][ 16.43965699   1.77688237  -3.40134554  17.28460609  -1.47440066
   7.52673005  -8.63354461   0.13311861  -9.87224964  -0.25372496
  -4.06009064  -6.50405616 -18.33898562][ 17.27150007   2.01743932  -3.49014907  13.48869884 -11.41477293
   7.27517419 -33.80456566  -8.25145402 -24.3129721    7.06807157
  11.40532759  -3.73720817 -15.56518994][ 18.50728048  -1.57025789  -7.31145209   6.33648854  -4.0680916
   1.32634625 -40.31094837  -4.86006186 -40.62622902  19.43468496
  14.09841118  -2.75186694 -22.07935034][ 19.34103775  -1.19198481  -7.03107677   0.29147825  -2.38584741
  -6.96122813 -39.73475056  10.5240673  -39.12544196  31.86830644
  17.42434816 -10.40254396 -27.2691147 ][ 19.7953657   -2.01194741  -8.98333701  -1.18086446  -5.50804135
 -10.80222485 -38.50872633  12.63491959 -33.80217137  33.73222217
  14.74309817 -16.21793964 -29.05015401][ 20.03149264  -1.34052598 -12.12521084  -0.8626303   -8.65014375
  -9.91536365 -34.89480475  15.2162393  -28.38716761  33.97001893
  12.42522844 -20.83634175 -28.36990882][ 20.13573806  -2.19086584 -14.855395    -1.44463185  -9.09836893
 -10.56072165 -31.26013984  15.95317115 -24.2097626   33.3467917
   9.61061453 -26.59924475 -30.38788831][ 20.1914012   -0.24759865 -17.13415693   1.49967233  -8.11477054
  -6.93289298 -29.59723862  22.28695265 -26.34918097  35.51878134
   8.47079698 -25.98408228 -31.01002318][ 20.2521421   -0.25654204 -19.03787691   0.49613697  -8.26598884
  -5.79268656 -28.90314349  25.25340144 -29.50824965  35.28312695
   8.88087827 -28.41522938 -29.67461213][ 20.30807111  -2.20507237 -19.14528161  -2.76293343  -9.36237852
  -7.36401749 -25.23286447  22.31583946 -28.99672609  29.67125993
  12.91631518 -33.35234927 -27.09839858][ 20.17231384   1.37450277 -20.18498913  -0.16741874 -10.25558042
  -3.81651301 -24.88514336  27.4737351  -32.52339974  31.99318694
  14.82738084 -28.89057371 -25.33376785][ 19.83879375   4.37105638 -21.64794039  -0.22522638  -9.25558415
  -5.63045764 -20.12953186  23.86345515 -28.2070663   28.19318706
  16.0368362  -30.09334173 -22.10834525][ 19.56228315   6.86172757 -20.37165764   0.60585919  -7.74394159
  -2.79271309 -18.10112818  23.93839605 -25.90828451  26.07990821
  17.70219404 -24.21692266 -18.73237143][ 1.92056280e+01  9.11048159e+00 -1.97307354e+01  5.31587474e-03
 -7.91533995e+00 -2.89803925e+00 -1.62644498e+01  2.20539803e+01
 -2.68729009e+01  1.94110964e+01  1.98774154e+01 -1.81001530e+01
 -1.66859399e+01][ 18.49036519  12.76263192 -17.58854478   1.85905342  -7.7114058
  -3.41903945 -13.44645984  18.70511264 -28.85197883  12.76743128
  17.02730977  -8.92876339 -13.00338598][ 17.51147438  15.19381519 -11.23830471   2.23865675  -1.35708697
  -6.57351237 -10.83724341  13.89504088 -31.35350038   4.14464902
   7.47838573   1.34425254 -15.09906227][ 17.035404    12.95856676  -2.29601919   8.86167486   5.66102561
 -11.35409809 -22.73041484  12.82549234 -37.69367987  -5.32318124
   0.14772525   5.09357233 -20.04113435][ 17.05148498  12.03854775  -1.49318599  12.93031477   6.31052344
  -9.80046003 -25.59430642  10.20850408 -44.28279497  -2.75604842
   3.02153503   3.43174746 -18.87293512][ 16.94833997  11.34322142   2.27949127  14.35973229   9.10661379
 -12.05883334 -26.3942973    9.83980823 -44.33439539  -2.97089587
   2.17983065   4.62145402 -17.76769907][ 16.84286144  10.82817736   4.78682117  16.07899682  10.30513983
 -11.51383425 -21.90821488  10.01716026 -48.14478913  -1.52767884
   3.86736933   2.35164818 -15.57274977][ 16.80379608  10.66000691   6.13129962  13.87914832   9.66832243
 -11.15955906 -23.21938434  13.43019696 -49.62111659  -2.2985301
   0.05781671   2.8797943  -14.98208445][ 16.76359559   8.56238574   6.45175001  13.71825013   7.52932177
  -6.3407599  -25.39747374   8.43527183 -49.2670159   -3.81442763
  -0.46689428   4.01558099 -14.93077805][ 16.66032358   8.25543467   5.93014292  12.41585853   1.35012364
  -6.48846967 -22.19482972  11.69471551 -41.2566905   -1.65794294
  -4.1843252    0.57988668 -10.57054999][ 16.48080131   6.87989524   7.71240655  21.69417456   5.8353584
   1.03452179 -19.94975922  10.37223215 -47.2503802    1.04717618
   0.88961376   9.13197372  -6.0702557 ][ 1.62555313e+01  9.52703266e+00  5.88301162e+00  1.44843006e+01
  1.08373791e-02 -1.84663556e+00 -1.17918685e+01  8.87575876e+00
 -4.40617210e+01 -2.20720802e-01 -9.64163737e+00  2.71364738e+00
 -6.46133979e+00][ 16.03722298   9.57657303   6.13221213  13.19304247   3.69906242
   3.28266564 -10.73665894   2.91185756 -46.84773199  -0.28626678
  -7.27042359   2.29072955  -0.46207155][ 15.8641222    5.79822139   1.59431759  16.27315872   6.44113779
   9.26573583 -17.76159072   3.92959145 -50.63703078   0.57807361
  -0.73698367   0.11343188  -1.19674844][ 15.52623094   3.42020233   0.53373224  16.12932222   7.59983268
  10.5157071  -10.29008419   6.915227   -47.66106967  -2.83118406
  -6.8689754   -2.18115689  -3.24568176][ 15.00105984   1.26053891   1.81842323  19.05634058  14.08318207
  21.12124901  -7.41187034   4.08012345 -51.72037892  -4.05654619
  -9.71953712   4.13342721   0.46086759][ 14.24419635   6.84131934   3.14951264  15.50462783  14.54202968
  20.00850679  -7.77330943   2.82271165 -38.66881488 -11.08669671
  -3.77499511   3.44582964   2.05053194][ 13.74230857   7.12505798  10.17594319  12.06703194   6.42782149
  17.13389942  -5.70207122  11.17441078 -28.16320886  -7.05208106
  -1.74949882  -6.92329209   1.31876279]