[ 15.01298046 -32.93719075  -3.46118226  26.97200679 -13.9114281
  -0.16020358  13.75642763   5.03124698  10.36967312  12.94911259
  -4.20034492  -7.84717078  -7.94313236][ 17.50301391 -36.12757593 -13.29134849  20.56755837 -14.73424135
   7.36695889   4.275201    -4.00684146   3.3113181    3.68870515
  -2.64886468  -6.39157488  -0.71399848][ 18.83355438 -39.32877951 -14.87485929   4.1152477   -6.08646385
  -0.36703166  -4.84559297 -17.03554921  -4.32501518  -2.42982214
  -9.21283634   0.6303543   -2.376869  ][ 20.16017727 -48.07754614  -8.04677652  -3.76255424  -5.71426702
  -1.63829678  -9.06474746 -13.36310811  -6.36772337   1.05987949
  -8.24273225   1.83960223  -0.70911589][ 21.01816936 -47.77026658   4.85840139  -0.95123086  -1.90513071
   6.4330771    1.97181696  -3.15743134   3.89228659  -6.36325494
 -14.42156083   0.61054518  -5.17875876][ 21.68886133 -49.24375598  14.21021269   1.8237111  -13.12424633
   5.11710215   1.41051134  -8.34746832   0.86164665   7.32103766
 -10.83538371   1.18876965  -3.24556786][ 22.61787084 -44.91818028  14.01893909   5.87722768 -14.88462398
   8.79185859  -0.73440447  -3.52649825  -2.26814745  14.22243747
 -16.89693942  10.40757388  -2.41496581][ 23.03981284 -50.68956579  12.26615677   6.3800807  -17.68079232
  12.05424984  -6.49411974  -5.88915965  -5.84544205  12.74972036
 -24.26010173   9.27982263  -1.23442695][ 23.65321831 -45.29629323  13.04055151   8.14404281 -21.74531689
  16.39450321  -5.69489151  -7.27349933 -11.21087292  22.31791598
 -24.84004567   2.85894863   3.71242099][ 23.83201039 -52.36284514   8.14700299  16.79030615 -17.53802389
   8.79688097 -15.50279146   2.08351885  -7.09687298  21.78456667
 -27.02954001   1.89137376   6.12808753][ 23.70714181 -36.24103981   8.05158731  11.38209427 -18.44796031
  15.21314795 -10.00455815   7.26199893 -12.42014461  23.05303357
 -19.81622309   1.42942217   7.42894337][ 23.49399646 -48.96093308   1.25123402  19.86062027 -14.19927844
  11.85534757 -13.53224986   1.36333291 -10.11508788  28.00722145
 -13.41770718  -6.38771864   9.43978955][ 23.31782522 -58.01304378  -8.93422756  19.43052501 -14.15176645
  12.2173558  -14.83119942   2.20063953  -5.9376983   32.53475896
  -8.86884519 -11.11524684   4.25477147][ 23.23702438 -45.14840612   2.23901943  22.07382452 -18.0753107
   9.74075304  -8.16393252   3.33463117 -10.97120768  24.80317983
 -13.58920416  -7.947843    10.55430313][ 23.00208663 -45.0002166   -0.58815147  19.51959862 -15.90949673
   8.95415499  -8.22994117   3.88953536 -13.68104532  16.98512709
 -11.12548529  -4.71451051   3.57880938][ 23.10563667 -48.61281576  -2.65667681  23.66991518 -18.59692374
  11.89759132  -4.52670911   2.49382    -17.10110762  22.01408839
  -4.74321908 -11.70118744   4.71517999][ 23.20055451 -52.28431022  -2.9058338   27.19671642 -22.62198157
   7.93772304  -2.40598712   3.20682951 -17.58258571  29.75133052
   0.2023698  -14.17040477   4.98621598][ 23.01366113 -41.4082136   -0.04398518  24.39264874 -25.92295746
   4.67276024  -1.75137702   3.07418935 -22.74948086  16.7132292
  -6.50577091 -10.35162534   3.35680369][ 22.58518634 -45.32232745  -4.5733932   23.93212271 -20.65580973
   7.71021348  -3.23243428   4.43220199 -18.73006369  19.3051435
  -3.35427159 -12.10168391   0.25637689][ 21.88672176 -34.67098574  -2.12561478  18.65524121 -17.00909978
   8.46774663  -4.72890903   5.92068218 -16.94151788  17.79856948
  -3.31507525  -9.96177678   3.99330207][ 20.99679135 -22.78715323   2.52552543   9.75042091 -25.04028255
   1.55666822 -21.83919489 -10.09682543 -27.73232944  17.24522982
  13.88406917   1.83939434   0.29951732][ 20.76333996 -13.12194761  -9.19927995   8.46998735 -25.10838739
  -9.14071891 -21.99654389  -6.20067474 -39.04556839   6.46326553
  18.90214934   3.58597118  -7.97028734][ 21.08740614  -4.8380855  -23.75097139   3.77349193 -26.17774704
 -18.47885516 -26.17731829  -4.83918146 -47.98418341   0.3181284
  13.85901015  -3.62881838 -16.42216276][ 21.26974072   0.87616178 -25.53689439   9.71458922 -20.25138087
 -14.82681427 -18.59897267   1.04870403 -42.28065711  13.50614659
  23.57396219   4.40725989 -13.56998638][ 21.33896739   0.63089527 -31.1351435    5.74184811 -26.56224458
 -19.37473394 -29.28992992  -5.95133618 -49.58500942  13.92109752
  16.75024355  -4.17324845 -20.73771301][ 21.65713192   2.64082734 -27.5400846   11.59803866 -16.25635223
 -10.39308507 -22.21721181  -1.27178805 -37.44052583  21.20480717
  19.03656425   0.92786409 -13.86894746][ 21.73162451   0.66256304 -27.64966344   9.56962612 -19.61621372
 -12.07675446 -27.32107999  -4.48448023 -34.65041155  25.24496313
  19.04683105   3.59985625 -15.09031063][ 21.79406902   0.67811399 -26.74945433  10.94442648 -20.42173072
 -11.60238199 -30.72677303  -1.95819282 -35.78787045  30.17691263
  15.28972745   3.02314146 -15.90140546][ 21.87325468  -3.03242778 -29.55219008   7.07986419 -26.50821264
 -16.45560375 -36.67280765  -4.76854315 -37.14815604  34.46246907
  11.30661705   3.9015511  -13.11080664][ 21.9502112   -4.59245051 -19.39550514   5.55367391 -13.99757364
 -19.58266938 -22.40228792  -7.56939493 -25.67485256  27.81809854
   8.05557977  -2.22702978  -6.17984351][ 21.89394627  -3.51171559 -20.73908757  11.07319051 -17.71193741
 -15.4567058  -33.41187134  -4.92817922 -29.94055687  36.19702594
   4.66733401   3.44210712  -7.17699301][ 21.79431736  -3.49210384 -19.39285325  10.23041028 -16.41786374
 -15.75108275 -32.9724371   -5.38215696 -28.62889678  37.59826994
   4.32723936   0.94319502  -7.75751065][ 21.68408493  -6.14274229 -22.32959733   4.0351029  -18.93396852
 -23.55273226 -37.55460281  -9.84327521 -29.81701428  36.85283075
   6.66172736   3.0743299   -6.89032484][ 21.66131639  -2.60809424 -17.35907577  11.03495701  -6.66457881
 -17.07311424 -31.96152832  -2.2521003  -22.78538104  32.74148993
   3.58573763   2.16608038  -7.86320068][ 21.375037    -2.40968053 -19.93424135   7.81038734  -8.06124414
 -17.79804038 -29.76420962   1.86686966 -18.45604619  31.71630157
   2.06530916   0.20511741 -10.99572927][ 21.20333779  -2.4300749  -21.61322198   6.46030202  -9.43119662
 -18.67254942 -28.02021386   5.40728476 -16.31548776  28.89169884
  -3.42981394  -4.48980766 -16.75177297][ 21.03740163  -3.63393014 -20.50584892   2.17846726  -8.00871935
 -21.34028447 -19.3283097    2.77974735  -5.75531107  24.19574078
  -2.06806549  -8.28113612 -12.74188037][ 20.76152106  -2.98181149 -25.12641991   0.27478589 -13.7027792
 -23.37321088 -23.80105016  -1.06369498  -8.32734801  19.94727925
  -9.9038902  -10.76471468 -18.02951374][ 20.14113433   0.41730525 -19.93369642   5.84752038  -6.34131678
 -14.40043221 -23.2538992    4.58752307  -3.02689998  22.22491844
  -9.4028747   -6.80140497 -11.18383227][ 19.3333499    0.09631276 -23.19187257   3.99355306 -11.51167256
 -11.6094166  -29.39849879   0.73274832 -14.12231968  15.61702151
 -19.69542363 -13.45165936 -16.42647488][ 18.02182519   4.20300443 -20.54657134   7.62007499  -5.3065185
   0.7311679  -17.30502376  -5.17084815 -10.20823449   6.17960431
 -18.70003125 -14.67448007 -17.15987491][ 17.08680197   5.37821547 -12.51951718  11.07288353  -5.72989887
  -0.95567182 -19.73042156  -0.07153701   0.31448979   8.14468668
 -15.66592632  -9.36263209 -13.18111932][ 16.81481683   3.36595078 -13.24016591  15.2059492   -9.71682764
   1.4433118   -9.78239764  -5.13682469  -0.71921687  11.34268499
 -16.1146137  -14.64811384 -15.03018158][ 16.39251156  -1.39138471  -8.04837373  18.23611497  -3.09220338
   5.48354522  -1.87098961  -8.1260206   -0.96361596  13.38605692
 -16.28565437  -4.43742146  -5.37423375][16.19527952 -7.41947267 -9.81407677 19.11866109 -5.73047104 11.35642946
 -2.05123549 -0.86055233  1.94386609 15.47145227 -9.40818938 -4.2408083
 -4.58038203][ 1.60123696e+01 -1.30447122e+01 -8.29175652e+00  1.68248334e+01
 -7.65509445e+00  5.57938562e+00 -1.13871159e+01  6.91813444e+00
 -1.64317105e+00 -6.93404549e+00  9.21909708e-01 -9.64559639e-03
 -1.27695172e+01][ 16.06162206 -18.36064202 -10.63046097  16.25452997  -6.48211687
   7.08827685 -17.75553679   8.69357759   3.57577034  -3.84896867
   8.15875282   2.11367777 -15.34856066][ 16.0604621  -20.29061813 -13.49579783  10.30802454 -13.02299854
   1.40273311 -25.66982284   8.23599998   7.5118381   -4.03479984
  12.2524026    7.54786822 -13.03565943][ 15.71501288 -17.33945982  -8.29875526  13.67978427  -5.89777453
   8.90735302 -20.91675601  13.69752118  14.08598441  13.59318679
  23.87528374  16.21520499  -4.91749729][ 15.83267927 -13.39103404  -2.97816816  19.78163114  -3.52516094
  15.09690059  -7.24677381  23.37056317  16.51088581   8.70613915
  26.48593773  17.40179806  -8.1980743 ]