[ 14.68918537 -24.82053559 -21.23755789  20.60560831  -7.35544649
  11.69772524  -8.39884503   8.25707717  -9.3378121   15.07636951
   9.23308785   5.85351271   1.50089403][ 16.40208829 -28.9762452  -19.05877685  11.70294712 -14.0086074
  14.34855816 -12.48099395  18.98130571 -10.74126239   4.3589276
  10.92027009   2.68825903  -0.11827678][ 17.76380631 -29.89987326 -20.37819769  18.51311245 -17.17103775
   8.45416693 -15.89846862  21.41094882 -18.03921291  -3.6849886
  10.22957589  -9.38498138  -8.60622187][ 18.67775482 -37.90251054 -21.72269165  23.45102867 -13.80397805
   6.45028342 -12.43456804  18.45121566 -11.38247134   4.14612265
  13.40533938   9.00625528  -1.81909244][ 19.05077839 -37.42276022 -18.62721622  26.92799237 -10.22301502
   0.33208883 -18.35458473  15.48577689 -15.55977939   4.15173195
  14.46816887  10.8826152   -4.50162867][ 19.36512907 -33.806158   -14.70364858  26.2921815  -11.56650392
  -0.11161129 -15.05898164  21.17624599 -10.3650656    1.54335659
   6.10482241   3.50264049  -8.09920125][ 19.52568874 -33.69462598 -14.32365897  23.98769166 -14.59976513
   1.38466696 -14.59043115  17.11313357 -13.78067228 -11.11671656
   7.2095424    3.45304402  -7.33993252][ 19.74350504 -38.06865085 -17.96431066  23.83855425  -9.87122512
   6.63641321 -13.85965265  17.87736188  -9.77349511  -7.72446461
  11.72951299   5.99199244  -7.92938945][ 20.00008373 -40.87340296 -18.97754668  26.28367259 -10.13233906
   2.14626021 -16.77892962  15.6104622  -13.3132441   -8.97229025
   9.72278939   4.14385823  -8.82174647][ 20.2237568  -41.55595431 -15.89505395  23.1512852   -9.22673817
   5.26957384 -11.01120638  19.40553161  -7.73259382  -8.12006852
  13.34613238   6.7941667   -4.96538765][ 20.63125111 -39.73092976 -13.58705689  28.46445771 -12.61928472
   1.80937314 -16.42479178  25.46574069  -6.21281593 -11.63440342
   6.65251309   4.32273681  -5.12565247][ 20.68678399 -48.09477705 -22.5409811   27.26400213 -10.68507385
   6.02198948 -13.10375662  27.90147208  -5.3405527   -6.69059193
  11.69516884   3.97307084 -11.72989871][ 20.44792404 -34.02425242 -13.27656538  26.2764007  -12.99011398
   2.53710792 -11.09040038  21.29605499 -13.51239646  -5.60882449
   7.91410837   6.4847181   -6.18439438][ 20.58779088 -34.03063001 -15.40254419  27.33223536 -13.9553391
   3.63223552 -12.93199353  17.55337181 -11.62907942   0.47409825
   2.91305104  -1.56288269  -9.94395143][ 20.37900192 -37.99790795 -17.28277564  26.77579574 -18.2264044
   0.34544447  -7.59326328  18.94612845 -24.91637262  -2.17300808
  17.58218139   5.66047458 -13.48963798][ 19.6928961  -17.90264913 -11.80321055  20.51020784 -23.47128183
 -12.46373626 -16.05693802  16.79200785 -25.86295282  -1.81629944
   6.86045297   5.73517704 -13.66689223][ 19.30579395  -0.29494329 -18.68566807  -0.26845261 -27.66217778
 -10.88022095 -20.25632038   3.84118192 -26.77133628  -5.15542805
  23.92229347  -1.96877829 -12.55708362][ 19.8315253    9.81495105 -26.03851593  -5.2358298  -24.4213588
 -14.75090198 -22.38928625  14.22209625 -32.93821753   0.79089979
  22.9794577   -3.11760037 -19.59117269][ 20.35761124  11.56580745 -27.03307605  -1.14741244 -17.33430295
  -5.32856316 -20.51473559  20.03994125 -29.45097673  12.61215523
  23.87628565  -0.78671733 -20.82266145][ 20.85894729   1.69937386 -30.83788153  -8.4882996  -21.32676315
 -14.52054397 -20.21493683   4.866802   -26.00342478   5.51059475
  18.06067295 -15.25524983 -13.25394654][ 21.2301917    0.58013447 -31.72093062  -7.79536312 -19.22928188
 -14.55776061 -16.52104736   4.71811098 -18.5345371   13.17052085
  17.69293516 -16.71128374 -15.6439288 ][ 21.39071307  -0.58714968 -33.26435117  -7.58378753 -19.79028896
 -15.14489491 -18.97263972   4.66590657 -17.7523025   15.4823471
  12.25545013 -21.26802483 -19.23685431][ 21.54259577  -1.77253892 -33.59739797  -7.18070653 -15.38060895
 -16.34899419 -18.12423308   5.05248499 -11.03979085  23.25196258
  15.14032443 -18.93093308 -17.93824131][ 21.66713637  -3.61426857 -33.29646727  -6.38096299 -14.68152766
 -22.68641571 -19.5476759    0.52146797 -11.75704282  22.08541451
   9.90849224 -23.19138209 -17.9471642 ][ 21.76095222  -4.52491526 -32.33704897  -3.10863652 -11.91404081
 -24.53365098 -20.34994955   3.10985767  -8.65819977  29.04160176
  10.03223806 -20.44044817 -11.79342599][ 21.68367814  -5.18434618 -27.36821479   3.65916941 -11.00718376
 -20.60360361 -20.88810372  -2.73071004  -2.6632728   31.24579422
   6.53298796 -15.20841513 -13.56926576][ 21.48854136  -4.32482044 -31.20414163   2.35813556 -13.09365463
 -26.91927198 -33.19947389   0.42939662 -10.34714913  35.60775044
  -0.80578949 -20.26861097  -8.95188671][ 21.23356028  -2.25223219 -26.38227063   7.1979581   -3.27127464
 -26.90599159 -26.8115573    2.45477555  -8.70528514  39.41785114
   4.08849126 -12.82005857   1.73756332][ 21.02388721  -2.28352686 -22.83877961  14.50450285  -0.27799121
 -26.48458074 -29.64214776   1.01213404 -14.11965156  34.74208348
  -0.16027605  -7.66562644   2.14803349][ 20.57151081  -4.44828284 -22.65469395  15.02803868  -4.62586504
 -29.59143732 -33.18444313  -2.32943377 -15.82370411  28.17700229
 -10.72674356  -8.53790661   2.19259848][ 19.58813234  -2.24561023 -20.99393057  14.76668821  -5.06467646
 -26.09344879 -34.09353468  -6.07501064 -18.94788794  22.21854475
 -14.93800304  -2.63118443   2.02999104][ 18.83982686  -1.75597626 -15.24689415  19.55673772  -7.95412384
 -18.82457703 -32.77589249   0.83649344 -18.71226814  25.9364866
 -11.84842854   1.09088285  -0.42150828][ 18.27869324  -9.62442938  -6.46254947  22.60785693  -6.79119899
 -15.73858068 -40.64948374  -0.20164451 -13.94782827  13.03000391
  -9.65363293   1.86330769  -2.80051039][ 18.96953113 -19.95990822  -5.43296904  27.83805065 -11.02716013
 -12.05892778 -26.34284201   7.74719219 -17.80059889   5.7112043
  -3.9551386   -4.57441426  -2.39008731][ 19.66600729 -33.48514885 -10.3779731   28.49510081 -10.06425964
  -8.12072696 -10.78245322  16.5150302   -1.5999005   20.56427162
  -4.53409823  -2.69136655 -10.29131046][ 20.1295384  -36.71302945 -11.25969638  26.93681307 -11.17057445
  -5.16607991  -9.39699177  16.12034604  -9.1445795   15.84026558
  -5.21858388   4.66752626  -0.41810657][ 20.20098974 -38.31825867 -10.76530514  27.04375496 -11.08279066
  -5.16756611 -12.91607043  14.36977275 -12.97972926  12.35947204
 -10.36840932   1.99939368   3.08295992][ 20.10464114 -46.29215325 -14.83772628  24.84758344 -16.33105932
 -15.10726352 -19.38348639  10.92781484  -9.07462784  20.94660545
  -0.2929077    5.19259387   4.95601398][ 19.83457878 -36.55119469  -9.40252181  25.06340083 -15.86907568
  -9.86413568 -12.42034875  17.5133067  -17.62051402  13.48214376
  -1.60567269   6.70171851   0.99376037][ 20.04032141 -38.7060776  -11.90180652  28.52054362 -15.3941541
  -8.4425173   -6.64366798  19.8181706  -19.95870469  16.28171224
  -1.28320733   2.96916863  -3.84556503][ 19.88674101 -41.47828563 -13.18815812  28.64684263 -18.19293552
 -10.60285393  -3.27682916  13.64335539 -24.42490293   9.13270696
  -0.24046783   2.25478528  -1.98317363][ 19.71454162 -36.97480345  -8.2287277   28.48896213 -18.10633518
  -8.58832695  -3.91213304  23.36278245 -20.59704459   8.98531228
  -9.23913247  -2.234533    -5.66036788][ 19.53582152 -42.93908715 -10.8244847   25.67349479 -14.7071832
  -6.509444    -0.96988231  11.3795119  -21.11953446  20.14327231
  -8.25263578   3.04147163  -3.10030009][ 19.18483917 -41.02588945  -6.96824283  28.59515433 -14.17467065
  -6.52864066   1.42747946   8.69106634 -20.7148386   15.65651415
  -9.255803     6.00510926  -0.27415882][ 18.18310445 -28.32656086  -3.0050562   18.96470117 -12.97665457
  -3.84890569   5.47119904   1.43612382 -17.81551481  22.70912606
 -13.67790461  -3.02130919   5.76626798][ 15.66080992 -37.53488066  -6.47055166  17.85894352 -16.05423009
  -8.55295278   1.72819029   6.14155804   3.0290927   39.03609225
  11.96307726  14.76586382   8.83360889][ 13.47337202 -25.12263289  -7.6293667   15.89683093 -16.22870409
  -6.04267869 -10.22646253   7.68890564  -3.23511094  33.66164633
  10.55162722  -4.08841011  -3.76738815][ 12.94866173 -22.26984839  -6.23473018  16.29534659 -15.21102638
   0.145842   -16.6069065    9.54415311   2.32548842  33.95860035
  14.29619396   1.97682476  -2.64070702][ 12.59058168 -21.43752378  -2.65137017  22.38076546 -10.36221221
  -2.32899434 -15.87551926   6.80806359  -1.00262747  31.09296699
   0.52164821  -3.09867766  -4.15705774][ 12.22559353 -19.87288475  -4.53579356  15.44121333 -13.15613191
  -1.57325329  -7.07241063   6.84572475  -8.15476961  30.90887923
  -1.32366104  -4.5253269   -2.22516266][ 16.76538012 -23.67631935 -19.98431105  10.28273588 -27.50263704
  -5.71076492   4.1778147   -9.11135666 -10.67684009  11.87745611
  -9.55666496   3.47128376   0.12036497][ 17.85883796 -26.88677831  -7.48893333  11.78476071 -18.16015521
  -5.14735044  10.15197993  -4.57351172 -11.10080012  17.81145163
 -11.72903714  10.80855999  -5.11024622][ 18.5589476  -36.97291322 -10.64446655   9.7720689  -27.5033453
  -8.42573962   2.3912175   -7.31687457 -14.70351019  14.33930649
  -9.97128662  10.33493225  -3.42559353][ 18.68417412 -43.1928088   -7.74357322  23.74715942 -19.26020023
 -12.92544552  -0.41829737   1.40553581 -19.71586295  10.06715292
  -9.04609853  -0.2456368  -11.5180836 ][ 18.36454027 -39.35855901  -8.52574744  25.14216458 -10.7263488
  -8.00229152  -4.36369917  16.10816398 -18.21364259  13.95204322
  -1.41181735   0.62425031  -3.09472398][ 18.4314349  -34.92778222 -10.63910183  23.8620893   -9.95033624
  -4.35009157  -7.97659183  15.45603833 -23.97898594  11.93390736
  -3.21350768  -1.90792154  -8.34311707][ 18.25444916 -44.72021175 -17.24856881  27.22101666 -11.92526308
 -13.21357588 -13.76548094  20.95985851  -9.03829527  14.281344
  -4.33577253  -3.31167416  -7.20737446][ 17.86472833 -40.15638125 -14.09529563  28.69380321 -13.89153871
 -10.30139468 -15.98202383  20.71474555 -13.1214664   13.96817353
  -4.76766156  -3.07560001 -12.96935592][ 17.1109981  -30.83762794 -13.26870829  27.79681198 -13.62882076
  -7.47604308  -7.61834682  24.69985204 -16.64519905   5.80912828
   0.80150193   9.57451623  -8.2193087 ][ 16.525205   -30.78756673 -13.62103362  27.25512395  -8.93687179
 -12.26182221 -17.2242221   20.47705713 -17.32013841   8.76857941
  -1.40342108   8.35629364 -11.42855164][ 16.11084541 -23.75415058 -14.29181071  26.30605255  -2.78209954
  -7.8539995  -15.15735142  18.1152994  -15.54454625   7.70209908
  -5.68388832  10.54371916 -10.88965326][ 15.30265783 -24.95312348 -14.56009496  28.92338803   1.20245791
  -8.4870537  -11.04111957  22.28037115  -6.43049929   5.9152364
 -19.31864715   6.17788908 -14.80872373][ 14.06038821 -16.18309561 -20.53651325  16.28540995   2.18238932
  -4.11427158  -5.51229055  21.50799494  -2.30467079   0.51973864
  -7.91152367  14.83749197  -5.72355402][ 13.05305782 -14.93790136 -20.11707422  15.36203404   5.52100778
   5.11680165   9.81530952  12.67867729  -2.68110398   0.12451015
   4.75708658   7.40328943  -1.77833451]