[ 15.58281159 -12.38389843 -17.16820771  13.29893405  -2.45721003
  -5.69763245  -8.11477589   3.76666606   8.55425885  15.63551866
  -8.78591485  13.92523083   4.89427939][ 17.64579286 -22.00156383 -18.44652011  23.77120968  -4.77282702
 -14.50394563  -2.12008577   7.02946589   1.55765618  12.99213795
   3.42046921  11.02505421  -0.83575623][ 19.01237124  -8.74841444 -14.15417021  24.54768939 -13.3895466
 -29.59365089 -28.32737398 -21.58876618 -13.52516684  -3.18806111
 -23.30894759   1.16355561 -16.97531166][ 20.29989205  -6.73878388 -10.91407877  31.95777333  -3.59160331
 -29.98787958 -28.20170821 -22.15162093  -6.7963212    8.45667112
 -21.79102323  20.40462426  -4.81475921][ 21.10049562  -5.5679961  -16.68947462  31.2403076  -12.36256211
 -31.71847673 -32.90112934 -17.72239963  -8.85947631  14.50974389
 -24.55622752  26.1548195   -4.54383787][ 21.46809886  -6.94048042 -19.2164142   28.64924865 -15.37437633
 -38.65054594 -36.07902432 -19.09698063  -8.44604212  14.12393979
 -23.82383195  25.86945493  -6.77944034][ 21.75048391  -5.92014604 -18.3788175   29.33015055 -11.93793429
 -31.25251596 -27.00287627 -11.54916395  -0.23396173  13.84325661
 -16.61491434  19.12047261  -5.11929206][ 21.98655784  -8.04764788 -22.7298337   21.58883123 -16.55774565
 -34.14113256 -31.18206979 -14.8230216   -0.36063389  10.86225021
 -16.03678609  17.87803681  -6.3639023 ][ 22.20895625  -7.06040094 -23.60008143  27.41963556 -16.13549785
 -34.37170272 -37.49050517 -11.04384668  -0.55158601  16.74580054
 -17.68727861  22.18183566  -7.59056938][ 22.33040443  -8.66029326 -27.76020469  22.02645065 -21.86457378
 -37.81922209 -39.01986834  -9.46835697   1.38944782  16.05987173
 -16.24055047  20.02037043  -8.80950847][ 22.37232954  -7.71817498 -27.92618239  22.07377036 -21.52765644
 -33.58649554 -33.4471145   -5.04245979   5.1362798   17.0732873
 -15.08371738  19.84284686  -8.206076  ][ 22.18298878  -5.14639555 -25.09675027  25.83820501 -14.38118734
 -30.97898642 -29.12365657  -5.68099555  12.31258748  18.05678133
 -18.95768094  13.64784525 -13.23773465][ 22.31856671  -3.84518156 -29.45021558  20.47888293 -14.06126894
 -28.22728522 -28.92067454  -1.39543993   4.37010609  15.80490791
 -20.23715075   9.45099468 -13.37346277][ 22.40821909  -7.2042909  -30.76960652  12.66953131 -15.77270969
 -32.70340368 -26.58755526  -2.31663423  10.29270088  10.59802254
 -19.84149886   0.64525127 -12.29499942][ 22.42927029  -3.5920348  -30.71458949  22.44704213 -16.40434123
 -28.25087387 -29.99498395   4.51675165   7.07010855  18.70318678
 -27.0231256    8.20375105 -14.96764669][ 22.4274398   -4.39327653 -33.02677035  24.29846021 -17.11914953
 -23.85343066 -23.90588384   9.74322984  13.07107704  18.41141761
 -28.52355859   1.76151562 -18.44220013][ 22.35607263  -4.90443163 -34.19422819  24.21850176 -21.38308396
 -29.06812641 -26.41906478   4.96194944  11.6788142   12.7056404
 -27.82462526  -0.78956854 -14.48339146][ 22.28894078  -3.71664166 -33.76738958  27.19720907 -19.68349479
 -23.57075579 -20.48645821   5.44794877  14.31284786  13.40492621
 -23.33550517  -0.85108195 -13.94158225][ 21.83866766  -1.80986096 -27.48777228  29.06687313 -14.38016059
 -26.20836412 -19.03979418  -7.28809295  12.64962238   8.77672948
 -17.56727246  -0.6288241  -16.9410949 ][ 21.45384869  -5.09181175 -24.20764042  22.15487481 -14.27910345
 -23.81185011 -14.8421689   -5.05266455   1.10202299   6.4036756
 -20.07510883  -0.64095701 -20.5820917 ][ 20.7549171   -6.5619283  -19.10242389  23.1258333  -12.60668447
 -27.71200253 -20.48885886  -6.83127374  -8.17545744   0.96281357
 -27.39092751  -4.43187281 -24.01189172][ 1.95269203e+01 -2.87350507e+00 -1.68478945e+01  2.42222875e+01
 -1.51408670e+01 -2.12172434e+01 -2.98353625e+01 -1.24108993e+01
 -1.51572822e+01 -1.23210977e-02 -4.04336173e+01  5.14940817e-01
 -2.44861671e+01][ 18.31530133   0.68488157  -5.50255904  22.65209213  -5.81905902
 -17.1091176  -28.73544356  -0.42018277 -23.11161283  -0.3244854
 -24.53213868   3.13048944 -21.7086004 ][ 18.14191799   1.55411438   0.3415818   18.58892271   3.92072549
 -21.69352706 -26.73144132  10.58416746 -32.35565965  -3.00455208
 -13.95080813   4.06537245 -21.74208056][ 17.8027071    2.36124152  -3.07728358  12.1408172    5.45507912
 -25.64522911 -33.95237214   3.77458759 -36.673103    -7.08352752
 -19.92058723   2.97351441 -18.76473147][ 17.45152712   6.0604666   -0.87988059  13.83974861   6.15378794
 -16.56256912 -32.06715021   9.41553234 -30.11809804  -2.86960565
 -15.29852092   5.99985185  -9.74088459][ 17.11882502   5.31774071   0.59307674  11.74261873   3.03348829
 -17.99497669 -33.29104194   2.74541534 -29.96516824  -5.65918196
 -18.06700817  10.87309051 -15.99651889][ 16.70593074  -3.1548246    3.04192455  24.48620291  -4.61410291
  -9.98685486 -18.43789004 -15.6381179  -13.28355786  -3.65745086
 -16.20201865   7.67511018 -10.8793803 ][ 16.92654989 -14.11365685   6.68355107  19.88613259  -6.99565875
  -8.33347951 -13.40679575 -22.85561597  -5.23882685  -4.49487388
 -16.14106856  -4.08696813  -9.08814103][ 18.48451111 -28.66319505   7.69175408  15.55633667 -13.64965123
   4.68094422  -4.42091395 -12.83797126   1.60452824   1.13188656
 -13.78888632   6.86285735  -2.88295881][ 19.49936193 -38.95788586   2.92633053  11.91846323 -17.61616427
   3.61714744  -3.62128628 -19.17103413  -3.43502651   5.266107
 -11.88396355   5.87917814  -5.80669849][ 20.2587422  -37.78602809   5.8621876   16.82363683 -15.28694948
   0.41996955   6.26008994  -6.88464028  -2.36002322  -0.46102075
  -4.43234965   4.79426761  -7.28400461][ 20.92491445 -45.9523733    1.13282137  22.78050095 -12.85878681
  -5.79273352  13.29941063  -9.78105771 -16.33284975   9.32571025
  -0.65722711   4.34614252  -3.24052026][ 21.14799866 -47.82742203  -5.93535943  21.85812792 -11.39257714
  -9.89961662   9.72551807  -7.17329718 -15.39022142   1.39648576
 -15.67359006  -3.93480232   0.39476008][ 21.14163551 -51.14602245 -11.7960689   22.31334989 -12.1492624
 -13.55611798   3.8868648   -4.36296891  -9.66481366  11.79979992
  -9.41885228  -5.20170614  -3.67348928][ 20.91573423 -34.32141152  -4.63424191  21.01299937 -14.77086684
  -5.5006053    4.17895497  -1.27392573 -11.84476795  12.6018325
 -13.18679294  -0.27727603  -3.32592075][ 20.71476052 -47.42645587 -13.94026214  25.75555767 -12.9909518
 -11.58807886  -0.22917486   3.30443076 -13.20313819  15.75716199
  -5.93178904  11.55259774   0.25860905][ 20.33792488 -40.67711658 -11.86384967  26.28263971  -9.49280461
 -11.98458961   3.36651827   9.93552288 -17.07147421  12.06070303
  -7.7918292    2.67625643  -4.75817539][ 19.76818481 -45.15951106 -16.18141696  25.39774295  -9.25249725
 -19.61850727  -8.34642074  10.82828941 -10.52299452  13.00195348
 -17.13850732   7.65854564   2.4205151 ][ 19.19279805 -42.45986766 -19.24060451  19.99168639  -8.09947449
 -13.06626043  -9.03368139   8.90192065  -2.52204686  18.96488762
 -16.51738816  13.90617093   1.10540464][ 18.72167412 -40.421904   -17.60579514  23.14589791  -5.57405964
 -13.99517049 -15.43578669   2.47373162   0.44166868  20.99725703
 -14.51117982  11.34396759   0.44492685][ 1.78440221e+01 -3.76030792e+01 -1.42116434e+01  2.06055389e+01
 -4.00193667e+00 -1.11752852e+01 -1.44166465e+01  8.26125662e+00
  3.84533004e+00  1.13883177e+01 -1.80154983e+01  5.38424156e+00
 -2.94329957e-02][ 17.12978956 -32.466758   -13.81193021  16.42567767 -11.84803678
 -12.54952022  -2.90048742   7.51709621 -10.66560151   4.0546226
 -14.39862772   2.84678264 -12.78312456][ 16.47463127 -29.05628564 -16.66394944  18.91153399  -8.11791628
  -7.03695331  -6.14659579   3.88952664  -0.95383074   2.32782714
 -15.18367635   1.70961793  -0.55838352][ 16.36304522 -26.45532031 -15.15319289  21.04281854  -9.53934778
  -5.16872081  -2.21815481  -0.84610831   0.34841979   8.84659601
 -12.2173802   -0.98384239   5.5151551 ][ 16.1386501  -26.54436903 -17.02433006  17.03770654  -9.83225112
  -1.85018809  -4.73600331  -5.6804903   -3.30924719   8.7467308
 -11.52771573   0.02923305   6.87081028][ 15.80390679 -25.04428794 -17.12282183  17.29125667 -11.21188728
   4.76097635   4.48835338  -9.15082771  -6.58536233   8.54826197
 -15.20145135  -3.43679515   2.11708477][ 14.81878555 -23.13468399 -17.70666281  14.01357325 -13.57590049
   5.38673661   3.69192596  -5.06799138  -4.15882927  11.92417861
  -1.95622056   5.32104928   2.35702039]