[12.39326401  4.04462312 21.06236695 18.67483785 11.0043893   1.66474611
 -6.31360469  1.25563849 -7.9435537  -5.58636257 -3.231258   -0.091502
 -4.69485196][ 14.28473444  10.68822987  11.95412297  25.55033907   9.87409041
 -19.22238109  -9.72974266  15.15148096 -34.63086597  -4.86185118
  11.97426841  -4.43701116 -18.23019294][ 14.58342855  12.94520772  10.44220222  20.79425288   9.56065143
 -14.46726344  -7.49293295  17.11497163 -37.61037813  -4.72804057
  15.12941413  -8.33658418 -19.68559386][ 15.0368935   15.43432717  11.23416506  20.42372758   6.93450776
 -17.29035188 -14.121504    17.26552699 -37.32044748  -6.79940859
  14.29577013  -4.89116854 -14.51441351][ 14.94293668  14.82590422  22.72391792  25.13896303   4.32149981
 -14.99702838  -5.19080074  12.77104845 -22.51702495  -4.05319476
   9.46397198 -12.66385983 -21.90275101][ 15.17250724  15.08944265  24.30879341  26.2074016    3.58026376
 -20.0452888  -10.25032066  10.89083482 -22.19348012  -3.01900649
   4.57694519 -12.68630888 -23.32284818][ 15.03490647  18.10577067  17.79073919  14.28412529   3.92555145
 -10.91980286  -3.78338595   1.98993362 -18.05124579  -7.26216031
  -0.21913036 -10.10716446 -16.60110864][ 14.81158542  16.43812229  23.7233851   18.54450851   0.90917743
 -13.35326722   0.05056483  -7.74821105 -22.48830037  -4.49025481
   8.54589475 -11.65363459 -22.2041651 ][ 14.45095883  14.82748111  23.92824177  16.04605718  -0.09446307
  -7.13654118  -5.22051383  -6.40357213 -18.0761842    0.22718831
  -0.81034943 -11.66077729 -16.50997361][ 17.16942182  -9.66281141  10.1002105    8.8957375    6.03179205
  -0.80152468 -28.77381022   0.76746466 -20.29585019  -0.40033711
  -9.0145393    1.17263056 -12.74898399][ 17.55748005  -7.19079341   5.64795294   6.21955231   4.25169281
  -3.46290571 -27.75257722  -3.48267166 -26.89534759   6.89726894
   1.87888697  -1.5551369  -17.69876083][ 17.01927348   0.48564604   2.87059869   5.2656989    5.29679132
  -8.11558215 -21.31745531  -3.91229656 -34.11662123  14.61664228
  13.06459613  -7.69799706 -18.07989104][ 16.82881712   3.11162795  -2.2274869    4.77721029   3.74998202
  -7.8740144  -18.3370689    1.26708229 -34.21910977  14.50009217
   9.41150513  -6.54789715 -15.60870108][ 16.06978858   4.41927055  -1.2966658    3.67282022   7.19227261
  -3.22458974 -12.9359591    0.5042733  -34.08306553   8.94014579
  15.57965828 -13.0886162  -14.5443791 ][ 15.4893137    1.50959432   3.5821527    2.42112366   7.47981271
   9.4277366   -5.71798493  -2.15573991 -28.11265357   1.87080518
   9.71464172  -2.56499767 -11.47303667][ 15.24269263  -0.74865579   9.22271864  -0.41527439   7.20283076
  10.83348621  -7.46126354  -4.39525411 -25.14971967  -6.91877
   2.05360816   6.18595447 -13.93442854][ 15.47991963  -3.67622433   9.44996248  -1.95185757   0.70673075
   8.09829941  -0.74811492  -6.810923   -22.53792515 -10.81830171
  -2.8662442    5.50725942  -9.50747488][ 16.05596543  -2.83341686   3.57533524  -4.46423713  -1.80909392
   6.38639775   6.32890746  -6.92770239 -27.5278561   -8.12784563
   3.26409981   2.85769813  -9.62400773][ 17.1936681   -0.97335088  -3.77694897  -6.83725918  -5.23430375
   0.92292175   4.41919514   1.81099834 -36.17018731   2.18744612
   5.09735674   1.79986185 -11.34938322][ 18.21151577   0.21075507  -8.46253666  -6.30294286 -13.88757309
  -1.89848498  -1.14802464   6.00987518 -39.68715442   8.66468326
   0.31713116   1.869674   -11.07973597][ 19.10693143   2.25324501  -7.81854308  -7.3729387  -19.48731792
  -1.81009972  -0.93420388  12.30242448 -37.00907727  12.97842466
   6.03547436  10.54849395 -11.33520217][ 19.81854709   4.94561263 -13.01943647 -12.8101518  -26.4016599
  -7.65998533  -2.01983168  14.58722922 -40.15974808  10.08307509
  -1.75409235   9.75805513 -15.86120546][ 20.32209139   8.6105614  -15.78770452 -15.05671217 -29.00562983
  -9.75156224  -1.9040051   18.85855783 -42.78200112  10.93665862
  -3.09593796  10.56278946 -17.58314972][ 20.85848617  11.29962092 -20.146603   -12.23591043 -28.23423862
  -7.75795933  -0.31620269  20.89272139 -34.65281733  14.28162858
   0.70982019  11.16703758 -12.79818142][ 21.24863322   6.8681698  -21.19988308 -16.96430166 -31.31464817
  -7.48075592  -0.18356673  12.34363523 -31.60605889   7.03424997
   0.32826177   2.84188655 -17.34302831][ 21.47511813   6.18047711 -23.05434798 -18.22192602 -31.49490787
  -5.47101822   1.571542    16.98072881 -32.12347978   9.64432226
  -3.5817967    4.44829646 -17.64480866][ 21.62012849   5.91460998 -18.31165207 -16.62475604 -25.76497017
  -0.31460612   9.35032162  19.12402691 -27.67483616   8.15760753
   0.24895476   3.41536715 -14.78454239][ 21.59463576   5.71800509 -20.08969792 -18.12533667 -25.24016957
  -1.94672585   5.10316076  19.03839784 -32.00015581  10.02515081
  -4.39225895  -1.96740855 -13.06280983][ 2.16099008e+01  5.01028003e+00 -2.35079653e+01 -1.95123274e+01
 -2.74154665e+01 -1.97651438e-03  7.00431033e+00  2.58016799e+01
 -3.75795218e+01  1.12073866e+01 -1.24528102e+01 -2.12491290e+00
 -1.52997363e+01][ 21.60297443   7.5182902  -23.07512019 -15.39058945 -25.61776669
   3.18248632   6.80332095  29.80324142 -39.4832244   11.62963146
 -13.68606277  -4.98990831 -15.37789158][ 21.47832326   6.79406635 -20.65124499 -13.53055025 -21.55709752
   2.45017908  10.03936172  29.46458287 -33.68560568   9.3862268
  -7.19657239  -6.32285258 -10.83502573][ 21.47454657   4.95129262 -20.59094833 -18.45965634 -19.67664041
  -9.09581923   7.66075823  21.3732903  -36.53256898  11.78134038
  -5.41625694  -9.0174293   -6.10714586][ 21.40391597   5.57178075 -23.09087456 -18.43142609 -22.96038768
  -6.13699865   4.39513866  27.02816126 -44.48848336  10.47889429
 -14.37748431 -10.90717424 -14.79313222][ 21.32589377   3.97070409 -24.20493391 -19.6372968  -24.89730206
  -3.95160066  -0.16222767  21.48855128 -42.6912921    7.37692619
 -15.80989537 -13.89522448 -18.49764653][ 21.30589386   5.82482456 -22.33311214 -18.69624752 -19.68357965
   0.79526832   5.98888668  26.2424308  -39.86899089  11.38545145
 -10.12648181  -7.97952133 -14.0000781 ][ 21.30961062   6.37016308 -24.33199321 -19.8435829  -22.14757301
  -0.70141472   3.06470779  21.32440351 -45.7214161   10.40214835
 -10.92877186  -5.74302534 -12.23834112][ 21.31403318   7.1031167  -24.25476647 -19.50093289 -20.61337036
   1.80207868   6.75768917  21.18071948 -45.22400022  10.2461018
  -7.38931272  -4.70065454 -12.51606034][ 21.15020685   6.75019168 -23.47695632 -19.98012997 -19.89449684
   2.0085183    7.44128195  20.35322526 -45.65649285  12.24069393
  -9.63331856  -2.21681912  -9.5648022 ][ 20.88173802   7.32378576 -16.11572118 -19.58538166 -13.11737591
   2.65486045  15.25755246  19.69172141 -38.30154151   9.22357751
  -4.07659002  -0.55392326  -3.81098873][ 20.08528098   9.19478362 -12.52035422 -21.47992206  -9.20743199
   2.74746836  15.34973679  16.2847529  -34.40936171   4.5860714
  -9.3342876   -2.28637816  -3.91611918][ 19.2988704   12.77751822 -15.79519407 -19.07862685  -9.61007106
   4.762768    16.1408577   16.59932683 -28.24658047  -3.25563816
  -8.00108675 -11.74420664  -6.07823872][ 18.0934399   13.11356451  -8.59990297 -17.46529658  -9.24459108
   4.27567747  14.25352138  16.50521773 -24.47393424  -4.63741591
 -14.83020957  -6.79415173 -15.08888595][ 16.79679507  11.41212803   1.94330509 -18.40892306  -5.09208041
  11.03021838  11.46413331  22.90276493 -24.52076381  -0.51894088
 -17.06037657 -11.86332053 -19.94618394][ 15.72903212   9.11270856  -0.22604878  -5.88497133  -6.73084474
  21.82751357  15.75437357  24.81893986 -20.60694399  -7.86003762
 -12.49835788  -6.63954488 -16.4654316 ][ 15.3707292    2.72995138  -1.16735091  -4.35467441 -13.62000199
  27.8021358   19.1802429   23.39350632 -13.41105444  -8.72618874
  -3.6592296   -2.67947647 -23.63732505][ 15.21665084  -1.9164101   -3.68215093  -4.23800512 -18.19004917
  22.56822745  19.29739857  29.06535114  -4.83551366  -7.35172595
  -0.98601148   1.42575881 -24.58446695][ 14.86892244  -5.91264304  -5.76844982  -5.69582412 -23.26997402
  17.9869748   20.04915985  28.27817075  -1.59882115 -11.55504674
   2.12691577   8.9267908  -20.16100306]