[ 1.55404280e+01 -2.28168417e+01 -1.52427935e+01  6.36729393e+00
 -2.21142183e+00  4.43242394e+00 -1.99557633e-02  1.12573641e+01
 -1.15570887e+01  1.32045588e+01 -4.81756223e+00  1.01573388e+01
 -5.87392190e+00][ 17.5988624  -27.02047415 -10.02205785   5.75961769   1.106735
   6.10612852  -8.85356159   5.19358207 -11.87586857  17.96536975
 -19.49560555  12.66552155  -5.89612898][ 19.22466919 -33.71426711 -18.21386749  10.9642761    7.82393946
  -2.39319029 -13.37477139  14.8569468  -14.4142815   15.73173864
  -5.3002901   10.6655347   -7.44048439][ 20.65086227 -25.22368831 -15.49352012  14.6629235    6.96886715
 -10.35754483 -13.46445552  22.70750082 -19.87516769  10.68221834
  -7.8864929    5.78058996 -11.59388252][ 21.71056534 -33.32009382 -19.3181368   22.88419211   3.9906723
 -12.82681021 -12.97763996  30.4191103  -27.48493926   7.08004147
  -5.10623435  11.16371246 -14.5140529 ][ 22.38544837 -35.21019771 -19.27968655  23.52649139   5.65781515
 -11.65631457 -13.17104117  34.60570331 -28.51694635   5.9205188
  -0.16205919  11.29865048 -15.88001544][ 22.77355591 -35.50473795 -15.51200717  25.23592714   1.58876137
 -11.38248342 -17.84141841  45.34416689 -29.83985807   1.71845326
  -3.06637136  17.95802856 -18.25699099][ 22.68887682 -33.33653015 -14.11366251  21.25274583   3.45083552
 -11.88705875 -16.32226838  40.12894073 -29.26106718   4.83235222
   0.40976383  14.40203887 -16.30003454][ 22.29154862 -34.13265607  -9.18603155  20.15944848  -1.44346029
 -11.91842147 -11.80058726  35.50747186 -34.11008186   9.33058266
  -6.30660464  16.29721866 -19.19771507][ 22.02911495 -43.76670735  -7.68935941  25.19245541  -4.64191157
 -11.38146039  -7.55269491  35.35063338 -29.75178905   7.81308775
  -3.2545768   19.22457068 -17.06575808][ 22.2357263  -52.37968567 -16.18248375  18.95653083  -4.13390583
  -7.10356837  -8.0988422   26.12885802 -23.72884503  15.44921707
  -8.51504934  12.66559457 -11.09095351][ 22.65631224 -42.74069565  -7.21211374  25.93577711  -9.89393016
  -7.84694401  -0.89237637  23.1274199  -30.91943362  18.98667703
  -6.30835215   8.15578383 -14.49870166][ 22.54805043 -45.87267245  -7.46288418  26.9272718  -12.83393564
 -13.01845318  -1.51940975  19.44073127 -24.24425811  22.27349975
  -8.28041471   9.21617135 -10.98829686][ 21.8571474  -36.64674237  -2.91088556  22.66596617 -13.08161088
  -7.25220037   8.24741723   7.34544984 -20.80327955  22.97572277
  -9.77008784   4.35488628  -8.79333566][ 20.61326539 -14.2997116    8.16237306  16.12209174 -21.00443355
  -8.12696157  -5.51099212 -11.27921898 -16.64369142  31.63930232
  -2.00398499   5.83006513 -11.20038397][ 20.62924782   1.38358376 -12.10302707   9.10341205 -24.31874594
  -6.04431419 -26.87609333 -12.76638186  -2.42361715  -0.52734683
  -1.0448236    1.36406987 -23.60355254][ 21.32559846   4.15496646 -19.00148174  15.96166455 -29.72926771
  -6.43623947 -32.65487586 -17.7194096   18.55391031  -3.32394208
  15.01673021  -1.73225018 -30.79485891][ 21.7256436    3.99173096 -22.74929111  17.89883978 -36.02707901
  -5.08209791 -38.5020019  -16.04139402  25.07973959  -5.314857
   7.96577899  -0.66213442 -38.43373684][ 21.89001545   3.04802666 -21.62468549  19.39719715 -33.57611331
  -5.04260412 -38.38287643 -14.34465668  34.57478746  -3.89954445
  11.45126021  -1.0851802  -31.57923306][ 22.08979366   1.92099993 -24.21495926  19.41286764 -37.86066424
  -4.44501224 -43.13255294 -16.53621583  38.07055832  -5.42613867
   8.43162071  -3.48505803 -33.22029215][ 21.95492469   1.85802464 -22.72523842  19.2949804  -33.6409636
  -1.19380917 -41.01515585 -14.09224368  40.4079899   -5.33192702
  11.29872596  -1.7368155  -26.6188898 ][ 21.70348828   1.27206683 -19.90049996  21.9246505  -28.34494545
   1.67112509 -40.0886606  -15.0411971   36.31674736  -3.84481463
  13.68705886  -1.01717496 -22.61621485][ 20.88026218  -2.05761113 -13.43694289  21.80103913 -24.10453804
  -1.67736124 -40.4659929  -17.29263289  22.89397822  -3.31811909
  11.36783937  -2.53444465 -13.64656897][ 20.15534938  -2.65181754  -8.66710505  18.74099106 -24.79725842
  -1.5238766  -37.67970513 -12.38683621  16.59767276  -9.41839139
  11.05768467  -8.48185478  -7.75883425][ 19.63849008  -6.68500219  -1.37566858  17.43811049 -18.78270611
   0.38304617 -34.2358957   -8.3449212   12.10730262 -10.68642885
  18.03963383  -4.61700575  -5.56114404][ 19.75148822 -14.31749749   4.09631444  29.0581406  -13.75931163
 -17.45927396 -18.23275507  -3.59153265   6.92922723  -3.92421239
  10.94836925   8.26946573  -6.62462077][ 20.74529937 -28.19347242   0.20278195  29.49592549 -17.14270778
 -22.24449025  -3.74153518  -0.08083356   2.28819533   2.17284986
   3.08436774   7.32895282 -11.63127545][ 21.21924413 -39.69431841  -1.33291649  28.38540953 -22.87223758
 -24.75496366  -5.03892571   0.05587307   4.77396533  11.2941425
   9.84731874   4.49728543 -13.39975893][ 21.08816129 -47.64581435  -6.58991522  22.99651155 -24.68962043
 -29.67772502  -6.10423665   3.17460093   4.13432346  11.66806645
  13.58572599  10.40297065 -10.94144047][ 20.76910009 -42.56828051  -2.41837368  19.5595765  -19.35723189
 -10.13016427   8.63892513   2.43086887   5.22226089   5.47273541
  -1.35592056   0.13120897 -13.12061679][ 20.83466296 -45.05048882  -2.12921901  23.40645452 -18.9271634
 -10.79815885   3.92715785  -2.54756376  -2.74813454  -2.07918322
  -2.84923424  -0.30531703 -16.22916425][ 20.65042233 -37.05581268   0.13033034  19.97894298 -14.84331572
 -10.94215483   6.63042961  -1.36078623  -2.12930116   2.43298556
  -0.43796652   4.03048929  -8.75408275][ 20.44945535 -49.16483373  -1.07611292  27.12660209 -10.01896524
 -20.27197427  -1.31227021  -2.53317701   7.92698621   6.74063807
   1.17896831  12.57236728   0.04977288][ 20.63216891 -42.75610779  -4.05614332  21.81282769 -11.40111061
 -15.80671573   7.55940652  -4.68086853  -3.97778661  -2.57346646
   0.97369921   9.37917346 -10.54989064][ 20.74086985 -45.80279018  -3.69767359  24.56047889  -9.7354686
 -18.76098606  12.72721843  -3.16520564  -1.62087121  -6.02412137
   3.91115231  10.47379821 -13.65353212][ 20.69508751 -36.86389672  -1.76563176  20.91366631 -11.80357195
 -11.86001353  14.81866769  -0.82288382   0.64685141  -1.86678315
   2.99146985   4.05624777 -16.64603325][ 20.49068101 -39.4676323   -3.34781996  21.46883915 -12.57143596
 -11.89686593  11.61586914   2.88855646  -0.19368505  -2.43711957
   0.56657274   0.89185722 -17.08630697][ 20.05945361 -43.18502187  -4.06260117  25.59465867 -17.5982597
 -18.01480919  10.88486908   5.27773832  -2.71015145  -0.90758893
   3.41488013   1.62956291  -7.45688896][ 19.57485594 -44.42139556  -6.06134715  26.6075089  -15.20587202
 -14.68477265   9.87666306   0.94819513   7.31022075  -3.86028399
   0.1434174    4.33689871 -11.45290124][ 18.46086302 -43.4770231    2.01397787  26.81519583 -18.64326466
  -9.16854368   8.62770604  -8.06819159   6.94174236  -2.03911803
  -1.01186069   3.81969325 -10.41456187][ 16.87644006 -36.7811884    1.70608454  21.28496451 -19.03785468
  -5.75608513   2.35733268  -7.54210708   6.68114358  -2.13332073
   4.88199425  12.32058921  -0.5237935 ][ 14.54765659 -25.37844479   0.59075676  27.87826143 -20.84507652
 -11.06829479   5.49106187  -1.64915433  10.28074053   0.29361883
   1.70214396   1.04203683  -8.48262342][ 13.46533654 -20.67376447  -2.02216416  17.76560875 -13.12271231
  -3.98221791   7.91624226   5.59657778  17.50527682   1.92737954
   8.23602859   5.31659524 -10.72706097][ 13.12144308 -20.15974291   1.69049022  15.10641958 -13.93659332
  -5.20731178   9.34889919  10.97587207  26.71693369   6.57510404
  10.3233976    9.34099044  -9.67525067][ 12.74445943 -15.54809462   5.11373334  16.97564141 -13.86314858
  -5.08180902   7.23959617   8.00148576  14.34193739   1.07742034
   4.38245052   6.18804556 -11.49294561][ 12.50158421 -15.34352273   6.30745581  16.38371198  -8.58049934
  -4.73978032   7.39742278  -0.0860795    0.29108237   0.09847079
  10.35921567   3.64567197  -8.2071797 ][ 12.23646324 -15.38012993   4.7611188   16.3011641   -5.77066591
  -8.95265884   3.7322889   -6.51161059  -2.36979094   8.07585022
  12.89083787  -1.20748512 -13.24055579][ 12.03068119 -13.47745173   4.87686475  12.82509136  -9.68226403
  -7.0647073    4.93849548   0.72163156   4.07827436  10.82912253
  11.83694771   1.75050743 -14.18348587][ 17.44543587 -28.22428886 -17.28650704   7.6831545  -25.47548334
   7.23623345   2.01045054  -7.61536511  -3.90753401   4.61192659
  -1.82553742  -0.54676495  10.20184936][ 18.18656871 -26.04638887 -15.72214028  16.16812029 -26.07244213
   7.36339825  10.5098614  -20.80585265  -0.18298428   3.25475544
 -15.6840329    1.28557586  -3.01138519][ 18.75808585 -30.69551424 -15.05538022  13.01145195 -21.35590548
  -2.49185228  12.73911275 -16.78969846  -3.88610705   8.59557288
  -0.60403214   3.2805203   -0.6498692 ][ 19.01582404 -37.59308053 -11.74294532  15.41225775 -17.69165641
  -8.67641112   6.67855664 -11.11392235 -10.08777416   3.9074857
  10.37845591  -1.57495888  -2.20363621][ 20.28986648 -36.26928513  -7.07046916  15.99246267 -15.45316947
 -13.91887292  16.17795362  -4.76790622 -12.0427052    3.69454315
   5.73171815  -5.19048054 -10.9887895 ][ 20.52929591 -40.64756994  -5.40512263  20.29633638 -15.88320623
 -22.16897366  13.91182929   0.64279658  -7.55370114  -1.81330354
   1.91790913   3.65767345  -9.7184404 ][ 20.48122371 -43.02911674  -9.5901877   20.47469206 -12.98372846
 -26.49900823  14.31012448   7.29911749  -2.75634968  -3.83052672
  -2.27284812  13.69018978  -5.10015162][ 19.78949069 -40.99894001  -9.33189459  19.47516106  -3.7835998
 -17.04668605  16.16274239   6.27854409   1.29983694  -5.72917608
  -9.58463837   3.07768047  -7.78569436][ 19.22121023 -39.79001975 -11.73370813  17.75377709  -3.84677137
 -23.58415712   9.91735514  16.54163814   5.53031144  -8.54415233
 -11.10703549   2.43171144  -4.61433437][ 18.17639348 -25.99999973 -11.81481117  13.89186781  -5.4560785
 -16.07640147   2.18855556  15.03508189  -5.78074392  -9.81751027
  -4.14548877   6.60880805 -10.93187846][ 17.15351109 -24.50015181 -15.17071832   8.28183372  -0.7368537
  -9.37981278  -5.80995315  15.3793405    3.2985343  -11.3706259
 -10.10230246  14.9122877  -11.0256149 ][ 15.89495684 -20.80685725 -13.84292523   7.31856256  -8.94154068
 -15.30443345  -2.97950271  18.25724331  14.75999533 -13.11840478
 -17.90845751  13.42245916  -6.00876264][ 14.61834247 -14.61412735 -20.8271787    4.08055319  -8.21528035
  -7.75885797  -2.10652384  14.13389916  12.14376183  -6.51991867
  -9.27302945   8.44266297   8.35381641]