[ 15.02846657   6.64699337   0.89010761  22.37502516  -1.02642802
   6.85595703 -35.95979367 -30.6232715   15.68565941 -16.02187928
  -7.01690644   6.64164953  -6.92937683][ 16.41513485  11.29030191  -8.37691752  16.76064053  -9.01416949
  11.56028377 -37.23635984 -26.43861748   6.49739466 -14.99361791
   0.9330765   -5.85311119 -13.16347476][ 17.01361861   4.47806878   0.98087466  11.60324588  -6.64757287
  15.23265738 -51.04910024 -26.50439488  -1.04394938 -18.0155793
  -8.08810246  -8.86837283 -14.03121868][ 17.7459315   -3.85740624  14.73888849   7.71408969  -3.45641219
  22.14511175 -56.40879323 -16.18800444  -9.59375013  -5.79932272
 -12.34664405  -5.30336104 -17.02164296][ 18.20852415  -9.39287833  25.45515064   3.50201076  -3.29485213
  25.76469412 -45.36052067 -16.81563915  -9.19319586  -4.0856498
  -7.04885738  -6.87422582  -9.76957952][ 18.54314706 -14.24223479  26.2227773    4.65641508   0.18524823
  22.36913191 -39.07972725 -11.06182903 -17.32741095   0.25433028
  -1.7601029   -6.80000523  -2.02318551][ 18.7599034  -16.22335127  26.12945827   0.22464323   0.48688411
  23.7459403  -34.91943319  -3.5852567  -18.53736109   0.77221238
   0.23727877   0.94430461  -4.04670765][ 19.08261824 -23.82156887  30.02230352   3.91744658  14.76027099
  26.71963208 -24.29489061  -2.32608042 -23.56331917  -0.28613857
   0.373055    -0.95518296  -0.417856  ][ 19.68897458 -26.03110259  25.14477724  -3.34025819   7.54375881
  17.05470809 -16.40044664  15.30626113 -15.46991153   1.66627591
  -7.22070627  -1.52785159  -4.8620892 ][ 20.54512778 -30.54617093  20.90707667  -3.48476235   4.78566994
  13.90921756 -13.05282285  11.15108445 -11.90028988  13.83128005
 -13.38665411   2.81656662   2.83803541][ 20.91555612 -36.23443338  24.47058629   1.16330249  12.15327452
  16.03261661 -15.54692789   6.55699621  -8.95896692  16.7996838
 -15.18197518  -6.81082321  -9.33010766][ 20.93929782 -35.53740407  20.75120847  -0.85120976   9.10354873
  17.7770218  -12.25524016  16.86492314 -14.24842249   1.60538435
  -7.43342108  -3.05938868  -6.97956951][ 20.91176696 -33.38090352  17.61614479  -2.84275745  11.48580112
  20.44670858 -15.40640157  15.54159628 -17.29089403  -5.09013364
 -12.6126707   -1.07171215  -1.9663226 ][ 20.74158549 -29.05756003  18.73287276  -6.28534256   8.96398533
  17.95947735 -14.73688158   8.91216013 -19.57243618   2.09460298
 -11.51624003  -6.36014485  -7.76762969][ 20.66208069 -24.04787293  21.27192717 -10.08879065  12.20689759
  13.1349619  -19.84627847   7.23712679 -28.73458499   4.89425842
  -7.3244014   -4.98292846  -8.93129953][ 20.37093726 -18.17829665  22.39673942 -11.51504354  10.64088508
   5.26935449 -22.35969901   0.1528676  -32.35508642  14.85064691
  -5.45753414  -3.38082609  -8.26877129][ 19.79786961 -10.50399024  16.81134642 -15.01047174  12.45335095
   2.76461831 -28.32643441  -9.35333692 -28.15789851  14.72953722
  -3.6689621    2.69432004 -11.19212017][ 19.31578039  -2.18200995   9.29319321  -7.40036491   9.59842054
   3.22662159 -32.69638802  -4.69839028 -18.46095817  14.76776461
   1.55915036  11.34881679 -21.59536002][ 19.92395126   3.50325552  -6.7746097   -4.62849037  -1.34032011
  -9.59651481 -37.63583738  -9.98581608 -11.40449095  10.74543953
  -2.10484494  -1.00056231 -31.29591231][ 20.59814909   8.8660739  -12.11347113   0.50841303  -1.2595011
 -15.97698186 -33.95512027 -15.92744404   5.56952713   2.84051084
  11.49916598  -2.80327918 -17.83932505][ 21.11114896   8.15031598 -15.94484431   3.05506582 -13.74644169
  -8.39298251 -37.33714632 -22.84434146  20.40835272  -5.00623377
  12.58779466  -2.76947096 -21.07018458][ 21.12784949   9.07066834 -20.49207817   2.59837757 -20.62349525
  -7.24797736 -39.58592138 -25.1526694   25.3234945   -3.98996537
  12.76054251  -3.41440895 -19.86252549][ 20.90562757  10.50956029 -16.9401436    6.60418903 -20.88505496
   3.52587822 -35.00563179 -21.16375144  33.62745804   1.26522187
  13.23828806  -0.56078009 -14.11592202][ 20.55192672   7.06303532 -19.88978032   6.27193592 -25.20124
  -1.55800879 -32.18420363 -24.48845294  21.21157238  -8.48721561
   3.17794492  -4.52537132 -23.18555694][ 20.71084913   6.57560352 -20.92964651  10.00534037 -25.09876122
  -2.45322777 -30.17781732 -17.54463573  32.26434445  -6.0451328
   7.20526501  -2.92370604 -25.52842684][ 20.68666114   6.54185659 -24.52209723   8.2562888  -28.18691245
  -5.9866477  -29.05202234 -18.85940288  32.6332834   -8.75727927
   6.80730682  -7.34984237 -30.88976232][ 20.57629897   6.80885314 -22.152181     6.74177194 -27.97462928
  -4.2749782  -26.58409706 -10.17001425  30.79621137  -6.4198508
  12.13263251  -6.02793633 -32.9763063 ][ 20.27981202   8.13934781 -22.15532697   4.6500927  -31.93085855
  -4.78112422 -25.51185979  -8.79419146  25.51327232  -4.76508093
  14.03737448  -6.9503285  -31.1085518 ][ 19.62100595  10.19428894 -12.55838964   2.3228102  -30.41042158
  -1.99922344 -16.14565709  -6.917474    20.1183984   -2.49568165
  16.89063854   1.33834825 -34.1826075 ][ 18.18199652  12.04325092  -3.72223259  -1.68394037 -24.1067253
 -13.89264015 -17.5041253   -0.29164283  11.00123581 -14.02750834
  19.37417299  -2.96902366 -27.6420647 ][ 16.11237355   6.86196083   0.29610577  -2.90500307 -13.57971334
  -5.7525458  -14.9289137  -10.15212422   6.72134166  -8.76341325
   8.58017499  -0.42211626 -23.89557441][ 15.51552984  -6.05254911   0.31196581  -5.57165805 -13.52654648
  -5.20637615 -13.74700866  -8.01981251   4.70489571   9.20854793
  -1.44492922  -7.03650105 -17.56164399][ 15.56279027  -5.22951405   1.07723113  -2.89946648  -7.84580914
  -2.82700505 -16.17052763  -6.39482755   7.81550539  19.84295295
  15.19810627   3.53273502 -12.54475917][ 17.59944446   4.56655865 -11.02305448  -2.17008406  -9.88727736
   4.76495972 -36.07843174 -11.59822688   6.44012535  -1.26312292
  16.66087571  10.6330428  -26.29274151][ 18.32625273  10.95748274 -17.85802406   2.23061255 -20.04447325
  15.1044688  -46.28694564  -6.89005544  13.33199423 -12.39462626
  20.68844361   4.81006711 -23.92338898][ 18.3861932   11.55998683 -18.00065164  -0.33866133 -21.70948889
  18.69199515 -43.60741815  -4.42023671  13.69378993 -17.67307152
  20.09626601   4.91324748 -22.40486102][ 18.32165091   9.90766702 -16.15066353  -0.08939161 -21.09018517
  21.39177259 -38.3141655   -2.29459869   5.33758517 -19.47317401
  23.98888394   5.4225856  -23.73960599][ 18.23370318  10.93921639 -16.56454992  -1.16946957 -24.79318174
  25.95653863 -35.47659619  -0.20799954   0.60175304 -23.71261262
  26.11793198   4.3492185  -21.31641903][ 18.0791143    9.33330029 -12.99492631  -5.33839443 -24.30826451
  25.37026664 -30.63940403   1.23429531  -2.67764702 -24.63622689
  24.23808389   9.78279354 -24.1364456 ][ 17.69753231   9.6937626   -9.09027697  -8.18398895 -23.34046567
  28.15256668 -30.97006289   1.06101719   0.23339294 -25.72743478
  21.19609775   9.81574945 -21.56060504][ 17.34708721   8.32253241  -4.05472863  -9.00963655 -23.72264083
  25.35362861 -21.44018605   4.61904291  -1.09228693 -23.61527357
  20.15114396   0.2317421  -13.71369309][ 17.32953977   7.417994    -6.6891864   -7.05756313 -25.78953511
  26.70316217 -11.24738605  11.49844573  -5.81175442 -29.31994085
  22.90045626  -6.51409188 -11.47084682][ 16.95490512   5.68648415  -9.36706515  -5.42161734 -21.76301531
  30.01643814  -2.15896923  10.41624887  -2.68649114 -32.30376031
  20.40433398  -4.84231569 -12.46520288][ 16.24096114   1.58122444 -10.30799975  -5.74614364 -12.6752339
  23.93475252   3.19374293   7.065972     2.657314   -19.0245224
  15.66675615   8.58523786 -17.47329296][ 14.90776468   4.92741159  -4.58574769   0.14550744 -13.54630476
  23.82978452  15.89516993  -1.7765655    2.52254767 -24.34489303
  12.17531043   0.62650633  -7.00737103]