[ 16.22604116  -9.64288308 -29.53167188  21.0886021   17.00282164
 -15.63297488 -18.63852037   2.13174879  -7.17792665  17.97335831
   1.8895729   -2.33093305  -9.38390605][ 17.29000987 -25.75644096 -19.64319131   0.71360521  16.60812666
 -19.4165024  -11.93432983  20.99200813 -21.09140211   1.67842818
  -9.12292222  11.2589397  -17.22744657][ 20.16018115 -25.64856377 -29.3836741    8.21972159   7.97242921
 -24.43030565  -9.93938423  16.52682336  -5.424624    14.24031283
   0.13827071   4.56616317 -15.45494742][ 21.60321828 -43.95597664 -23.68242897   6.19460033  -4.83966338
 -18.61612866 -15.55379227   9.39147441 -10.24755934  18.80308364
 -10.14953461  14.89378703 -21.56724209][ 22.58515762 -40.48569831 -10.43304692  10.34636916   1.46546088
 -14.24896366  -6.43907311  12.0117155  -14.988224    16.87673603
 -13.40546938  10.01700845 -12.26115665][ 22.76420176 -43.22495923  -7.44658411   6.27613705  -9.51398524
 -14.63267623  -5.17152521   4.89667773 -21.06901084  17.61514927
 -12.57344324   7.51937996  -8.34928314][ 22.93192121 -40.62032575  -0.26580351   8.66772102  -6.58203556
  -4.92171357  -4.10765839   4.39414061 -15.13057725  15.03642397
 -11.40900678  13.57665333 -11.97377232][ 22.55901409 -44.1796382   -0.54029645   6.68501345 -10.29516068
  -3.51943759  -6.18283947  -3.68162142  -2.64455398  21.20333875
  -6.2029886   15.1623413  -19.00409638][ 21.94083409 -38.69653987   4.77837022   3.6024148   -8.80245648
   5.68087208  -0.74142553  -7.54754552   1.37672576  14.49394412
  -8.82654825  12.44087802 -17.72583725][ 20.13234559 -39.98551409  -2.06600305   1.55196755  -5.19010491
   4.946561    -4.9970429  -11.45827935   3.60248892  14.26619449
   3.01993069   9.51934122  -5.16505739][ 17.71413736 -28.79385625   3.51540152  10.2024209   -9.48487814
  15.97420472   9.26349796  -3.88567574  10.2267052   -1.40291191
  -9.22349165   8.72191708  -4.60522575][ 15.66088511 -21.18001224  11.7527192   22.61918084   1.21040478
   9.49582502   5.9635006   10.23672628  -0.92498408  16.55190817
   0.66235309  15.09747356  -3.14109705][ 1.48677683e+01 -2.12217071e+01  1.19437856e+01  2.84642563e+01
  7.02785852e+00  1.14650711e+01  4.34323023e+00  1.45428148e+01
  2.18755730e-02  1.65165501e+01  7.87335263e+00  1.42315803e+01
 -6.47778116e+00][ 14.44911404 -21.03495645   9.93649413  22.75970446   2.57995744
   6.89568304  -0.40938564  12.79360798   2.74689676  16.90897144
   9.15267214  18.23886987 -10.69433576][ 14.23675718 -25.35349005   6.75935681  15.78798021  -0.51963144
   5.17264862   5.07460699  16.27949812   8.53237444  20.33209316
   4.39577757  12.29674304 -11.25470426][ 13.86580597 -25.66259236   7.11053903  12.11717019  -4.03791379
  -2.53529086   6.5621267   21.03727436   8.06339869  17.40454722
  -1.42713254  17.67479673 -11.90918054][ 13.63111013 -24.6936777    7.63728329  10.29720329  -6.10607523
  -2.03085114   7.46855863  15.59808986   0.85709228  13.2879281
  -1.98817687  17.62570413 -13.72376623][ 18.69502177 -25.65011969 -17.49775722   1.43731943 -25.68385772
   0.35082338 -16.07995524   1.93869619  -2.56554564   6.28995975
  -7.49943993  -8.5442152    7.62234084][ 19.38292672  -8.15041923  -1.43936215  15.57530957 -16.82295837
   0.35635494 -25.42512061  -9.02625838  -9.32708499   2.86290861
  -3.49601021 -16.74098807 -10.48670688][ 20.1464117   -0.60280139  -2.73663495   1.08097097 -24.94471146
 -10.01206269 -43.14660446 -19.31964435  -4.99238061   0.26463594
  12.68159939 -12.08369768 -22.98693217][ 20.48527013   5.24530493  -7.01722032   2.54886752 -21.8496006
 -14.35087973 -39.53413917 -25.12726427   8.45086948  -4.06916621
  16.79462805 -11.63008532 -29.89142413][ 20.98065982   6.8696519   -6.86942286  -3.1708483  -17.62174258
 -14.38120065 -28.20543243 -21.00885977  18.10155316  -1.41466673
  21.22379974  -4.45292551 -20.38931871][ 21.13885993   4.24289837  -7.67559307  -6.31843581 -24.5084712
 -14.18299707 -34.73878245 -22.24044638  20.97985139  -4.74308478
  15.21182463  -6.81547452 -26.66480611][ 21.22232762   3.85421143  -8.02141055  -5.0679168  -28.32817922
  -7.82027712 -30.83161225 -18.88923403  27.4632708   -2.17696555
  12.06882859  -7.12490143 -27.61808474][ 21.06802937   5.37336469  -6.60221245  -3.83412641 -27.37774905
  -3.48736581 -34.63082209 -14.3317343   34.30085985  -6.69844345
  12.93612089  -4.65086442 -34.64638905][ 2.08162509e+01  4.16432647e+00 -1.29820621e+01 -1.19785594e+01
 -2.40825419e+01 -8.58007570e+00 -3.87269884e+01 -1.89341684e+01
  2.04358655e+01 -1.11172834e+01 -3.63353023e-02 -1.21188225e+01
 -2.64904370e+01][ 20.72950853   7.66694397 -11.36016335 -12.33324469 -17.425323
  -5.51332249 -31.7776167  -12.70012737  17.39089955   1.4329323
   9.14162359 -12.7757113  -22.89204648][ 20.66279709   7.41031219 -10.79799303 -16.70294551 -20.41943922
  -8.07199395 -33.56965119 -19.94331521  13.05246695   0.40133599
  10.76556517 -15.9585489  -25.99954276][ 20.23048571   8.07675365  -7.23888451 -15.42355094 -17.58751797
  -6.73414778 -27.59371355 -16.87996287  15.21883179   8.14335597
  17.01596336 -15.47549486 -26.36794888][ 19.24112781   8.63795152  -5.97875156 -23.38228649 -14.45592736
  -8.24390441 -28.40705201 -14.47982468   6.48979328  10.84984767
  29.73127009 -17.75443883 -27.79591661][ 15.79075169   5.36170198  -0.58108789   1.71434628  -8.87729995
  -8.70198008 -26.20504386 -10.7767536    6.10544668   8.18476285
  -3.8537664  -10.86067538 -19.8040386 ][ 16.31362105 -14.90473     -8.80711042  -7.93612324 -18.27785314
 -27.98419944 -23.80553923  -9.61813012   0.95973564  24.67482681
   2.72495347  -1.79378904 -14.93973838][ 17.53095846 -15.0808439  -11.20632414  -1.63714555  -9.85420913
 -25.93827195 -18.71261508   6.68933298 -11.95595775   2.77733853
  -7.99515221  -4.4607726  -16.04300938][ 17.8030974   -8.65747723  -3.58706202   8.16886286  -7.30120408
 -21.40326572 -30.80639602  -2.71933163  -8.10207498  -9.09114592
 -10.65923865  -3.28579226 -16.61398625][ 18.19188061  -0.97628339  -1.31600832  10.26909833 -16.65756355
 -11.59179419 -48.33975328 -15.67071303   7.27200766 -15.95997321
  -3.9240967    6.53737551 -14.54455883][ 18.60133277   5.87590964  -5.00617478  16.69056933 -19.77563596
  -4.43746731 -52.16976253 -30.56020153  29.48097153 -22.76113922
  -5.33927084  16.43571932 -13.14590785][ 18.62588055   6.50842213  -3.7255666   18.76519384 -18.95036663
  -3.10561752 -55.44051682 -28.30815621  36.04957944 -23.79939509
  -6.96336194  18.10643656  -9.56443148][ 18.64417206   3.11730581  -5.58373158  25.62161395 -16.42273113
   1.8361577  -59.02040898 -15.27298597  34.54007944 -27.35373723
   1.5418775   11.38521306  -3.35915593][ 18.30891627   1.69265322  -9.24400361  20.76805074 -14.14433
  -0.2722993  -56.05972245 -16.1677511   28.09188809 -29.0029517
  12.99360354   8.17969638  -5.8970923 ][ 18.11785059  -1.76608765  -8.08223295  19.64700566  -9.01224782
  -1.36198038 -54.8138053  -10.22515482  29.51576695 -33.49561004
  13.52720273   8.09682655   0.6338298 ][ 17.15952228   0.59155323  -6.69035693  15.96998727   3.30181984
  -1.43151801 -43.46598898  -9.37966271  26.85724828 -30.6108245
  11.24651201   3.52354672   2.20354919][ 16.58388753  -2.13171766  -1.34942332  21.92388632   8.4152209
  -0.68270858 -43.65793504   2.39453035  32.23752927 -28.35795686
  -0.912806    -2.48596633   0.21996915][ 16.1836407   -2.39693127  -6.84730686  20.33905426  15.61977616
   9.50661301 -32.32880412   5.18510568  22.24190453 -29.09435442
  -5.00497879   0.60306723   8.5856762 ][ 15.24427176  -3.86299146  -4.62498203  15.05226506   8.92315617
   8.01296599 -23.4678016   19.88768792  13.2891451  -28.01214751
  -6.6246655   -1.54371245   7.15432557][ 15.1730951   -6.50138612  -6.19760732  17.28984906   6.38572475
  15.1144166  -24.40847107  28.24457272  17.82904896 -24.17097602
  -2.21165476   1.05641217   4.78628698][ 15.24951033  -5.48990937  -6.38423576  16.99236152   9.20524494
  20.0642615  -23.69624865  27.10560436  20.06225895 -24.52563663
  -7.91298495  -1.16973008   4.23342832][ 14.96628234  -1.79039842  -1.4132899   19.87275029  10.16744175
  24.27768267 -22.18376013  17.94327806  21.13643755 -14.58486594
  -8.12453896   5.61151439  17.54681779][ 14.83075599  -4.29323697  -0.98556996  20.55775601   6.65254326
  23.23605771 -15.03763343   9.12850836  18.51037372  -9.98119789
   7.06842165  11.16254943  14.50408754][14.60277381 -3.13283843  3.80726223 24.87716487  6.35535087 22.53820711
 -6.95956031  5.96615313 18.27849459 -4.94900392 15.73603919  8.79377425
 11.35640879][14.26942374 -2.4820711   2.97222231 17.25130438  5.67131563 22.46140671
 -1.69846619 11.20687094 15.64336104 -5.1449611  15.99507542  6.93855867
 12.14439712][14.04658135 -2.39485617  1.65630781 15.28890816  7.8508825  14.50766439
  3.7454798  14.16684827  9.04984324 -0.75651705  7.05554407  9.72662669
 11.53371002][12.91896583 -2.20127808  1.06923851  9.60824886  6.94435276 18.40542975
  1.43330831 11.91969691 12.1653064  -6.86261996 -5.82565711 -0.33636268
  4.33842049]