[ 12.02485492   6.81515506  18.02505232  22.93563946   5.2600353
  -0.64442272   1.79642562  -3.51795469   4.63008126   1.91276589
 -15.30679661  -3.69555667   2.05989446][ 13.43332607  12.78143829  16.22647784  25.15908383   7.539536
   3.06480962   4.13122059 -11.79433339  -3.24340688  -5.2150197
 -24.05268035  -7.86715144  -9.80865844][ 14.393338    16.50664747  13.09283834  20.40825515  -0.48036522
  -7.88254234  -3.21741476 -18.60064277  -2.8792056   -8.59541203
 -22.75460565 -10.25065493  -2.21056464][ 14.82094443  14.87241665  17.33031764  30.32085431  -0.95295907
  -8.0832513   -9.19349847 -27.97944794  -1.52084655  -1.03505629
 -27.70148815 -15.29802709  -0.4245205 ][ 14.75916698  15.38369453  19.48121238  29.47850488  -2.98923789
  -7.8853434   -2.74101109 -21.91221755  -7.39445425  -0.87688174
 -26.03536767 -11.61412132   1.14240199][ 14.14924671  14.84076844  21.14750119  29.55964501  -2.88257003
  -3.58130315   5.16721924 -14.53653676  -5.51573194   4.69793326
 -17.90620051  -9.25894213  -1.77984031][ 16.80290682  -9.50711158  -9.86294783  34.91767237  -3.90241181
   8.18047099  20.00627353 -18.56575338  -4.14178896   8.7467108
 -18.75856457  -3.62991511  -1.79689498][ 17.11839378 -18.44492174  -9.56755828  25.76510685  -6.42114688
   7.0811583   21.95564461 -13.25613341   0.77633789  11.19935912
 -13.10082831  -3.39148044   1.47363499][ 18.09158937 -26.17649783  -4.70127997  15.86958506  -9.50841692
  -2.64433246  18.40771616 -12.24310235  -4.03717164  14.08773815
 -12.3214534    3.33811265  -4.56135501][ 20.18163636 -35.50513935  -9.36581014  19.12477881 -18.57198697
 -10.02107697  18.88020074 -11.99908898  -4.22037926  19.19557597
  -7.70417543  -3.81423389  -5.49188486][ 21.04552932 -34.98055725   0.98185957  17.74708395 -14.82160289
 -13.5182448   17.89911778 -13.20510808  -3.69059583  14.00649902
  -4.981051    -5.06287375   0.24345469][ 21.41465676 -38.08619618  10.36210465  23.5867244  -23.92562945
 -25.82757849  13.45741302  -6.97395916  -8.37696303  10.09055949
  -6.5844607   -5.40877338  -5.90095517][ 21.5352444  -35.66774825   6.72347063  23.92866164 -15.57957219
 -21.65537925   9.76688983 -10.9879813  -19.21980806  -0.49579573
  -6.31536921  -2.44065155  -7.86469784][ 21.32460466 -30.78145672   4.1622749   24.04227616  -6.67110527
 -24.50710237   2.0909439  -10.82311892 -20.35391275  -1.96728687
 -12.418539    -6.71415174 -10.35316001][ 20.93776053 -20.77797887   2.06610167  20.41756318   0.27449701
 -20.3308917    1.53414537  -7.99250628 -14.11007241   0.53448832
 -14.47531653  -4.79751431  -1.53464708][ 20.38947018  -8.49130853  -5.45293684  24.68738633  -0.72250828
 -20.93032681 -15.14845487 -21.58744662  -8.19890704 -11.19617935
 -15.40824706  -5.63774171  -4.10054579][ 20.33155265  -1.58922184  -9.75260704  23.39060346  -3.43097663
 -23.32106122 -27.70307812 -25.48459423  -1.31292329 -14.72229633
 -14.69152635   5.55797329   0.24027387][ 20.72142401   1.69229364 -16.43885781  16.63770334 -10.56719749
 -23.37943409 -29.63007148 -28.04452389   4.54453635 -18.60767526
  -6.46049878   6.26809232  -0.90443217][ 21.25583894  -0.48194191 -16.89357797  20.72491483  -9.00264476
 -24.32197126 -28.58956818 -24.46951543   8.71109035 -16.10752493
  -5.5718876    8.64682545  -6.29369581][ 21.22853926  -0.33379305 -17.70589634  23.78987132 -11.56420112
 -27.6669791  -31.76630921 -24.28383754  21.5851849  -12.38209348
  -4.00211192   9.75332407  -8.87105252][ 21.06115762   2.85903005 -20.42609677  25.52473676 -13.96048534
 -20.66723188 -33.64436293 -22.70759408  27.16818022 -14.1786168
  -0.07608493  11.49761849  -7.24129237][ 20.76036511   4.22189468 -25.35534381  24.97137074 -16.43801952
 -15.83757098 -41.00103578 -31.2952652   24.14998153 -21.71605735
  -6.08632346   8.97554157  -8.54232396][ 20.21914595   4.83845733 -24.26197745  22.03214809  -8.38760389
 -16.00078668 -31.89495603 -29.26219306  24.68343337 -13.78516529
  -4.86288901   6.59067707  -1.33525188][ 18.76019049   9.32411072 -21.07237813  11.10357122  -6.13316381
  -2.77434006 -36.65544484 -21.69584208  17.18772338  -9.55506772
 -14.71777747   7.28417311 -14.05767627][ 17.3141924    3.0618164  -11.05083224  13.68988969  10.65652299
  -0.81832173 -32.06810133 -22.93033991  12.41821073  -5.95892238
 -13.85424821   4.69356646 -13.76770394][ 16.18258915  -4.36624564  -1.18497869  13.12944154  12.4268332
   9.19478494 -19.29940341  -9.66053059  14.24903499   4.53265419
 -19.35381599  -6.08203384 -17.17539045][ 15.57068339  -7.4878037    6.58314285  16.37453056   8.20442666
  -0.82425942 -19.25811228  -4.12675819  11.89569838   5.40273273
 -13.46126824  -0.570645    -6.17014978][ 15.65702293 -10.63558142   6.84757501  25.34275735   3.04621359
 -13.76120067 -17.37882608   7.46192727  -1.53168617   4.1357532
  -6.641443    -7.31587774  -3.52723268][ 16.65620828 -14.03234588   6.30441485  30.93810554   0.96150755
 -12.13779212 -20.17540024   3.83181191  -7.75954436  -4.70462529
  -7.95223362  -3.74548435  -1.12466147][ 17.35135371 -15.51417618  13.4646687   42.03951825   5.5084124
 -17.52466183 -22.0478601    0.42128396 -13.32745614  -8.23877724
 -11.38084521 -10.30087152   1.18300585][ 17.56252889 -10.66226881  13.57606054  33.5038048   -6.76254669
 -16.224054   -21.71610244  -2.66499113 -16.93626467 -12.99738782
  -8.75237891 -11.05113861  -0.8506592 ][ 17.63715146  -7.85420312  15.679059    33.37125287 -10.79031524
 -19.23622565 -27.98066884  -8.11958203 -14.06711357 -22.12739579
 -10.15590728  -4.29057936  -1.68145527][ 18.06977364  -1.39961767   8.85951906  29.73182719 -21.45811936
 -18.17896623 -34.49054814  -2.15048918   6.23616065 -29.26083834
 -17.7857601    0.1999358   -3.43565776][ 18.49171343   0.77610906   3.5199652   30.58655308 -24.15084713
 -20.30235823 -29.7699582  -10.02552669  18.97433397 -36.94314065
 -11.50259195   3.09108258  -7.67400474][ 18.80812002   1.525164    -2.85500341  32.39528397 -21.24837521
 -22.59551725 -31.63456921  -7.7783879   30.54784692 -32.66545637
 -10.01448874   3.2357309  -13.83050098][ 18.96059851   2.64740727  -7.46410345  31.42162599 -20.5176606
 -11.40931283 -26.86213783  -7.89843304  36.8201971  -32.42820745
  -6.81754673   2.38571835 -17.09092403][ 18.91897443   4.48922692 -12.34312033  33.66507642 -20.1705998
  -1.72257589 -30.16300952  -9.28625026  38.19765544 -27.81640327
  -6.95602109  -2.21007461 -20.98822849][ 18.6478585    3.89738506 -13.14249858  25.7071592  -19.12453095
   7.81427676 -28.2737004  -14.01436763  28.42173302 -28.31438244
  -5.82188086  -4.26519969 -23.47488656][ 18.09256062   1.15878301  -6.38099113  16.80866706 -15.81550975
   6.78832322 -22.34599135 -17.54357781   9.08233641 -24.76731852
  -1.26163511  -7.69303053 -23.62883351][ 1.73972413e+01  7.72461687e+00 -7.10119237e+00  2.38847141e+01
 -2.13933786e+01  2.00200525e-01 -1.33776094e+01 -9.35977630e+00
  3.04857089e-03 -3.53374673e+01  3.34947774e-01 -3.05008814e+00
 -1.61441440e+01][ 17.02295973   7.03649056  -1.96847733  20.26343024 -11.55891726
  -1.62843502 -14.6156105   -5.88136555  -8.20388428 -34.64832515
   0.71122885  -6.11268883 -11.87296894][ 1.67435197e+01  1.38476949e+01 -6.53476461e+00  2.20431121e+01
 -6.31013786e+00 -3.59834629e-03 -1.76953761e+01 -7.63920466e+00
 -6.67466855e+00 -4.10631684e+01  4.50808418e+00 -7.61600384e+00
 -1.21509176e+01][ 16.63353257  13.66687137  -5.85377443  24.73439546  -5.87519086
   1.74026097 -16.49487205 -13.6938615   -3.48770572 -43.29138712
   5.8569887   -5.6704434  -13.70325063][ 16.46980155  12.47679321  -2.95843633  24.03702883  -4.03118917
   3.09569745 -16.74289256 -14.14867208  -8.00775992 -37.92338523
   5.60126959  -1.10069863 -16.00736102][ 16.24352439  13.48044296   0.75282343  23.42323084  -6.16038243
   6.97632691 -18.85544456 -12.80528176  -7.86818135 -39.90595827
   8.66690734  -2.17601601  -6.88882248][ 16.03844413  14.62766033   2.3820235   22.53213752  -9.0949532
  12.14128359 -19.50817928  -8.58759305  -4.23784837 -51.5573677
   7.11047331   2.49000255  -2.43188064][ 15.81629248  12.12357362   9.48599468  15.63350765  -3.87316432
  13.62012484 -13.07350947  -9.07070931  -5.38509126 -44.99480829
   0.72846767   2.3114803    0.48822735][ 15.64684535  12.72190232  11.56162045  12.11952522  -1.52616392
  11.47832658 -14.76068916   3.02439278  -3.11091235 -45.26804921
   0.78113567  -4.51959611   3.11960579][ 15.23135912  12.61448636  12.85506481   9.67768144  -1.03885567
  10.39973953 -13.5213693    8.85705964  -5.71502484 -43.3956306
   1.79379021  -6.83534528   2.66202164][ 14.51792064  11.44390155  12.43322643  11.55371584 -15.8975182
  10.22556834  -6.67342916   8.93243735  -7.13675601 -25.36163245
  -4.86649723  -6.90320622  -5.48219464][ 13.59684347   4.76496773  11.59905134  17.1921324   -3.92212697
  12.3042658   -7.56030146   3.07822348  -9.44555684 -27.77302231
  -7.35666225   7.9547236    0.77936148][ 12.09644129  -6.57214343  -1.99759629   7.33343527  -4.54430881
  15.78104058   5.17897868  13.08096683  -4.49413033 -26.07026626
 -15.93940244   1.02120116   2.27509875][ 10.82944972  -9.06529355   4.03558457  13.87653818  -6.02000795
   3.07155908  -1.76522214  -1.06337844  -9.31718138  -5.93586932
  -4.04712093  -1.83187824 -10.62732196][ 16.53187855 -21.06156233 -21.46701403  22.68747158 -22.87269078
 -13.1541247   19.97752644 -19.74018706  -9.35235544  15.5936047
 -11.42979212  -1.26968082   8.82183203][ 19.22177825 -27.36036764 -30.15571707  21.16512126 -28.06342924
 -13.31629007  21.83062399 -23.97360421  -4.72423177  12.50908056
 -11.61865732   0.20731147   7.22416246][ 19.21677313 -30.04874556 -28.29844636  13.031453   -28.91266065
 -18.05784422  20.52138548 -27.29877414  -8.77576573  11.25561302
 -14.71097566  -0.0659657    4.45118024][ 19.26393346 -30.23631503 -24.17128208  13.55622726 -25.24410785
 -16.77243421  21.57472023 -25.33953589 -10.03039833  11.94172129
 -16.76618095   0.4058408    3.32034307][ 17.54425629 -31.82129531  -9.78687386   7.58653472 -15.09820057
 -14.64933903  22.1250022  -11.35487224  -8.43223326   6.2474063
  -2.86012666   4.19155785  -3.1114438 ][ 18.41642282 -42.1378814  -10.66129555  14.80622281 -17.77108677
 -20.76282773  12.70638091  -3.58152222  -8.22111309  -2.43835944
  -3.97039845   1.6980012    2.37251782][ 18.82191651 -33.59713672  -4.28453334  15.62341135 -10.94977162
 -19.6399322   10.05406252  -4.01311243  -3.91414112   1.43680557
  -2.60152869   3.56833689  -0.59463766][ 19.06146449 -36.75465953  -2.04454152  17.6264272  -12.06709329
 -22.38877421   7.17008103  -3.0821825   -6.51012286   2.47689486
  -2.67144504   6.92108343  -4.69792129][ 19.15661182 -32.37741686  -6.67234014  17.40252251  -1.27501973
 -18.2542117    9.19083564  -0.9873478   -7.07400738  -1.49419587
  -2.67092557   7.85865044 -11.29641114][ 19.08520972 -36.86016464 -11.90914294  19.67330282  -1.98141469
 -21.1909938   11.40806379   4.07131385  -8.8979529   -8.09263979
  -0.32178355   4.38306075 -11.19456991][ 18.94387789 -43.09230874 -18.30208047  20.15100139   1.86267754
 -26.7793967    6.67693925  11.7672132   -0.85901548  -8.37979682
  -0.2092628    4.07668945 -10.65562775][ 18.47770917 -39.67749671 -18.86338539  24.20823794   6.62936243
 -21.01123967   3.55531848  14.4488422   12.91376072  -2.60860267
   0.10391476   6.2528376   -6.94700355][ 17.7243898  -32.71662056 -16.15801494  12.4695314   -1.39425511
 -31.00640349 -10.05956558  13.03258772  10.42661747  -8.75247162
  -4.79434066   8.47966802  -2.79557799][ 16.98310083 -26.01930829 -14.34216523  11.18895505   3.55980963
 -20.52856926  -9.10333954  19.62045236  17.38705899  -6.07594083
   0.76482211  17.62663995   1.91351791][ 15.56141578 -17.87979346 -13.50358     13.14847954   5.85879611
  -6.73677904  -2.60801512  18.07386261  15.09821908  -5.87676475
 -12.05646708  10.46580097   5.78033957][ 14.71226884 -11.31350139 -12.99128609  15.76708697  13.18209942
   2.68542475   7.94588359  19.19443836  22.37577791   0.40803922
  -9.18132036  18.04510027   6.55306949][ 13.88603772  -3.98164909 -10.27212513  18.67378512  13.55592007
  10.79976637  -0.51113346   9.50733963  16.22634049   6.34598273
 -12.78643918   5.50639798   6.29559255][ 13.45652073  -2.50696525  -9.62848308  17.53277144   7.77501991
  13.97835718  -0.11653738  -0.05976848   6.80813097   4.51087596
 -10.16586351   5.33315396   4.68717194]