[ 14.32017417  -0.99885918   8.06750874  11.43535888  -5.6239045
  -7.99994094 -14.22302804 -14.92875619  -7.33434357 -19.67392721
  -1.86285497  -1.84932049 -10.62941821][ 16.76693681  -0.59413653  10.02240175  54.38318195 -24.42163675
 -10.07711176  -9.14576947 -25.9924601   19.41820268 -37.7973173
  -5.44808838   7.75009767   1.18953708][ 18.0292027   -0.40987887   9.01041564  41.29655128 -29.45940134
   3.10441253  -5.07945003 -34.48538625   7.09415786 -36.9559342
  -2.39615076   5.37407964  -4.94331659][ 18.42858446  -0.07182836   8.30965322  40.13873091 -34.00152704
  -6.00356395 -11.91909381 -42.00621716   6.69765614 -51.04012677
 -16.23182584  -7.42021226 -14.81749335][ 19.72688081  -5.72666955   8.50823231  51.13726144 -37.05754935
 -11.9013644   -7.91283235 -33.48496989   3.96257608 -45.34391398
 -21.70026729  -3.68591074 -16.02480419][ 20.15471685  -3.66249873   6.19951222  57.79262457 -30.37176647
  -6.5845202   -4.96970187 -32.41342857  16.4768523  -40.19087237
 -11.29601113   4.40627213 -10.46526534][ 20.27971754  -3.98417079   2.57480882  59.68600746 -26.02727924
 -12.18722236  -8.45051187 -35.13372627  13.64605583 -36.68173447
  -7.35669652   8.88995785 -10.04620661][ 19.97067372  -6.54812593   4.28491957  43.20292524 -17.14475472
 -11.52857304  -6.92734899 -19.52421804   0.95661934 -21.84209904
 -12.19018744   7.58982489 -11.43932413][ 20.52026874  -5.34850719  -3.16491543  50.23121217 -17.29235657
 -18.62599417  -6.68445516 -26.64701184   4.44218191 -32.87427865
  -5.6712202    4.6670735  -14.5700411 ][ 20.72655718  -5.56062122  -4.30994227  53.79365287 -17.1641196
 -30.79480487 -16.30958347 -26.95510285   4.82662337 -43.41715883
  -5.54871164   4.42527666 -15.03343403][ 20.77523685  -4.09521747  -5.02204996  47.6317249  -14.98190884
 -30.23178061 -21.26085649 -22.0506226   -2.66633309 -42.55350186
  -2.9911747   10.80490708  -7.51306277][ 20.72095104   3.47267202  -9.57225115  45.5094905  -18.77748262
 -32.84719343 -23.97328982 -24.01486732   6.1998603  -46.55095668
   8.57678156  12.1676197   -3.08926511][ 21.00622209   2.72538006  -9.96432706  30.13437462 -19.32219401
 -23.26603887 -36.64300481 -15.50184545  10.79171141 -26.85357849
   1.57260671   8.14206515 -10.95243455][ 21.10903092   4.18184711 -15.14494068  25.84645572 -24.12267943
 -29.26096947 -38.32453031 -21.80073391  24.64255919 -35.84597626
   5.8106633    8.65746921 -11.24667561][ 21.19212366   2.55191667 -13.10304734  15.59339036 -21.51078288
 -27.38355947 -37.45840578 -15.47675747  24.71576097 -21.05862927
  -4.63211768  10.02414736 -13.63864448][ 21.36830243   0.95673932 -10.87297947  13.40316781 -22.83447829
 -23.39161666 -30.82343777 -11.04867135  29.71512039  -9.03813303
  -3.16488204  13.34976881  -9.55437974][ 21.35887264   2.45395395  -9.77943525  14.30069086 -22.07578229
 -15.3901894  -25.94933396 -11.91242837  31.25083093   0.73543015
   1.58260367   9.62800793  -5.82776448][ 21.22299785   0.421838   -12.3754599    9.08060389 -31.5381419
 -15.96022288 -36.50191119 -23.26128972  22.91596625 -14.99259686
   0.99556878 -11.33281598 -14.14753106][ 21.15213094   2.14447553 -14.74846008  16.13142306 -33.9923972
 -11.69925354 -33.29163259 -33.51168438  27.25329796 -18.29932787
  17.19076646 -19.9318442   -9.11958706][ 20.69076379   3.00445465 -11.80334331  22.79882439 -30.36824696
  -6.57564735 -32.94228738 -31.75809533  25.21423137 -15.34246789
  25.30392028 -20.08945338  -4.19631291][ 19.99726285   3.44260876 -11.15644463  29.48693873 -30.86919191
  -2.37774597 -32.99790807 -35.81614344  16.06644321 -20.84103924
  22.50485469 -19.27422793  -7.62542514][ 17.00667778  10.68216311  -3.63611859  26.04906504 -12.56914225
   7.01193212 -24.01771807 -25.37904027  17.75954309 -18.5225536
   6.19792355 -10.98838065 -27.72640213][ 16.48576145  15.03397294   6.78458939  28.42753676 -14.7738995
   0.29327286 -28.91227818 -14.23557815  25.49868314 -19.28844697
   7.74546379 -12.2473221  -31.32324762][ 16.13127248  15.28626767  10.39884127  28.60880453 -12.89651704
  -1.01988442 -27.1308417   -8.75758383  22.87703138 -19.17332401
   1.13549376 -10.524857   -21.84980173][ 15.73930294  12.82386772   8.89479276  33.54833167  -2.27420965
   2.99647405 -22.06090424 -17.69978234  13.03429849 -15.44707788
   2.8758398   -8.42116129 -21.69535407][ 15.50813869  11.06859579  10.99482608  34.05665665  -3.66557088
   2.09842643 -26.74100283 -18.97838062  11.67476861  -6.77764411
   5.27850099 -14.54463382 -22.68551862][ 18.0683668   -5.61456391  -0.48313273  17.85935338 -15.90890882
   5.97389213 -22.92809174 -20.2035383   -7.43493462 -10.0942483
   7.07110857 -15.98052025  -6.94505117][ 18.47438405  -2.12971478  -0.31476823  16.9854919  -20.23911
  -0.06142513 -31.3277077  -26.09110555  -3.37144382  -5.11150042
   8.51031621 -17.08348389  -7.34402969][ 19.68742405   1.58340588 -11.483496    29.25110939 -28.64233358
  -1.83158517 -40.23971476 -29.51011569  16.27389065  -1.91679223
  10.124238   -18.48073376 -14.70725111][ 19.90492818   2.11909904 -10.41893601  28.36637129 -27.76723495
  -5.09843335 -42.07191869 -24.01530794  22.86084777   2.93666107
  21.41650937 -21.22584318 -11.92017594][ 20.11372491   0.38270689 -10.9988384   27.09131458 -29.69813048
  -3.18679354 -42.7406023  -19.37791709  27.96865258   7.15238137
  20.37731216 -25.22311065 -16.04281482][ 19.56679819   0.82747014  -6.73909374  24.03056332 -27.04689311
  -2.26568846 -47.57360137 -11.6778574   25.73387875   9.99631333
  16.88655872 -25.08390932 -24.05479793][ 19.23387776   1.16263482  -4.16239785  23.34640092 -27.7249325
  11.50926978 -40.17690021 -10.63462701  26.18465209   3.80097805
   7.7679813  -28.74071251 -20.77666504][ 18.81585235   2.73411399  -5.79982253  24.17626101 -24.59849186
  17.59158093 -39.8469855  -10.13906285  16.63988159  -2.68875085
   9.35464581 -32.47720831 -18.60411664][ 18.46869291   5.42128135  -6.49003143  25.38300304 -24.60142825
  23.02074718 -39.00749072  -9.61755313  11.16746457  -9.25614295
  10.23810248 -34.64142047 -13.92760956][ 18.15099515   6.46196826  -0.95842665  25.04465645 -19.41474433
  22.16713873 -39.05914138 -16.5268604    3.08523846 -17.5348511
  12.51968171 -27.87153341  -8.76292054][ 17.75061674   6.03922964   6.8480253   26.85684326 -17.52211153
  20.31718647 -29.04634015 -18.09855691  -6.00948743 -24.00024902
   4.40790715 -19.29618996  -4.36102184][ 17.48715641   7.74255545   8.80411282  30.23816516 -14.15177187
  12.97117596 -16.53775651 -13.31618445 -20.75174256 -26.79080446
   7.83987276 -25.11242703   7.58093806][ 17.35047254   9.3943309    4.47128939  34.25297591 -13.85617357
  13.63692203 -15.81252474 -15.87774326 -22.34712163 -21.46834099
   6.5628786  -29.10088983  12.22403544][ 17.14045959  10.07026027   5.92364163  35.61013257 -10.47493521
  10.44497118  -9.75244863 -22.24716954 -20.66223788 -16.23144516
   3.79078384 -28.09190799   9.18111098][ 17.02581985  10.48547035   6.33544358  35.40286084  -6.38527831
  12.94348283  -9.40511408 -26.21632925 -18.03869143 -12.7210286
   4.61243366 -26.51602054   8.47487078][ 16.88155626   9.91577258   8.11332523  28.24027276  -9.88809974
  12.60281234 -10.75633329 -22.28546281 -17.96649929  -0.57909345
   0.52605117 -25.21479173   0.77785451][ 16.62034815   8.10153515   5.3959058   26.82858433  -2.15578396
  17.02403893 -11.67180651 -18.96789096 -23.58923576  -4.67631532
  -8.99069656 -18.66053101   5.29593983][ 16.34423877   7.44538024   3.60118606  25.43315371  -1.97273617
  10.17206113 -11.96710887 -16.55347431 -26.24844627  -4.12324465
 -10.62654692 -16.8311273    5.85913975][ 16.00205292   6.45285097   7.76665104  28.61855345  -3.89417544
   1.49262842  -7.01576259  -6.70788432 -30.15160694 -12.49988185
  -9.64541716 -18.04213644  10.62204546][ 15.74862596   5.07333456   8.39764178  24.38348024  -0.15841624
   7.37152999 -14.19599875  -2.98748689 -24.66719752 -11.79284661
 -14.07740801 -20.19566233  10.78976088][ 15.42291791   2.09425349   9.76158959  25.09315418   0.31292072
  11.42401622 -22.11645189  -6.05036084 -10.24426645 -10.69590444
 -14.79063963 -11.75226048  -0.93560766][ 15.23093459   0.43313446  10.74142296  26.87100602   3.11782048
  11.74692194 -23.40543284 -10.71936385  -7.9421896   -0.44425901
  -8.4201886   -5.2312125   -1.35638938][ 14.88548867   0.28804815   7.2707834   29.73006741   5.13486629
  16.51978539 -16.80834144 -14.83127831  -4.04225895  -0.24007143
 -12.25644689  -9.65368538   5.43909614][ 14.44844061   3.74731693   2.49560501  25.08504792   9.2670074
  10.52180335 -14.18381408 -13.46703227  -9.3687689    0.48710644
 -11.84488071 -10.72601519  14.45844381][ 13.97873406   2.65407427   2.02856604  22.80442793   6.45216724
   7.82078742 -13.69554223 -14.56848387 -12.28160367  -1.9934515
  -8.79008504  -8.8104176   12.12741983]