[ 15.34297953  -5.82854926   0.02985955  -7.91691924  -6.48878686
  17.87173467 -12.07872394   1.09498012   7.48169929  -5.69838486
  -1.23492556   2.23489673  -2.11546908][ 17.4993865   -3.03298005  -1.82852678 -28.31022176 -40.0916838
  14.03584543 -14.68296061  26.14225172  -2.41654865 -24.68662774
  10.82399788  14.09456036 -24.1104865 ][ 18.74175013   6.75180286   0.86818737 -16.83268783 -31.09134392
  13.42794948 -13.64265491   8.93546992  -0.67539565 -13.24828691
  -1.84882623   2.23140035 -13.64763757][ 19.60053079   5.46992837  -1.87451012 -25.70958443 -47.02743397
   3.78868748 -11.95230373   8.54457533   0.90826538 -24.29526551
   1.06392215  12.31581838 -27.38216318][ 20.04628505   7.30245836   0.32874738 -20.99681656 -55.23464927
   5.29730521 -11.14689066  11.96716908   0.8363626  -31.83889684
  -3.38879415  22.19749681 -31.3744712 ][ 2.04126000e+01  8.08738485e+00  4.78803749e-02 -1.32233653e+01
 -5.34727534e+01  8.85875737e+00 -6.67810865e+00  1.36295832e+01
  7.46265109e+00 -3.12356374e+01 -2.30591363e+00  2.68803682e+01
 -2.83442830e+01][ 20.96611685   5.8281169   -6.07291534 -11.75094436 -51.29145738
   8.38229332  -7.82661897   2.09721257  13.16781161 -28.90996408
  -2.86844918  26.62798742 -18.29977945][ 21.02366553   5.44108263  -7.9025566  -15.38428575 -48.82870197
  12.49158837 -13.34111198  -1.51575683  12.34252586 -31.76276882
  -9.84596035  31.37289418 -22.96465505][ 20.9776711    7.37404551  -8.87191162 -18.217688   -46.02894596
  14.76687421 -15.48558956  -2.80590747  10.90271646 -32.50154148
  -9.98152386  36.11592488 -22.27095804][ 20.76256316   9.27972378 -12.70217444 -17.51290665 -35.92213842
  15.15274496 -20.65469886  -3.09730382   9.06306249 -26.09859091
 -10.27781492  31.59632947  -8.3158075 ][ 20.54206232   8.90040239 -11.77194711 -13.71668106 -27.62300053
  18.55745517 -17.47203396  -4.88399056  10.49708093 -20.05795895
   0.68198744  29.54328301  -1.73645328][ 19.63977854   9.4120804  -12.84532159 -12.55956423 -23.71608853
  21.32888562 -17.21184759  -9.27336076   4.59816271 -12.26081354
   0.40339445  20.06000855  -5.1584833 ][ 18.13600871   3.20022675  -7.20839973  -9.02519458  -2.21729654
  16.92276609  -9.47976137 -15.88577982   9.84359131   5.10434107
  -8.79127918  13.54230809  -1.51300709][ 18.4057774  -12.20505841  -8.91568016   0.97326657  11.04867703
   3.10139368  -9.87150638   0.65545823  10.35731432  10.71333227
  -7.08514257  20.26635033   0.43905073][ 20.56461178 -25.2140791  -11.7800983   15.77057678  24.34904965
 -18.12127871  -9.89055955  21.85617407  13.54526281   1.79227498
   7.74932894  20.49950203 -10.84542073][ 21.48330623 -35.23755188  -5.05470947  30.6607605   24.27923984
 -21.43235935   1.6817672   16.74892593  11.57463086   7.88914382
   9.17963199  29.18773083  -1.19941928][ 22.06220766 -37.35055727  -3.84989427  32.14320229  25.43503281
 -16.93646936   9.9082123   13.84097175   3.18344723  -3.3255099
  -6.50342568  19.40384949  -9.05502504][ 22.17014477 -39.02173051  -0.91348997  31.97300077  17.44283601
 -22.23376037   9.86105875  13.64877985   7.40026505   1.45859079
  -3.63709557  19.13729931 -14.54229473][ 22.18952915 -42.06767037  -7.57415256  27.1646485   13.33762918
 -22.00926235  14.06123251  14.42306586   2.81574262   2.48120144
   4.30029732  18.54604378 -13.32655852][ 22.33549056 -42.47637784  -5.54239043  25.29476748   7.58710334
 -27.20461839   8.02448627  15.25294982  -8.72589874  -0.73665055
   0.60291711   8.0242009  -15.88863277][ 22.3935889  -39.78630089  -6.70849188  21.3378892    4.20579988
 -23.47544133  15.16103222  16.55277003 -11.04157842   1.21834399
   8.81306045  12.67141965 -15.15871352][ 22.23966781 -42.55489016  -6.92917642  20.2294659    2.59930025
 -23.57504054  10.96523175  11.54248046 -14.46741993  -1.17398597
   1.19005869   9.5666477  -18.0379801 ][ 22.15645462 -43.27592922  -7.3949182   21.37705748   2.18349132
 -24.75631401  12.2554718    8.72768478 -11.11328753   4.03066452
  -6.44429859   9.32591897 -19.58730113][ 22.16610865 -43.26528664  -8.49390423  20.43520405   1.34110706
 -21.07747154   8.00312398   5.26948371 -10.7934827    3.70731725
  -4.35618417  11.50906607 -19.65145721][ 21.92951915 -45.74460463  -5.90922013  21.76153518   1.82075263
 -17.58207445  10.28118094   5.76260215   0.93628999  12.51531771
  -6.07061763   6.0926411  -15.58360072][ 21.8578265  -45.98047937  -7.86788581  23.84669692   0.93991349
 -22.47880648   6.84571217   6.45253748  -7.6102995   -5.59151011
  -4.08547039   7.90426755 -13.83726713][ 21.71430346 -40.49778938 -12.57302411  21.53150726   3.93798368
 -23.38922485   4.85540115   8.68568199 -10.13029221  -4.20365355
   0.8073805    1.83847788 -12.0788844 ][ 21.26065052 -21.59003544  -6.66810783  25.67230201   0.09968167
 -31.83930005  -8.90568925  -1.42838679 -14.28380549 -11.19377121
   1.58208204   0.76125091 -15.06567144][ 20.29293159  -8.90779301 -11.12181476  22.25182717  -6.77508833
 -34.95373812 -15.539093   -19.69225219  -9.73053967 -11.88895052
  -1.3049408    0.42479536 -17.76190137][ 20.35037403  -3.77956998  -8.98480727  27.18455374 -16.72976169
 -20.02350341 -35.10751281 -31.61851282  23.84446415  -4.59154435
  -1.58144212  10.57710733 -20.56136701][ 20.94876268  -3.89789814 -14.13471147  20.92354563 -25.59454058
 -16.10728183 -35.39684682 -26.74910067  31.443462    -6.77207986
  -9.68339297  11.36392611 -25.86611279][ 21.18713799  -2.74183411 -14.64517451  19.23714052 -27.69303504
 -11.60890519 -30.67561381 -16.01623416  41.24293461  -6.2701409
 -12.05719333   7.86211709 -29.0771847 ][ 20.93284135  -5.91983152 -14.27060078  11.58817414 -28.35163584
  -5.98194469 -31.40835848  -6.48741243  37.32842425  -5.89150517
 -14.91292382  -1.28940494 -29.34495029][ 20.85307102  -3.47499703 -18.13850681  15.84091171 -30.92198828
  -3.86367815 -27.81475207 -10.94578472  39.9843763  -14.54454548
 -14.69750673  -3.21679241 -38.52633859][ 20.63888954  -2.81310785 -18.00204692  17.28676661 -29.46173012
   3.85610427 -25.52808259 -12.75815975  34.77138873 -13.87300044
 -12.86485561  -2.08813203 -44.07639561][ 20.03234548  -1.65907765 -14.38982996  16.44170677 -26.76439056
  10.41368656 -25.3704332  -17.35541513  27.47004237  -9.2043372
  -5.45062135  -0.96830495 -43.69230195][ 18.75795825   2.39257775 -10.98783421  10.92197455 -19.5100701
  13.74255315 -18.34986772 -24.18653121  19.99166432 -10.14690247
   4.56614249  -4.48600625 -33.92090435][ 17.99031971   9.93155852 -11.49038923  18.39637955 -14.57750416
  17.22290732 -18.14135987 -20.6155177    8.13891924 -17.90988886
   9.84713854  -0.25869467 -26.19753712][ 17.58109193  13.66893982  -9.52371349  21.2094763   -4.62566161
  13.0743678  -14.77655577 -19.46795785   4.75103565 -31.57140901
  11.92716289   0.4606629  -29.76782398][ 17.4689915   12.69744101  -7.53527354  25.20051511   0.80891444
  12.18433384 -15.24266377 -18.3592464   -3.44915    -30.50196805
  13.6207288    2.58726655 -25.94817607][ 17.42168034  12.08474073  -9.74017002  30.71351634   1.80025114
   8.67276622  -9.63621221 -24.45630453  -5.06099307 -25.37104245
  12.05359837   2.68755795 -22.81846735][ 17.50256993   8.63948629  -8.87179837  32.17490174   0.80008176
   8.44690718  -9.39338984 -26.81827786  -7.75055458 -18.62006083
  10.56374343   1.68795393 -19.02095715][ 17.61160078   7.57732038 -10.72975552  26.04213693  -4.56351414
   4.05008061  -5.86073346 -22.86854505  -6.16351227 -17.18083263
   3.2718675   -0.68896317 -15.45045652][ 17.5997077    6.17170059  -9.60974385  26.01918338  -3.05547071
   3.93619268  -5.40172224 -23.68796173  -7.99083291 -16.49741996
   2.34001016   0.84638846 -14.3410008 ][ 17.50857917   7.05056074 -10.62528795  26.50438484  -5.52217198
   4.86473379  -5.61130956 -22.85435562  -7.90518383 -18.10196603
   1.26168489   0.61151675 -15.09706143][ 17.42354887   6.85105567  -9.92015122  25.90915489  -5.35128458
   4.96641937  -4.43212453 -25.26817173  -7.22751177 -19.87812425
   3.3279281    3.660863   -17.01917357][ 17.43241247   5.88640095 -10.02881464  26.83810598  -5.31851623
   6.78693131  -4.28432246 -26.93418425  -5.48380055 -21.42833136
   4.87244315   4.66784329 -16.20656731][ 17.26062177   6.51466142 -10.47197477  27.23976247  -4.41172292
   7.50943788  -2.22936729 -27.94328978  -6.02787547 -25.5615098
   6.13115631   7.1382898  -14.9458323 ][ 17.00209772   6.58146027  -9.19139302  26.42666396  -3.38671714
   7.01344584   1.28306179 -27.33400314  -9.14988224 -23.51127163
   3.93674118   8.50347584 -13.75363204][ 16.51990435   8.3542801   -7.31073545  23.98600677  -0.88091668
   4.12646414   5.89857322 -28.66328844 -11.13904795 -25.09788146
   2.75832666   9.21383758  -9.71389883][ 16.172243     7.29499622  -4.01809191  20.26216699  -3.65082566
   7.01095104   6.71358818 -24.75109383 -12.48638721 -15.78894293
  -4.62439152   7.39860536  -8.6623671 ][ 15.73531382   6.1269788   -0.47961343  14.21101654  -8.13559859
  15.58662139   4.16196646 -18.91390727  -2.12372321  -8.25460382
  -5.18480503  -0.66545029  -5.23942969][ 15.66330709   4.71629849  -2.65226299  15.42747351  -8.33392956
  18.44916476   4.02012023 -16.99763073   0.62149257  -1.51588519
  -6.80021421  -3.89805007  -5.67925199][ 15.03947781   5.91494374  -5.33579018  16.90663422  -0.75372502
  22.77340263   6.71158341 -21.88676061   0.06472972   4.45358809
  -3.76336324 -13.3534321   -3.28760397]