[12.98246906 -3.90544361  4.95602034 -1.97041077 -6.33421716  1.12270085
 -1.03892351 -3.01365735  8.36840023 -6.69383436 -7.45339893  6.17349826
 -5.76977714][ 19.15464339 -23.5262049  -24.96796509   8.71812065 -29.97549424
  -3.48036641   9.51691537 -14.26670638  17.14267825  16.63510192
  -8.27429994  14.73521095  -8.13093788][ 20.06904004 -28.54889176 -14.47553122   4.8706169  -22.47479549
  -2.99235405  -3.74919719 -17.6639439   12.53016806   1.27605577
 -12.56087047   7.21683918  -2.73127204][ 20.43786197 -29.52019806  -8.8076093    6.40385458 -18.52987793
  -4.60102802 -12.9987916  -11.95926855   3.87204139   4.56065414
 -10.17973405   7.89329774  -3.04329484][ 20.67120895 -32.1611204   -2.26952742  13.19820367 -10.12519451
  -8.53063634 -11.96003021  -1.83479591   6.72165605   7.10955657
   2.89691406  10.6964556   -3.76878706][ 20.9347139  -30.67858462   5.87697722  25.34132865   7.51705332
  -2.44661296  -1.5926043   10.83245531  11.42159074  16.08445272
   2.17952061   8.979446    -8.21795436][ 21.53707918 -29.26368699   7.2959716   25.80923792  12.26706878
   1.67932278  10.369201    19.11475065   4.29603662  12.84509684
  -9.49185795  13.49296193 -16.5445659 ][ 22.01320556 -29.53939251   7.08256149  27.3234253    8.87268423
   3.46757228   9.395297    22.29857887  -2.38229387  24.06327939
 -11.55065744  12.69801783 -10.98564614][ 22.35905214 -28.22995109   1.24621426  23.06667546   4.62372396
   3.46845546   3.95935158  21.95419554 -11.59691831  22.3910848
 -10.01577784  13.7738946   -4.54134276][ 22.59938526 -37.86394646  -4.32855597  27.00158425   9.79662254
   5.93347593  -0.5764912   24.78532922 -19.7317485   30.1848918
  -5.6263946   11.1922857    1.86408498][ 23.02904975 -47.94466484 -10.66843704  27.57815386  14.75419767
   8.91395069   0.98219569  29.28334076 -16.75604977  40.79419129
  -6.52130166  -2.53217383  -2.79351443][ 23.3258999  -48.33367501  -8.7060966   28.07812391   3.94508905
  15.54220424  -1.79101689  17.6402551  -21.32991964  48.35591478
  -6.2210876    3.56066106   1.42862046][ 23.29143734 -39.00982195  -4.82410309  23.86890748 -12.167545
   2.2239381   -7.47362009  16.68333063 -28.30676716  27.74467396
 -11.55944373   2.9936467   -4.28901573][ 23.26620172 -43.43702431  -2.60910576  24.14066798 -11.49162857
   1.10027063 -10.57809392  17.54712174 -25.5157004   21.87295363
  -8.04853644   3.11835358  -2.79307446][ 23.23156792 -41.14053892  -1.52066437  18.31890836 -11.37968449
   6.17346538 -12.58441738  21.37167137 -27.13126788  17.90425287
  -8.24997001   0.59181078  -4.80164951][ 23.16570552 -49.47450508  -8.84184248  22.59113154  -3.0015597
   5.6302105  -16.0364601   19.66054787 -29.20179507  18.10041538
  -6.47578521   8.73587887  -6.90941092][ 2.28998856e+01 -4.51087102e+01 -1.26350466e+01  2.03934113e+01
 -7.23890233e+00  1.56961984e+00 -1.18724103e+01  1.93529324e+01
 -3.29524765e+01  1.92611380e+01 -3.13388103e+00 -3.46548700e-02
 -9.65089275e+00][ 22.67231268 -34.7203626  -10.92828985  22.2358427   -7.74311707
  -1.23843624  -6.61654695  18.03550418 -28.83893627  18.73454401
  -3.22210529  -4.30669831  -6.11045298][ 22.35072378 -46.23589657 -20.24931985  25.42938297   0.54940663
   0.5756355  -11.89565435  14.58267144 -24.09384039  22.38833942
   4.09272399  -8.3864542   -5.27684588][ 21.76220156 -41.55350755 -17.83985016  19.29221634 -15.67508033
  -8.58175842 -13.5430908   13.38565335 -16.17686123  27.16044012
  10.99747347  -4.67977169   0.14580488][ 20.77395407 -22.18506697  -0.67316769  23.35467456 -13.43526748
 -10.29710014 -18.83764326   0.99228162 -28.18908104  12.6786452
   1.41407258 -15.54162256 -13.3258415 ][ 19.66367461  -6.29934751  -2.32370017  20.45691734 -18.19373063
  -9.95765889 -27.85680932 -15.77085924 -25.31119188  14.69495583
  -2.88542044   0.13239788  -9.59184944][ 19.84824987   6.61835925 -12.22045074  21.11371873 -21.12035534
  -8.36339283 -28.91727784 -23.35644839  -6.85656406   0.53308591
   1.37307593  17.27055897 -22.7522469 ][ 20.10137605   7.83120728 -14.0913055   20.65744419 -24.3088693
 -13.35705866 -34.44819718 -28.91417057  -2.93230281  -5.75749517
   0.24812782  21.46803305 -30.35697515][ 20.065419     7.18601471  -7.16592266  12.24949004 -20.73660913
 -12.70737552 -32.47809598 -22.61310711   5.79531616  -7.31141452
   6.75548758  20.54939592 -26.26775492][ 20.11279293   7.80354057  -6.77107663  19.75274859 -21.47178654
 -12.26150377 -35.17633982 -20.28210296   9.09015492  -4.84178288
   5.36065381  21.44558909 -20.71058955][ 20.44688479   1.67039475  -9.50005164  20.15618335 -28.04029473
 -16.26151841 -30.08177739 -25.51809997   8.21435001  -8.76588689
   1.42542047   9.79949961 -12.42967425][ 20.65500163   1.74998652 -13.42485238  30.67994208 -29.22182642
 -15.15058824 -37.84849682 -24.33960458  23.96821584 -17.5586332
  -5.12280449   7.0248935  -16.26692173][ 20.75475932  -0.64657564 -14.56025781  28.74787702 -24.90311312
 -11.3392393  -32.93759967 -29.17500648  21.00664078 -14.99413563
   0.29847962   6.61885082 -18.72897372][ 20.82968357  -2.45990092 -13.39763965  30.7807009  -20.73514926
 -11.15980932 -36.29558424 -28.61173271  27.69263908 -15.49875463
  -2.96952336   1.56755407 -16.25485634][ 20.70968697   0.48633331 -17.94240121  32.64854051 -22.66137839
  -7.69327967 -40.86140486 -27.89503381  32.26943472 -14.56719011
  -4.82052598   4.48503658 -23.37523101][ 20.21454528   0.2027609  -17.62266777  29.27376669 -21.03842716
   1.76532304 -38.58420151 -17.14614044  22.51249801 -12.7906818
  -6.02242421   6.3097852  -18.99240079][ 18.88526707   0.62193313 -10.60640678  24.12786222 -10.94731488
  -1.04827213 -36.37679915   3.04333667  23.59205067 -12.76986929
 -12.27282525  -9.20665098 -12.99645679][ 17.97941646   1.98166579  -5.35242022  26.70059704 -11.01822822
   0.45647815 -30.10976368  24.33457433  17.14735611 -27.70972757
  -7.30303238  -5.04449009  -7.09271805][ 16.99834926   4.04889102  -7.96112337  24.96900311  -2.57514327
   1.18764088 -25.94899431  18.49487599  21.41476052 -15.73440203
  -0.33663001  -1.21780959  -2.75575475][ 16.40085481   2.55981632  -6.13806478  23.63601098   3.71503119
   2.29865669 -16.04032731  14.30690079  24.89841553 -20.64665552
 -18.3810753    6.37564703   9.90039377][ 15.94786122  -0.07023863 -10.28877159  21.25344503   2.35466873
   9.51508626  -9.85054372  19.06277627  22.75079682 -15.71846977
 -15.7259312    5.80561334   3.961339  ][ 15.31683042  -3.23436843  -7.42345855  21.23254213   0.84662552
  12.89540114  -9.02836988  14.59794882  26.41082172  -3.59305086
 -17.29579475  -1.54727773  -2.56570037]