[ 13.54085333 -23.24582157  13.98891933  -6.14037225   0.07927534
  11.06221987  -3.03883501  -7.89937023  12.92748384   7.93480085
  -2.65283012   0.73150289 -22.72597743][ 14.80310296 -13.92523942  24.87876214   8.05710801   3.46520608
  15.57611781 -15.73440253 -18.24013458 -19.16614576  -2.42770653
  -6.6585488  -16.48239541 -25.92957422][ 16.60462958 -11.57467708   8.59549763  24.83633255   1.97737349
   0.74704821 -23.73500757 -21.12837677 -18.97844976   2.49341394
 -10.00580601 -29.92232351 -23.9649121 ][ 17.76510469 -11.41033273  12.69252574  16.88688902  -5.23578249
   0.76819936 -29.20048865   0.96134498 -25.24979593  10.41484065
 -11.35679136 -32.00973564 -13.87359094][ 18.35964528 -12.93138397  16.86454083  16.50228359   0.17673495
   2.45018331 -35.14619653  -9.1479961  -29.02697738  13.56615937
  -6.49863534 -31.06034768 -12.11975574][ 18.91514192 -16.14238118  18.95153499   6.62553349  -0.76224483
   5.51321119 -36.6659394  -16.25121755 -34.04129141   9.68701559
  -5.42356833 -30.85011837  -9.73833778][ 18.88587959 -14.83813492  20.67597153   2.03489974  -0.40017629
   6.0712936  -31.18462665 -12.75375683 -28.05152821  10.95129754
  -2.40086051 -26.05139318  -7.22371669][ 19.09028535 -15.80413532  21.04626264   0.96570764   1.05958283
   6.55367557 -25.17447903  -7.43167004 -27.96351206  20.07959092
   3.73254339 -22.20317088  -8.24905295][ 19.41924632 -20.79627094  21.35147443   3.89254312   4.31886316
  11.45432278 -33.34754361 -11.41989997 -29.44920219  10.36118843
   3.7037107  -23.71360977 -11.55513505][ 19.43304414 -21.6292364   19.72904539   3.12417282   3.9819472
  12.67674803 -27.53045019  -9.51383733 -24.18170984   7.34068505
  -2.41265693 -22.44989119 -10.86775782][ 19.6403793  -23.46223525  21.94865334   6.55481856  11.3317794
  19.37499002 -23.54081516   1.01627698 -19.23165078   8.29744651
  -5.43260747 -18.16385299  -5.18615802][ 19.60852315 -24.13218735  22.15066935   0.87397472   7.72383393
  16.40652183 -24.10059554  -0.242119   -19.67037436   8.91730648
 -11.61581952 -17.2492422   -5.02360192][ 19.61913737 -24.76764303  24.92736182   1.58103878   8.60141386
  18.16332872 -25.51359049  -0.04070065 -21.05621053  12.87898039
  -5.32837679 -11.98121739  -6.14904582][ 19.17768449 -24.61110189  25.09232299   4.90413127   5.75141914
  11.2527397  -21.77396914  -3.31320727 -21.12079021   9.89950837
  -5.58216879 -16.04401091  -9.61296166][ 19.03243094 -23.27480249  20.33610314   3.69866482   4.20582848
  12.17017202 -14.10476571   3.9663409  -23.39178276  -5.45998595
 -16.79772668 -10.86750177  -3.48903206][ 19.34671217 -21.48761656  21.19660886   8.98097595   2.21144078
   8.91611191 -21.78746129   7.12198643 -20.42288682  -1.65415722
  -6.08643443   1.14394228   0.68559427][ 19.30968561 -16.34405721   9.57021289   2.7415717   -4.70292541
  -2.8704329  -37.91391923 -10.52914464 -26.6963812    5.03295712
  -7.53626239 -12.5349993   -4.64713681][ 19.24613638  -9.75557077   6.06397596   3.14263538  -5.03638122
  -6.37854199 -43.23968946 -11.71044569 -17.80876555  17.31281231
  -4.92386923 -14.03845256  -0.64375426][ 19.64907667   0.70148707  -5.42334766  -2.47695151 -14.7904456
 -13.73948918 -35.23796112 -24.06454333 -17.17881743  15.75615569
  -5.942148   -24.53981995 -10.19338384][ 20.32991969   6.42390351  -9.9740525   -0.4491935  -10.29629106
 -18.23064117 -23.02672153 -30.6436067    6.83403468  24.39186793
   0.82079834  -9.93558617 -11.84782025][ 20.91335326   7.36924944 -17.09603202  -0.0948848   -8.9654756
 -20.91035509 -20.60640732 -35.4243881   11.34432708  18.21881089
  -4.65220667 -10.59444898 -14.47643672][ 2.12203433e+01  7.66815517e+00 -1.77924785e+01  1.49124686e+00
 -3.57861801e+00 -1.80633926e+01 -1.80321838e+01 -2.89088928e+01
  2.11781307e+01  2.05385647e+01  2.83525498e-02 -1.41092571e+00
 -1.33455075e+01][ 21.27843071   6.10583268 -23.67132442  -2.41057903  -7.65842023
 -25.59621691 -17.79847016 -34.65616039  12.83343651  11.2527682
 -17.35462368 -10.13087848 -20.95249507][ 21.34433023   6.21699719 -21.55620957   1.04069559  -2.30767439
 -22.33617827 -13.64320274 -22.5038469   18.78609825  24.00704327
  -7.08156833  -6.43945024 -11.63180594][ 21.23732754   6.28221352 -24.68722291  -1.14736943 -13.06629656
 -24.16936725 -12.92811009 -28.54544194  17.92658026  13.5088435
 -16.90424928 -14.25399025 -17.12240643][ 21.18841489   3.77549313 -23.76485042   0.72629772 -13.87400728
 -26.54384326 -14.0069823  -22.22223122  22.69577333  13.91252917
 -10.72992579 -15.75979857 -19.78387835][ 21.15899658   5.5494577  -25.95604517   1.45023625 -18.41634722
 -25.1890262  -10.3299517  -21.41720438  21.66652058   7.39634652
 -10.3594144  -13.69512728 -22.93005372][ 21.07572081   0.90850613 -19.95684774  -0.3382674  -18.45436548
 -24.36385156 -15.05616712 -12.23088488  17.87715584  12.68873405
  -9.44259461 -17.37805738 -18.02255351][ 21.20838682   4.83947601 -26.99440855   0.81020949 -17.14356063
 -24.80843336  -8.76714519 -21.20208688  20.78094498   8.71128958
 -10.55464256 -11.89360178 -20.98030457][ 21.32089667   4.13492046 -28.1200831    2.78460321 -16.11328258
 -23.07180417  -9.41917288 -19.67772881  26.15831585  12.00871396
  -6.54344426 -10.45535178 -19.32533304][ 21.37215275   3.21343865 -26.29968789   2.09934716 -14.908018
 -19.43313475 -12.11411902 -17.88097308  22.76857382  16.36178469
  -9.58732784  -6.9104905  -17.37381592][ 21.20243494   1.2729581  -21.38335099   1.091738   -13.31156305
 -16.02363465 -15.70462904 -14.21645461  17.81666857  17.99969155
 -10.52652122  -9.43670828 -16.56648118][ 20.96192993   3.72118506 -23.71721685   2.18443824 -15.61585878
 -19.56499649 -10.99898863 -22.95202434  22.78653927  14.79833189
  -9.88346736  -6.36861994 -21.95945051][ 20.64006738   2.06336663 -19.11344565   0.15769224 -14.54976737
 -19.51198906  -9.49588025 -25.52825562  19.62482179  11.91651158
  -5.55845432 -12.57289383 -19.4167973 ][ 20.43912618   4.78041518 -23.43950436   4.1603897  -16.98520643
 -21.33887391 -10.23899073 -35.10260951  14.35956168  10.18663749
 -10.65193765  -8.7498336  -27.91112787][ 19.91888544   4.57014118 -19.71121669   7.22079471 -11.3587668
 -12.21798926  -8.8989857  -31.22626062  13.05319279  13.89942052
  -2.98749635  -4.49152182 -18.47242724][ 18.82455071   8.2594576  -22.37319454  10.78214861 -10.05708669
  -5.09117758 -15.95257514 -30.97941818   6.04402713  17.87851183
  -9.66863134  -7.2622111   -8.37600797][ 19.4026512    7.60726915 -25.87357111   2.65486594 -13.57793094
 -24.9228987  -12.39862305 -48.37179137   2.4132304   22.03624599
 -12.9988699   -0.7091351  -17.93023919][ 19.81167376   9.09283457 -22.65943801   9.41944823 -11.25600396
 -16.05745062  -2.59584904 -46.76701889  14.86996051  24.94607542
  -7.72187935   7.98064556 -19.86750463][ 2.01106154e+01  7.52391735e+00 -2.38835535e+01 -3.23719875e-02
 -1.90020100e+01 -1.04321572e+01 -7.47403771e+00 -4.72525425e+01
  2.74604994e+00  1.78811504e+01 -7.13142403e+00  4.04997062e+00
 -2.21386072e+01][ 19.95097568  12.84687674 -23.27193484   1.36090524 -21.71655417
   0.2041704    2.20062339 -41.33280625  14.0668103   12.32130602
  -4.40275755  14.8294202  -24.58704891][ 20.12148114  13.06875619 -23.04968382  -2.09189763 -29.93642707
  -1.05357576   8.02468894 -32.13289274   8.08340111  -0.03686704
  -0.78690394  20.08398708 -22.98878245][ 20.04014009  14.72772398 -26.28129752  -2.32654449 -40.06211774
   1.13599987   8.77936524 -27.07305914   2.99144323 -19.08579436
   3.97501928  11.96290602 -28.67554277][ 20.01434655  13.41908463 -22.97520167  -8.00166889 -39.20958371
  -4.54065116  11.89498301 -18.94396736  -5.65600165 -21.31343643
  -2.63155262  10.06407452 -28.89374907][ 19.73031973  15.53892048 -20.19136504  -5.62670575 -32.9158623
  -1.67588656  19.22079107 -12.93893918   2.05425502 -16.13167262
   0.25308501  12.20729277 -20.34100715][ 19.35181925  17.77471639 -17.05059056  -1.97846796 -26.55016759
  -9.81849818  25.30995481 -13.60202634   5.43990891 -15.21815234
  -5.46113361  10.58164653 -15.97689301][ 19.44604895  14.39642727 -14.23881741  -7.42585853 -32.09921982
 -16.58984868  35.18046608 -11.71673235  -0.97085559 -14.50355333
 -13.28152089  18.16508212 -22.6559312 ][ 19.10406548  13.09711912 -11.88729914  -7.05824958 -31.66208663
 -14.90313991  35.52310397  -9.72230796   0.34686142 -14.52349264
 -18.511824    13.73993813 -22.33378028][ 18.93484038  11.37229969 -10.75076121  -8.17145082 -34.4889764
 -18.16036619  30.2252844  -12.58000157   0.09355825 -20.3821026
 -26.95780294  10.55155409 -18.41139176][ 18.52305683  10.37071762  -9.54146179  -8.35387514 -30.28917624
 -11.09008976  32.8511865  -15.16450357   1.4222442  -14.86185309
 -26.91994806   3.82906644 -15.75568212][ 18.21547907  11.64686534  -4.41967632  -2.45674791 -33.05083105
 -11.1939231   36.86724367 -13.12078359  11.17335948 -18.34926424
 -25.36599377   7.17444169 -14.77040535][ 17.54238562   8.20836786  -5.95656106  -7.20205271 -30.07108552
  -5.97785569  20.69483832 -17.85866828   4.69901162 -12.09918515
 -28.15143569  -3.22182113 -22.57551398][ 16.41652494   8.81261622   1.97148382  -3.77254325 -23.57601964
  -3.77351082  21.30700575 -17.98688054   8.81939363 -22.32778252
 -35.7960149  -11.88833687 -21.5920952 ][ 15.28669011   7.9836668    5.0732135    4.34082758 -16.644476
   4.88674507  16.79265105  -8.99372947   0.89963446 -18.10726816
 -20.38801974   2.52876922  -6.10024967][ 13.72450657   4.10574593   5.00267539   1.59715077 -19.98905548
  -0.09700115  14.58942177  12.08928046  10.55222342  -6.77172645
  -0.87841296  -2.646718   -15.29890679]