[ 11.45421127  -5.95688073  14.69411333  13.38743815   1.50960494
   2.57759542  -0.93149377   7.18585775   0.38815435   0.49174798
  -2.34063329 -12.0531515  -19.10669367][ 12.492647     0.29594106  20.02298968  17.33380845   6.8390569
   4.12329157  -0.92609628   4.61894045  -0.67794801  -3.75602526
  -3.53138802  -3.72110415 -18.62512027][ 16.07227806 -19.13608476  14.39750431  32.1498063    6.53867185
  21.10048936 -15.33569242 -14.4214611  -18.31391669 -11.4039508
 -11.44165306  -6.58263975 -14.24418574][ 16.19846478 -13.1364871   15.55684838  25.37635038  -6.83656071
   6.51007554 -22.13024496 -12.71722475 -10.58481835  -4.78409627
 -11.43370336  -9.09699458 -13.98786595][ 16.09716697 -10.60365109  15.86455654  31.29105672  -4.16354463
  11.07682621 -19.43188078 -28.55943966  -8.3618575   -2.40269469
  -6.23875382  -1.0413299  -14.37119326][ 18.25576366 -16.35818202   1.26213632  28.08290216 -12.53323242
  22.4098645   -8.54372038 -30.13639215  -5.52533258  -4.30247547
  -9.97920171  -7.06208092 -10.39781586][ 20.17886845 -23.95533712  -2.22549877  24.17411225 -27.93961873
   6.86542827   3.34941752 -14.24061558 -13.77530603   0.34102315
 -16.05608775  -3.43968798  -6.9902187 ][ 21.52060842 -27.95599707  -0.27876194  33.80093057 -28.23422496
   0.53102613  18.08453853 -10.79692973 -18.48092565  14.88164077
  -8.05708361  -5.45994444  -0.57490074][ 21.65553266 -26.41934322   6.04908957  40.19831783 -31.92683527
  -8.66083792  15.90423286 -11.90130043 -27.81473088   5.40032523
 -11.15969443  -5.39198676  -1.76342024][ 21.51950672 -22.69338416   2.22396824  39.36874755 -26.66277605
 -12.26495753   0.89992044 -20.77915797 -29.32654315   4.0613788
 -13.2639009  -11.9866689    4.34993107][ 20.47026075 -14.43080081   5.6033661   41.49283601 -18.98867563
  -9.84527382  -9.41774842 -12.46165929 -22.32585598   6.70232203
  -5.42723716  -7.8375305    9.69426521][ 20.29698677  -6.86433709  -5.00890155  43.95343698 -10.49352288
 -23.03309209 -24.61139807 -15.28533465 -19.34685926   1.07512884
  -9.09174333   0.95059147  -0.750813  ][ 20.66557811  -2.08925824 -13.7360577   42.05593667 -15.07921225
 -36.41333275 -27.88269491 -18.07037818 -22.59401795  -0.65131548
 -12.4045718   -2.97507544  -1.35577936][ 21.16954738   2.16789133 -23.5615376   35.97883271 -23.58489073
 -37.00361372 -22.79654102 -16.95417246 -11.05781655  -9.54101882
 -10.5444154  -10.67027654   0.4482502 ][ 21.46469004   1.80428847 -18.38108454  35.81969811 -14.79310327
 -30.984627   -19.73274955 -17.91594621  -8.07538179  -3.68419364
   2.10880474  -2.01989139   8.66498018][ 21.58334796   4.83737403 -27.46529645  39.07324007 -23.61189589
 -36.2169979  -27.41013434 -18.08124827  -3.60325219 -11.4117796
   4.37438079  -9.9451768    6.41563652][ 21.99172875   2.40615834 -26.50327717  36.37531138 -18.27087045
 -41.67464031 -28.76796714 -17.90282764  -3.96219424  -9.10925883
   1.18781351  -8.83214336   2.28643079][ 21.87684029   5.59196853 -28.24025536  40.27014632 -19.09593233
 -36.50481069 -26.64412856 -12.77202966  -0.70237402  -7.77127787
   4.99597719  -6.09532657   7.32311266][ 21.71292832   2.13978268 -27.26815928  25.73281144 -15.63366117
 -37.849566   -21.89604139 -15.28525087 -10.87126367 -10.67651795
  -1.65751269  -4.05710256   3.08629756][ 21.45952541   7.35920233 -26.61162959  40.75791771 -11.04103121
 -31.25906215 -24.88110447  -9.63531834   0.89721168  -2.1632377
   3.20494974  -0.42426041   7.81375124][ 20.34998629   7.51320399 -23.82484841  30.93009992  -7.79824857
 -31.89830015 -31.41178223 -11.35474095  -3.31007886  -4.73157197
  -8.22180886   1.19594151  -0.96654947][ 19.1961542    2.46392278 -17.64931618  22.03162519   3.49276381
 -25.88836272 -39.93047134 -14.75292978  -6.7354219   -6.5602453
 -11.96488371  10.47418779   3.35183756][ 18.26516481   0.74117744 -10.09348932  25.44588839  12.89586296
 -15.19074629 -34.04026151 -15.25281593  -0.16937819  -0.47407536
  -8.60666124  15.06004282   3.6339175 ][ 17.14797189  -3.94017849  -3.26318977  20.96131498   8.62358949
 -12.91842995 -35.62393024 -15.06723255  -7.16644222  -9.33127603
  -9.69352177   5.33660714  -0.32861877][ 17.03304402  -5.51939333  -0.80763069  19.68257776   9.5366169
 -15.78719464 -33.34248752  -8.63367826  -7.6280321  -11.378543
  -9.04772196   5.20896963  -3.59619468][ 17.12105206  -2.5736463   -1.0317554   17.25951909   8.42212509
 -13.62273402 -29.5558214   -0.4205854   -3.36302484 -10.853402
  -7.48866585   3.94470528  -1.96766272][ 17.59196899  -0.44161799  -5.68099912  21.22226615   0.74565727
 -23.1887107  -42.58941551  -7.90933568  -7.91027829 -12.3287845
 -11.91497544   4.63171921  -7.92733943][ 18.22230668   2.3669708   -9.11517361  26.31177217  -1.99664824
 -26.64093691 -37.40112137  -1.80353012  -6.84927925  -8.15112433
 -10.83342826   6.89165451  -4.61732829][ 18.88144767   4.4331768  -12.3387288   21.30556699  -1.66901252
 -27.64512987 -18.45803739  -0.13913708  -6.82687664  -6.78474954
  -7.59046458   6.01577887  -5.30770966][ 19.76269679   5.83388809 -21.16993577  33.68108715 -10.02356124
 -38.49292841 -15.61655114  -8.4671556   -4.09926795 -11.28021061
  -5.57548187  -7.89494506  -4.67432649][ 19.95768095   5.43089986 -20.64534455  38.56017421 -14.19963729
 -43.65780578  -8.67093928 -12.01625258   2.57770436 -16.01237756
  -4.42024275 -15.2975181   -3.59190765][ 20.00065949   6.75478713 -17.51574967  42.04055273 -16.3910761
 -35.82100653  -2.39596391  -6.48968427   9.67245217 -13.77853055
   1.81498557 -14.80783084   2.45877503][ 20.34568712   5.55302453 -17.651042    42.48798105 -21.77051102
 -36.99299121  -1.23763414  -6.58215765   7.64202625 -10.92839391
  -5.15472499 -14.1480053    2.36821009][ 20.09214206   4.41467655 -16.87310515  41.16955505 -28.5264923
 -32.65042624  -4.65871213  -5.9471415    5.99257714 -15.47307166
  -2.6244558  -19.83479643   3.08872504][ 19.82923312   3.82926413 -14.14810263  37.76636827 -28.33170768
 -31.34971784  -3.67967612  -6.89375712   2.35134381 -17.27291927
  -2.41557266 -19.73171499   1.55901534][ 19.62034845   5.85875782 -12.9999286   36.90083595 -27.79505432
 -28.04684848   6.19811041  -9.84092499   2.77010259 -22.51433375
   1.47482889 -16.19770434   2.92879885][ 18.79127094   7.30903816  -8.96685006  32.82437509 -29.85692286
 -23.92182766   6.69754725 -17.04650377  -7.12006015 -23.85282669
   5.72315858 -13.07473037  -1.39910588][ 18.21451692   9.4082447   -8.21979327  28.7101891  -24.83216716
 -16.87988395   5.91768916 -24.2748174   -8.11201971 -25.21723617
   3.64791928 -10.58681343  -1.52668406][ 17.89260239  11.46104943  -6.7329309   15.49074023 -16.39369409
 -11.75922264  -4.04729691 -21.30992453  -8.28401726 -26.55961166
  -2.36290818  -9.10787144  -2.0948778 ][ 17.69660743  14.28058335  -5.27409193   3.54279137   0.59567313
 -11.0570996  -19.94218886 -15.6167492  -14.83797373 -31.28501289
   1.52892589 -13.85331345  -0.33943826][ 17.62390657  16.14146502  -2.96885727   1.48816377   4.06378221
 -13.72587143 -18.56362983 -12.10999193 -15.82340297 -27.155458
  -1.7944945  -11.74702376   5.83945152][ 17.6066651   18.040498    -1.39453013   2.29654759   7.03409789
 -11.8403522  -17.39824097  -6.0549726  -13.40833705 -25.62500715
  -0.93751768  -7.10566191   7.86488905][ 17.57789381  16.69279032   1.11784133   2.7388354    5.25741238
  -9.23386333 -22.18875293  -5.99089267 -14.06319037 -27.99578478
   0.54296614  -1.88626611   2.17659795][ 1.72028257e+01  1.86853287e+01  4.64561994e+00 -1.01300046e+00
  2.61574142e+00 -9.22882644e+00 -2.84398418e+01 -1.20146224e-02
 -1.52716777e+01 -3.86780190e+01  6.93567555e-02 -2.33738488e+00
  5.25034350e+00][ 1.67815447e+01  1.87766405e+01  7.77581305e+00  5.33642127e+00
  4.22661865e+00 -8.01063683e+00 -2.21857498e+01  2.02154062e-02
 -1.50290872e+01 -3.40927527e+01 -3.74766974e+00  6.85382215e+00
  1.05371783e+01][ 16.07744332  15.05969247  11.82914126   8.65512906   2.27015931
 -10.77162643 -12.2427622   -2.16629601 -25.50664061 -24.75520373
  -3.89158433   9.07257774  10.32749151][ 15.0869279    8.28516735  10.53041885   6.52489185   5.62653927
  -7.90420194 -11.07442624   3.36745135 -13.72099673 -14.84293207
   0.82834612   2.71803777   2.47311367][ 14.20990842  -2.19398227  -0.06497589   0.7760405   -1.37105401
  -6.45036559  -9.51947289  10.25902359  -9.7989881  -19.74381294
  -0.39494849  -4.96818305  -7.73518969][ 13.76034667  -6.06732969  -3.99657966  -0.07762329   0.7254852
  -2.56799711  -6.60020546  11.22089464 -13.63077199 -26.04186359
  -4.38324216  -6.65657957  -5.10584816][ 17.37760002 -20.66311438  -8.71126717  11.91331948 -26.47480703
  11.5844615   -3.56840756 -14.06090686   0.66280559 -13.52312234
  -6.70102412  -4.02893675  -9.21683424][ 19.10173643 -30.26463564  -3.60897498  11.73016694 -29.74285583
   9.53739258  -3.02683887 -28.42041703   3.03692711  -5.93889137
   1.23190454   9.90457098  -8.57921239][ 20.05346717 -36.36248876  -7.09750572  14.11686267 -37.33912318
  -1.90986007  -1.70574831 -18.63268195  -3.65429621  -3.35509132
   1.11768119  10.31099953  -6.65594879][ 21.49152808 -32.14011711  -2.21873704  23.7327432  -31.6470944
   7.32290625   5.58128245 -13.40968267  -1.19910449   1.26271843
  -5.24470435  10.1565737  -11.32323558][ 21.82004439 -44.28121321  -7.69348988  33.79229076 -29.18916068
  -5.41305705   9.30608089  -7.86689192  -5.99706921   4.33083922
  -6.51937202   3.69079085  -7.71885232][ 21.67200366 -46.95986012 -11.53592679  33.30197427 -24.25452232
  -2.80974538  13.1991685   -7.45445316  -5.78907715   5.91112753
  -4.66732221   0.67261216  -6.48221969][ 21.13796936 -42.23140419  -5.70982213  36.32855579 -28.09410223
  -6.02489882  12.0078455    1.29406837 -11.52215669   2.98038172
  -0.39832565   5.31551209  -2.75712996][ 20.6833437  -36.26853497  -6.19383427  30.6932851  -26.69233975
  -4.5881261    7.63220254  -1.3663928  -11.04228759  -1.20060712
  -3.45617315  -4.74083006  -2.8644284 ][ 20.15815093 -45.40378698 -11.57621086  28.74633939 -25.04739737
 -13.39652036   1.18666415   5.26257049 -15.1048465   -2.45015381
   0.96662751  -2.82594004   5.38472605][ 19.7952419  -35.39196362  -8.25140761  26.00958451 -19.43346412
  -7.26674838   4.94425202   9.74177331 -13.18217384  -0.35553069
   5.17799766   0.73918216  -0.65645642][ 19.51930371 -38.61654132  -7.77359287  26.53631559 -15.96990259
  -5.15110264   7.30143089  13.13856974  -7.9756758    3.77464563
   4.79309889   0.39018324  -5.03317684][ 19.41480582 -41.47254193 -10.92654424  22.53283398 -23.58214403
  -8.09895207   8.1345513   18.52923765   1.45716156  10.02872623
   9.61407711   5.37087319  -1.27512715][ 19.09975401 -36.59202306 -10.17252084  25.58470764 -23.68456159
 -11.27343364   8.05031339  19.19783401  -6.32961467   7.67312379
   1.08825129  -0.94338353  -3.87759718][ 18.68768811 -28.80632585  -7.88906382  30.34280288 -18.27152842
   1.4778532   12.45758883  20.36248278  -5.32112705   3.49287703
   0.54598195   2.94960024   0.76819838][ 17.89257878 -22.33604188  -6.13974056  30.4578555  -14.65491714
   7.9910999    6.41890491  21.33863471  -3.40955693   1.11394059
   2.61082014   4.01607591 -10.01975694][ 16.80797266 -19.01962051  -3.23241584  32.38526375  -6.66691796
  11.68346571  12.76569005  33.62872091   4.1207605    0.12760156
   2.70943303  11.45872236  -2.4530609 ][ 15.8117761  -13.91467673  -4.3198834   36.23559046  -4.00814908
   3.97628169   9.91448533  26.09278624   3.25142014   5.10422269
   1.28086452  18.16566725   5.36281461][14.62503246 -6.92593979  1.30949065 30.13823299 -5.23907151 -0.32645218
 11.12941781 21.63344269 -3.01414942  1.02511967 -3.55062107 12.0638806
 -0.24656237]