[ 11.35611596 -10.34780406  -6.4792453   -3.82195931  -8.27564976
   7.3352611    2.73773594   5.55383864  12.06844665  11.69505138
   7.2069362   -3.14908865  -4.47347659][ 11.82250657  -8.96337216 -11.29627022  -1.83280407 -13.07470078
   2.60033872   5.01841137   9.27608935  14.85646583   7.29494784
   7.33103236  -2.63043102 -10.73035964][ 13.0625616  -14.05127354 -21.61967886   3.42114725  -6.29901066
   0.28613805  -1.41062171  18.47467397  13.98017917  11.66758674
  14.16558969  -7.04993665 -14.63828895][ 14.7122295  -20.526974   -20.84141204   2.89255905  -2.77380507
   6.40001511  -9.22816496   5.31908062  -0.74634305  11.50160801
   3.94275658  -7.69178766 -17.94212769][ 15.77492924 -28.98639637 -23.869924     2.93212192   1.55430517
   9.47698191 -17.7993506    4.84304594   2.90066835  23.43625573
   4.83720879   2.6866001  -12.11673156][ 16.60817429 -34.3159044  -23.62253064   6.12201616   0.99841598
   4.45425446 -14.58894117  -0.35369021  -3.31377449  14.51335944
  -1.12998277   5.26432662  -7.22788755][ 17.2670926  -34.18372321 -20.54002814   3.32029159  -4.17350088
  -6.05172605 -18.72546395  -3.84797206   1.69395542  14.69317804
  -2.12648186   0.05364262 -12.34721419][ 17.80666758 -31.44117965 -16.78057561   6.03819002  -0.50489553
  -1.9886788  -18.05913556  -5.8217098    0.95667102  17.75801778
  -3.12576212   4.30115542 -10.22679685][ 18.20618274 -38.02013369 -18.6021205    5.52715371  -0.49322333
   2.14372015 -21.00528383  -5.63280952   4.46620372  21.2187017
  -4.21529292  11.81853244   2.30213443][ 18.91574606 -38.02093175 -12.7413837    9.71068539   5.84525395
   7.20630978 -10.96510681   2.38415779   0.33196339  15.79941472
 -13.93265654   6.88267615  -4.36908964][ 19.35529048 -37.17528542  -8.2757695   11.28680802  -1.83889291
  -0.61269815  -9.18291005   5.02368154  -3.23309239  15.92419091
 -11.93992769   1.58572531 -10.98124265][ 19.87608147 -40.36256433  -6.58695517  13.26449685  -4.60966482
   2.38194889  -2.04017028   5.15877908  -9.83819461  15.20501028
  -3.08296503   1.24094355 -10.25040034][ 20.06304151 -51.35405239 -12.65660498  18.52564928   1.48600744
   5.79367702   1.78356048  13.20934601   6.88323235  30.89515162
   6.80338263   8.66378599  -2.26091833][ 20.22262716 -39.16321524  -2.34662189  18.89141948  -4.54870132
   0.98387901  -0.54081766   4.96429662  -6.38676801  13.25062246
  -3.54544673   2.03362072  -3.75681812][ 20.35186097 -44.69019009  -5.50826402  19.28075761  -2.24216411
   5.6952464    7.48497852   6.31374062  -8.90598103  14.8625412
  -3.75467654   6.38591801  -5.34531494][ 20.39382314 -38.57660155  -2.49789757  18.41010405  -9.87052628
  -1.91755662   1.66661904   1.76855179  -9.47191722  12.94745813
  -8.16803433   7.37386595 -14.17372918][ 20.0614537  -40.4491509   -8.58907139  22.9468947   -8.33845965
  -2.73610266   1.94871145   7.750187   -12.08061093   8.31596748
  -7.17263249  11.55691316 -13.38038529][ 19.51872872 -35.5584383  -10.19870292  20.96858704  -6.56339444
  -5.94783364   3.95810971   7.22232575 -10.32536526  11.76864189
  -9.37569785  14.91841672 -16.00137746][ 17.66349172 -23.64237913  -7.68111157  21.41100211   3.57998317
   1.6971355   -9.36198711   6.71772188  -5.1925589   10.04147872
  -7.83254239   5.07203127 -13.44067743][ 18.29819785   9.82930321 -13.19452419   6.66375475 -14.25477529
 -11.2355624   -2.96406431   4.01757636   4.89179931  16.21728949
  -5.13148884   3.10355889 -16.87052818][ 20.39049154  11.65853837 -39.54570599  10.73180562 -21.26051892
 -35.41103885  -7.80929534 -19.00416342  -2.57629661   7.72023603
  -8.31895221  -7.71998562 -23.89587071][ 21.29790851  12.61908042 -37.90846921  15.67159353 -10.39219114
 -31.07345595   0.73216685 -15.49658853   6.74357408   8.63133691
  -0.85933642  -0.78005977 -14.3559488 ][ 21.55318638  13.34128183 -47.35238135  18.31293917 -15.80064442
 -35.18513157  -3.37038753 -22.62487107  10.67394405   5.52639326
   7.79424388   0.93744801 -19.33814567][ 21.6271313   13.66740608 -41.71783976  22.05041686  -8.94429649
 -28.8220943   -1.48922831 -15.08882801  11.50734398   6.31424909
   5.29807557   0.86625682 -15.80547677][ 21.64338835  10.68973239 -46.03369518  17.50444552 -15.72635636
 -36.18239586  -7.52957525 -17.3786064   11.93808944   0.14524125
   7.60037838  -4.36031863 -15.48578408][ 21.33864711  11.00466946 -40.0182703   22.20568192 -11.75205527
 -30.03508915  -8.11529593  -6.75142328  15.01091092   5.50745071
  11.12971949  -1.53591712  -8.85711974][ 21.6012347    8.65990243 -40.80785294  20.79965618 -13.0392555
 -36.83756006 -11.88334929  -6.89333696  10.40999026   3.04062829
   5.59682913  -2.82809225  -8.23878173][ 21.33557515   9.52399833 -41.21225969  26.19141159 -15.44137512
 -34.99886934 -15.24270185  -5.08388109   8.04697939   1.78376045
   1.96123437  -5.08837039  -6.94933607][ 21.44944786   6.78179301 -40.07260828  26.46351919 -16.65818254
 -41.00367049 -17.31755396 -12.89668078   3.75806431  -4.7880487
  -4.96931559  -8.83155131  -7.11034958][ 21.04615369   2.91825556 -32.39043788  26.73671197 -15.58998478
 -40.74073711 -17.850031   -13.56001915   1.91571221  -5.66696872
  -5.84180543  -4.62778138  -6.67954599][ 21.1120486    6.66109223 -33.44709689  39.35159509 -17.58871222
 -35.61823956 -14.16387085 -13.12846846   5.51414832  -7.51955334
   2.09063501  -7.19619299  -1.35538754][ 20.88293143  -2.71778861 -24.11903086  26.11180761 -14.70880389
 -35.83733261 -15.34436023 -10.72498165  -5.32468669  -4.82311808
  -2.41618331  -2.88529111  -2.31068767][ 20.02462809  -2.77857178 -17.15122658  37.08070187 -17.34536402
 -32.15017417 -20.45190263  -2.7735461   -3.22813865  -2.06600776
   0.26107926  -0.05197831   2.11569042][ 19.78970332 -14.44183312  -4.80935856  33.83819832 -18.49419059
 -33.13393198 -31.81917686  -0.90451854  -6.57380199   5.6515439
  -2.05373992   0.99327115   2.32463761][ 20.53648312 -26.36622611  -2.67772527  28.49334043 -21.32992709
 -10.62723137  -1.02898213  -4.69997724 -12.05731882   4.36012893
  -0.84998586   3.60004693  -6.99204077][ 21.31839567 -40.99469418  -3.50358723  34.7651221  -21.08668835
  -9.69564836   4.16650797  -0.27502808 -10.7308519    1.35793819
   3.6092786    8.4277254   -8.18425343][ 21.45884175 -40.66791642  -4.64514769  28.64103737 -21.950659
  -6.8857386    5.76781084   2.73917574  -7.18573347  -0.12067634
  -3.51424467   2.6894587   -5.76566451][ 21.24068485 -34.06399924  -2.19494359  24.70251438 -18.50040957
  -3.19127758   8.23766073   2.44351427  -9.96758488   2.65046865
   2.4770467   -1.13866648  -1.81049159][ 21.37827442 -38.14351257  -2.10152644  25.82604036 -17.75516248
  -2.06181998   7.79096883   0.59461837  -5.15072537   3.84948492
  -0.98833518  -0.32259231  -4.155242  ][ 21.39330258 -48.58068183  -3.8084597   29.06966104 -21.88846392
  -4.34449562   7.38359514   1.5816581   -3.1089664    4.16705822
  -1.83001959   3.03010915  -4.03844981][ 21.33701012 -46.73121171   0.219217    30.42987048 -24.53421895
  -3.53733814   4.41877224   1.19182193   1.12535175   3.20668079
  -0.94026949   5.23209774  -3.22455224][ 21.35474261 -47.8985858   -1.15725798  27.30961767 -23.57563766
   1.3629944    4.70964286   0.25656433  -0.15136112  -4.24285714
  -3.44839404   1.90702769  -5.83066263][ 21.52874638 -37.61186002   1.37713822  24.44882435 -25.03329293
   5.53000718   6.55983681  -3.40900293  -1.64768168  -4.08852271
  -2.88564558   3.40804577  -7.44117564][ 2.15648814e+01 -4.25244125e+01  1.89919085e+00  3.14569782e+01
 -2.47952087e+01  4.32098513e+00  9.30541561e+00  1.88928164e-02
  1.97613274e+00  3.63026719e+00  7.63879571e-01  5.53307821e+00
 -1.21555399e+00][ 21.46291665 -43.59621741  -0.12808993  30.99818274 -29.63159747
  -3.00450212  10.70932274  -1.64852436  -5.91116683  -0.47722522
  -0.10189724   1.73890933  -5.27244735][ 20.89135669 -34.92321187  -1.63729702  26.38238163 -21.64975813
   1.99484276   8.6202329   -2.14763883  -0.46261024   1.41141252
   1.19997374   0.86435682   0.28694611][ 19.52225889 -50.08623674  -3.89978297  30.6338625  -15.00711048
  -1.68530592   9.4883526    9.17598507   8.01708502  14.34379212
   6.98498887  11.77406501  -1.31325618][ 17.86167707 -39.28017529   4.99625995  20.44889361 -23.59884435
   2.19682351   4.15321451  -0.7244043    4.17696125   1.88920403
   3.85045321   2.55487709  -9.01552945][ 15.67656479 -24.0495138    1.0784237   15.07121764 -21.90634391
   3.08674906   3.98368255  -6.7303452    6.54930912   6.15305533
   1.35939538   0.27083937  -2.95121799][ 14.36549145 -29.83599647   1.53898792  27.67120579 -19.1858567
  -3.15846854   8.09169577   8.96220569  24.30548816  14.73567738
   4.08584966  10.3718292    0.65296579][ 13.73023527 -26.50616906   1.57667998  23.60986994 -20.63817328
  -5.77454827  10.82300652   5.84785176   9.86549054   8.72691309
  -9.10853065  -0.49734924  -1.29374697][ 14.39207617 -28.28262593  -4.62222829  16.44343964 -28.80754212
  -0.5893701    6.86785606  -0.97167352   5.21342006  10.98537069
  -3.7343533    3.76015962  -1.83954262][ 1.63216878e+01 -3.25772472e+01  5.32486034e+00  1.73091031e+01
 -2.14994905e+01  7.51678802e+00  8.19381356e+00 -4.26685016e+00
  4.27530169e+00  5.88869596e+00 -2.64491963e-03  8.84687550e+00
 -3.09273391e+00][ 18.72618884 -37.00767873  -3.00283701  13.96612983 -26.47286969
   8.24304     12.66624274  -5.99731276  -3.85378406   3.09614052
   0.91786775   1.59356639  -2.83190633][ 19.77953055 -40.4852708   -3.92649998  20.21957752 -26.44851689
  -1.45939209  18.05333962  -7.0307245  -11.7828033    7.82007455
  -3.59017816  -1.59831191  -1.14861464][ 20.19534554 -36.57416949  -2.45258321  26.705967   -23.91024319
  -8.78680674  12.02364505  -9.05794634  -8.40487126   6.40815424
  -6.79043307  -1.80138837  -4.17207586][ 20.17241312 -41.25273239  -8.36399145  32.26826773 -19.59483318
 -11.07936791  18.66425354  -2.18143972  -6.33721394   9.15056128
  -4.02283248   3.08095066  -5.41398034][ 19.66950583 -38.13213333  -5.53217178  34.79649504 -21.73192705
 -10.15964408  15.42082671   0.65216495 -13.04132875   4.51106777
   1.94864918   4.14627352  -8.64215926][ 19.02677246 -36.41773833  -7.96905937  31.49603831 -21.91032706
 -14.81243366   6.50809304   4.17426364 -16.88676903  -1.34571519
   2.72130314   4.70155493  -6.81498337][ 18.10278282 -38.76923007 -10.84251655  32.71031475 -17.7278243
 -13.79701072   2.29112251  14.22601427 -13.20629721  -3.50343865
   5.67752302   5.6719144   -0.2903091 ][ 17.34819901 -35.72672887 -13.6644445   31.30553632 -15.244606
 -18.25006905  -0.91408147   4.72171279  -5.25802184   0.15079458
  -0.08908983   9.01316379   2.43270526][ 16.51619228 -31.71302378 -17.42582508  28.42892168 -14.41222481
 -10.70253877   3.19869844  11.72388169   0.20977637  -5.6023984
  -1.98278764   3.81624658   7.59174655][ 15.49069384 -23.26509974 -15.75951599  24.50493063 -18.90082813
  -6.34577238   2.94735201  14.13641862   5.64882996  -7.68111852
   1.57243499   5.63958138   1.09111289][ 14.03989361 -19.89479074 -17.61164192  17.13875302 -16.21668231
 -13.92481217  -3.43780879  11.91544274   6.88846468   0.02946909
  -0.30546535   8.46240806   9.97717607]