[ 15.10359305 -22.81491049 -14.27100793  23.68963935  -9.95012581
 -15.37469539  10.25421312  12.85518721  -5.98741095   6.43787681
  18.66490866   9.86647999   1.13848893][ 16.83273365 -33.16532057  -9.86505175  28.74968065 -19.93468842
 -12.9125429   10.21093811  12.10023797  -2.22821125   2.39740078
   8.64009048   5.21419948  -3.42354761][ 18.94602875 -34.36698277  -7.5491564   33.78344162 -27.99684105
  -4.24242823  12.40447798  -1.92277963  -3.25091421   1.34566832
  -5.84701066   6.95979118  -4.25999981][ 20.14767126 -42.8971171   -5.23761023  34.8302505  -30.75015816
  -2.97221523  14.89454215  -2.75680436  -1.05125897  -0.87238095
 -12.83867717   5.51091901  -5.45307121][ 20.50546539 -57.66309013 -10.42238533  33.104499   -28.1511267
  -4.83786768  10.23931185   7.80207214  -3.94128994   7.82439618
  -4.96445584   9.35359335  -2.60767534][ 21.00927089 -37.2607238   -3.16181367  28.81990751 -22.43196797
  -2.68820752  11.79700588   0.95706124 -14.4199755   16.23367308
  -6.36105677   3.75186828  -7.66769169][ 21.45035942 -45.81188246  -2.36500812  32.08611132 -22.77129717
  -8.12109928  13.64117277   1.92658046 -16.46160761  11.98533674
 -12.37196808   9.22584518  -9.38326137][ 21.71231471 -47.47630984  -1.08847031  29.30589059 -19.62948951
  -8.08169257  14.22185651   2.38943391 -14.66710461  16.98817844
 -15.46913204  11.33080393  -8.35248571][ 21.75109116 -36.53026268   0.64753859  22.03054836 -19.84579303
  -2.131745    11.99151828  -0.71706782 -15.55924698  21.25252517
 -16.79410616   7.12874288  -6.01245896][ 21.82557156 -57.66975174  -2.87041648  30.68863833 -17.4121547
  -8.84152984  13.00096344   8.44716905 -18.53198014  20.88443611
  -3.60671087   2.61859431  -2.20371491][ 21.95380578 -44.34306993  -1.77304703  28.55620583 -18.00155757
  -8.0550082   12.50841615   8.54015923 -17.44407703  12.88597005
  -7.92149082   4.29885098  -7.18714329][ 22.48588019 -41.99085907  -4.70018368  28.3714297  -15.31387927
 -11.19657237  11.15415565   6.59501189 -15.09349806  14.02734635
  -9.36993566   4.98800439  -4.20891858][ 22.43879991 -54.60631372 -11.4186666   34.64276228 -12.27654458
 -20.59121811   9.11972361   7.43535381 -11.52681015  12.94212272
  -9.64760135   2.17636616  -5.40203145][ 21.87591008 -25.92401232  -8.09512205  22.62922218 -13.21073233
 -10.16068808  12.86664177   1.27184328 -16.23764874  12.07627958
  -7.37425926  -0.91656232  -4.46706853][ 20.05557713 -32.51583235   5.46968752  48.10142287  -1.81665818
 -21.78440424  -0.83897599  12.33594779 -13.46556313   0.75589955
 -11.84930219  -8.06629735 -14.35209113][ 20.00617121   1.38225449 -10.68190779  25.61707431 -11.51180598
 -35.76289958 -22.26514009   4.52021049  -6.21990151  -9.08266169
 -10.49387767   5.14697126  -7.14643779][ 20.39408731   3.18555712 -19.81374068  15.93117337 -18.75233141
 -51.95514799 -29.03073638 -13.74660593  -4.42345114 -13.27690089
 -14.44795077  11.9559465  -27.10103429][ 20.41910543   4.86042168 -18.4171257   12.76137478 -19.52580986
 -43.04531817 -27.19096687  -6.99601543   6.80916283  -7.89670444
  -7.48120366  14.95184737 -24.89173775][ 20.56412687   6.86902231 -15.75108089   5.65246614 -23.2387795
 -28.23081212 -24.12463659  -6.32848451  12.26647957  -5.62332995
 -15.34226079   7.3579036  -17.28101031][ 20.82043309   9.1586517  -19.00622547   0.87891414 -30.92506742
 -19.90267614 -25.37740807 -14.84799683  22.48623971   3.31253345
 -20.69742295   1.68360549 -19.17432661][ 20.89358396  10.63168569 -21.51567097  -0.87954189 -30.44435052
 -15.16346336 -24.1167919  -17.14505624  20.39012702  12.84096386
 -29.49555323  -0.92538563 -24.93405662][ 20.93933727  11.08535678 -19.74122604  -0.92636628 -25.15905579
 -10.94122285 -17.38766404 -18.28457786  22.4949322   21.58050358
 -27.02555701   1.13587514 -21.29318606][ 20.88608366   7.76043458 -16.94674493  -9.30916511 -23.03956115
 -11.8689574  -23.77289152 -23.34380365  14.50108257  16.81680967
 -24.25644126  -4.35496742 -25.02042829][ 20.36933835  12.34896926 -13.67823592  -5.83196826 -17.02692518
  -4.97847071 -25.38615629 -18.97798938   8.79786364  30.8155193
 -24.90532341   6.3700168  -17.42622414][ 19.51576307  11.43137686  -9.77094052  -3.7490444  -14.83955352
  -5.52701622 -22.62071644 -22.09097336   0.53264285  34.5121247
 -21.09955555   3.04355665 -15.07594267][ 17.59904133  15.05837551  -6.92855636   2.27869496  -8.86053157
  -8.38886422 -19.18132266 -26.79508431 -18.62202165  26.65099164
 -17.07225885  -4.91309608 -12.4347665 ][ 15.99998468  16.07714448   9.62274459   7.16558322   1.67987511
  -3.36985817 -17.68853415 -11.87206093  -0.1654191   18.34589044
 -11.18382793 -10.87494219 -12.42603894][ 15.87660119  15.50373523   9.33244573   4.9112789   -0.81216575
 -11.59134838 -18.74823146 -12.40325722  -4.07115824  11.71341875
 -18.02858722 -16.00715036 -10.45032587][ 15.55272213  17.1319688    4.26102477   9.36566376   0.33845581
 -10.65014667 -20.74560676 -20.66490407  -4.98963501   8.41311581
 -22.95570878 -24.50824806 -11.82944184][ 15.46731971   6.13636821  12.05902038  19.54838012  -9.84911221
   2.78223902 -38.82488853 -13.73741982  -0.59386475   2.43364651
 -10.98358032 -32.49248129 -10.46459124][ 17.66594761  -1.26321567  -1.33445989   3.49847386 -22.51424937
  17.17838254 -17.45994932   4.10600969 -16.5274382    0.31513249
 -12.21056971 -12.21190172  -7.50768495][ 19.92744622   2.81430658 -13.49336086   3.88922688 -16.12103782
 -11.86101792 -28.88254364  -5.77997725  -2.2437377   30.5076439
  -9.13586777 -12.92900035   0.1591426 ][ 20.88524959   5.64983571 -17.33613036  -2.03104596 -12.2777299
 -19.25549197 -24.8445872   -6.75063034  -0.65485595  37.01924715
 -12.93669448 -11.57478465  -3.77315504][ 21.34503736   7.53492342 -20.03193735  -1.97612744  -9.71559949
 -25.6689207  -16.62972734  -6.97905357   0.24489515  39.48781779
 -19.51163228 -14.03312317  -7.94751669][ 21.67768337  10.01669648 -19.39866855  -2.75599391  -3.51895849
 -25.43171235  -8.17670591  -5.08657079   3.11714245  41.88869586
 -18.59215489  -8.7829691   -5.09726482][ 21.65463789   6.20919087 -23.46261234  -9.13120721 -11.82396547
 -21.54576756 -12.61669472  -8.3663048    6.27674486  27.53223604
 -17.5274533  -19.96808183 -15.22797277][ 21.68572076   6.79817542 -23.03704252  -8.1217673  -12.38171283
 -18.30447735  -8.27625524  -5.30890614  11.40282767  30.01750243
 -16.53063312 -16.72621418 -15.83057728][ 21.69000073   9.28424536 -24.15737756 -10.51548295  -9.25469231
 -20.82783944  -3.54155202  -5.9409165   10.8632003   30.13642331
 -25.44961815 -17.04335305 -17.99820728][ 21.71971396   8.96228769 -26.64480751 -13.20157277 -13.65297414
 -18.88797189  -9.95268494  -6.31905854   7.01017306  22.91444988
 -27.7190586  -16.60658591 -19.73429728][ 21.70417563   9.61727915 -24.67361388 -11.68808572 -11.49114449
 -14.72572061  -3.02228329  -1.31235097   8.8494169   27.77295253
 -25.46663324 -15.64553436 -20.10134434][ 21.64874368   9.81932225 -28.84760042 -13.86340743 -14.56238949
 -19.2380724   -8.39965434  -4.64176821  -1.74194375  27.64599682
 -38.93658209 -20.08509239 -28.14057794][ 21.63583983   9.01977334 -22.1693524  -11.12934728  -8.05416371
 -10.09292439  -0.42029304   0.94275007  13.84148488  31.48517419
 -25.29199578 -20.20418055 -19.2314265 ][ 21.44160104  12.13095341 -24.43154213 -11.46698523  -9.1441354
 -10.22195284  -1.94038308  -2.58411607   5.74479717  29.74972375
 -34.30702414 -21.10412653 -24.01526728][ 20.76102143  12.51676295 -24.79483113 -12.02652024  -9.67851508
  -9.65636503  -4.38784194  -6.81704787   1.56649177  15.0323306
 -35.33634855 -29.46215639 -24.36885554][ 19.50888192  17.85115276 -18.69331014  -5.27202111  -5.90997797
  -4.10066293  -3.33049622  -1.87459724  -6.81042367  16.87818328
 -20.7352572  -20.57198556 -24.58272826][ 18.12215944  21.86661573  -4.69693644   0.0779768   23.89162298
 -10.59051678  -4.361581   -19.2224697  -38.72784602   3.8294063
  -2.69979475   0.12917225 -29.28643609][ 18.31469626  16.6950114   -2.87015256   3.50613885  16.71458108
 -10.03087134 -11.67043609 -30.24546493 -41.09717254   0.35506531
   9.98662327  -9.00532652 -32.56032308][ 18.208322    20.90914384  -6.00183681  -3.9680361   26.26321178
 -19.89470146 -12.4021946  -25.18451215 -55.04435024   6.18246859
   5.57441402 -16.23198116 -38.81478764][ 18.1231257   21.33493174  -3.6002608   -2.7419756   27.81977186
 -17.74510111 -11.02484314 -21.27109731 -48.6568851    9.88056272
   5.36332635 -17.70762021 -35.69345019][ 18.08578943  16.85403118  -1.56682838   4.03306685  17.27487667
  -6.67245614 -12.93686748 -25.40042132 -28.56779702  10.2104439
   3.82846307 -16.535109   -24.23121181][ 17.84047396  17.41253662  -0.6475855    5.79126358  19.19175496
  -3.011099    -8.78329081 -31.9538394  -42.7601826    6.88743879
   2.8400291  -13.93274888 -26.65608222][ 17.66518784  18.69555788  -2.1642365    1.52893583  21.74686601
 -14.37599931  -8.76918988 -32.71786141 -50.79782093   6.5463402
  -8.41624877 -18.05689866 -34.62434023][ 17.57326506  19.38772065  -4.15321712   3.63259961  28.05171934
 -13.56244218  -7.20044839 -27.34855506 -45.66804209   7.39393204
  -4.93971953 -16.62632014 -30.5147768 ][ 17.33137593  19.47349837  -2.88640068   4.7652137   24.4480437
  -8.31298987  -0.08065626 -20.63844239 -40.10964058  12.00897316
  -4.74249432 -13.31063781 -23.2729196 ][ 16.79065809  18.73856247   0.17367785   3.00977821  21.69629614
  -7.65771802   4.31520368 -23.32019279 -46.39705822   2.45729377
 -11.56543957 -21.75341369 -20.15427615][ 16.35003213  15.88416621   4.12702625   7.35669471  21.95590726
  -6.09814864  -2.75741002 -27.12687047 -42.99867265  -0.54993628
 -15.23592427 -28.49997665 -24.1630848 ][ 15.93629161  16.54671019   6.05135377   7.4153991   19.11219209
  -1.82475769   0.5625574  -23.91721274 -33.2780925   -4.59699147
 -13.12788139 -20.76771098 -21.72579535][ 15.27898452  16.93175588   8.27164145   4.88559184  18.12882088
   2.17982781   0.74356705 -17.71557932 -22.1820472    4.34416584
  -7.86694005 -16.23288777 -11.15485898][ 14.41051425  12.68450984   7.61982052   6.61619507  21.29124252
   6.53098433  -0.49758819 -19.85514988 -16.57723825   9.69668741
  -5.15581737 -18.59019909 -17.86335026][ 13.79502405   8.78673377   3.25325998   5.86218531  20.2363042
  10.40801942   3.28129381 -11.41103252  -5.05450354  15.1216308
  -3.6497781  -19.08687531 -21.08408775][ 12.98986634   4.26820747   3.66027353   7.06446105  15.52357887
  14.17886955   4.31033486  -6.14404174  -0.70569659  15.15693483
  -7.16304676 -26.62167778 -19.83829206]