[ 12.63803508   6.77956066  16.33612336   8.61043083   8.96001998
   0.27495863   5.34944675   1.77395566  -6.13306912  -0.41324265
  -6.20697905  -8.1803508  -13.59451967][ 15.39407207  16.4809192   23.39093348  12.33024799  10.38475314
  -3.9705969  -14.49997919 -17.99984952 -25.04246911 -17.33251513
 -11.83014081   0.64478645  -8.31612488][ 16.19247055  13.84545956  19.73725953  15.53770864  10.2353645
  -4.4555766  -21.05061858 -28.47544458 -33.81660896 -21.38205494
 -18.6312646   21.69118778 -15.86908711][ 16.82779648  18.57706464  18.08945672  10.11663997   6.85195368
  -5.87288175 -16.2498057  -16.49277903 -18.79237639 -14.95418922
 -21.24673042   9.22174799 -12.92039287][ 17.14181864  19.76309439  21.47796966   2.00132929   4.2188856
  -3.97541859 -19.18321608 -18.38497443 -26.21283828 -20.28969714
 -20.30534028   0.05051553  -8.31512319][ 1.69168094e+01  1.64805062e+01  2.55391344e+01  6.91256596e+00
  3.92841989e+00 -2.79513386e+00 -1.77297362e+01 -1.71386489e+01
 -3.64889645e+01 -3.14873369e+01 -1.55699675e+01 -2.39307102e-02
 -1.53483716e+01][ 17.22850648  -7.10458482  20.69182491  39.53404244 -15.2238641
   6.29015506  -8.19898653 -27.65296303 -34.89727616 -19.52534452
 -16.80807871  -1.96916153 -15.31406671][ 17.45937214 -12.98710204  23.66564583  38.05099106 -10.79206164
   2.62052809  -2.03106574 -23.62204721 -15.11087794 -10.8148836
 -11.86171993   2.31788088  -7.00504941][ 19.14380291 -29.91013413  24.19394108  34.47328001 -11.51004713
   3.87134547  -2.50929002 -17.56584364 -14.98222505 -12.1000317
  -8.78528866  -9.82275568  -8.5454786 ][ 20.47368044 -32.5942376   10.23821926  16.69401405 -21.69796031
   6.09452027   0.37393174 -16.78474092  -8.76083059 -12.22279331
 -15.17284881 -13.35961835  -9.88759232][ 21.14071017 -32.37334236   6.9512679   19.33421215 -21.96792526
   8.58608952   7.08307344 -11.4759628   -3.36440061   0.95822977
  -8.35262571  -6.75570425  -3.36246073][ 21.17734465 -27.29171544   9.80719311  27.48153108 -22.33060217
  -0.62282601  -1.81363188  -4.76542578  -2.7534783    1.72917041
  -8.28291529  -1.0186302    3.38965198][ 20.71637185 -17.67747081   7.00238581  35.35132046 -22.93581701
 -18.42402054 -21.98574609 -11.30978259 -13.46722212 -14.13990257
 -10.79409651   1.52366733   2.4940229 ][ 20.36805187  -8.31728063  -2.42822136  34.94166899 -20.97207119
 -27.02525045 -29.72384994  -6.78756876 -15.06322206 -15.72302033
  -8.75219188   3.70902201   2.190654  ][ 20.83689521   0.9351647  -10.95335074  32.51776516 -14.02041244
 -34.5772434  -20.35604901  -9.56282261  -1.77441114 -13.98970309
  -8.46759583   8.89463497  -7.24110579][ 21.05396949   1.49455143 -14.46839762  25.19260152 -14.39545336
 -43.51487799 -19.64847632 -11.17868706  -7.1834786  -14.65374556
  -4.15056872  12.25890739 -10.1392095 ][ 21.11201974   3.85464021 -15.79573918  23.42835886  -9.00004805
 -43.76374305 -16.53083685  -8.44611008  -1.42925736 -10.47521516
   0.35125715  14.99550879  -9.85323921][ 21.34063541   2.40711092 -20.92102075  16.45119657 -12.1023167
 -45.01351881 -30.00727414  -9.81631669  -6.7639608  -11.61829545
  -6.34185246   4.64831987 -12.10237391][ 21.06009428   4.78329363 -21.66265039  15.90201518 -11.51025998
 -35.70843565 -33.54138433  -0.5890757   -2.19449605  -6.33640718
  -5.19663178   8.50810984  -9.56139079][ 20.97619483   7.46322781 -21.90894588  16.62466107  -8.33862362
 -33.10246998 -33.21498054  -0.62933174  -2.50104644  -5.9131905
  -9.50295775   5.98831822 -12.00342009][ 20.80294196   7.11232867 -22.43891442  11.24672824  -4.85612642
 -35.93716049 -30.57036586  -6.56301183  -0.38978161  -5.34801833
  -6.45417446   5.26991838  -9.29492984][ 20.32299138   9.19835212 -22.32448004  14.03288139  -0.09150662
 -33.65656336 -32.59269622  -6.82302106  -0.42018003  -7.01307817
  -9.48765382   4.89497538  -5.86851061][ 19.84104433   9.94180008 -23.17691887  15.91549287  -1.23725915
 -30.41508656 -39.74580748 -12.65895502   0.97325077  -8.72074807
 -11.19369768  -1.73381981  -6.07601146][ 18.63316879   7.74998413 -15.5831122    9.94436801   6.1695939
 -18.68840486 -38.19679868 -15.5965968   -8.12625837 -14.02201088
  -8.70595892  -1.28183361 -12.776051  ][ 18.06287266   4.49668307  -7.58733661  10.62662709   8.91963399
 -13.15313206 -39.23417023 -12.23009972  -7.22892875 -15.50540348
  -3.22973743  -0.46383647  -8.88940445][ 17.97298228   1.66285084  -6.36586585   7.10788533   4.54418007
 -14.92216582 -42.67747122 -13.53728199  -9.34741429 -15.30248664
 -10.73100651  -2.25539255 -13.59907346][ 1.79852402e+01 -1.33935443e-02 -3.10394427e+00  1.32845944e+01
  8.48618590e+00 -1.24766698e+01 -4.43812151e+01 -4.32102259e+00
 -9.11528124e+00 -8.87009770e+00 -1.32729847e+01  5.54956776e+00
 -3.81172969e+00][ 18.2759252    0.1790322   -4.88546419  15.59477662   9.1921449
 -16.77526957 -46.60505582   0.82439755 -11.80111957 -11.82001971
 -11.98718704   4.9642157   -4.46335158][ 19.48795602   4.42875243 -12.21820006  21.86466711   8.54148091
 -26.25544391 -34.7182005    3.52787114 -15.0211556  -13.93119405
  -8.48888722  12.44455935  -7.12693111][ 20.23027049   7.07810622 -18.04046153  27.16601342   2.27956617
 -40.08184776 -29.51657639  -0.33924192 -11.62278733 -19.35742686
  -3.38501721  16.36984853  -4.74875444][ 20.68239389   6.84757245 -18.98736521  28.40707941  -1.21806682
 -42.37614251 -28.98561646   1.60794756 -14.20533228 -11.93539808
  -3.38105552  19.98475391  -6.78680796][ 21.2013348    5.35079151 -20.18753884  26.35340944  -5.04213428
 -44.19471801 -29.68089809  -1.36059497 -11.47019915  -8.31680253
  -4.94594435  17.65495966  -8.97794091][ 21.0767936    5.07330143 -19.32679882  24.54043752  -7.15814148
 -44.90780322 -26.02383251   2.05323257  -4.15073396  -4.55698587
  -3.06462981  21.30254847  -8.47010328][ 21.11818967   7.070968   -23.12582078  22.15886118  -7.60847924
 -40.96597825 -23.95272549  -0.7228988   -3.94618382   1.62277214
 -15.20774557  13.03169504 -10.16285659][ 21.18591853   2.74426592 -22.30607514  15.56727504 -10.78149959
 -39.55785352 -24.46889154   1.46697576   2.83724229  -6.71565725
  -7.15268583   8.63330528 -10.0038163 ][ 21.14000741   5.43895158 -25.33733442  13.89758801  -7.92828762
 -47.24234475 -19.44511681   0.75852422  -0.81492304  -2.60348814
 -20.3979694   12.91098524 -16.37917148][ 21.45323948   4.12088041 -25.55592826  11.33127962 -10.98273128
 -45.40393992 -16.8132338    2.78752285   1.25960632  -2.62286
 -26.6519227    6.30573245 -14.70037233][ 21.429322     5.74149595 -26.36194799  14.7759333  -12.71172717
 -38.13218015 -14.51103416  13.87695031   1.34226198   1.59722931
 -34.91308369   3.04389154 -19.51757678][ 21.23732926   6.1044102  -22.88518181  17.00430093 -12.05749828
 -33.83870537 -11.84583058  13.57035617  -1.04612382   1.41355752
 -36.56877134   2.47640049 -17.87804447][ 21.19881922   4.94845796 -23.97021783  17.57402755 -13.74532066
 -31.36271801  -7.73500219  13.87931365  -6.43304156  -0.92190795
 -43.68014881  -0.6526922  -18.1830145 ][ 20.72766883   5.5623087  -21.12469171  16.88376027 -13.41186895
 -31.03031407  -4.0841707    9.19954282 -10.71883058   1.69259184
 -46.28504417   2.15322328 -16.41339336][ 20.3744619    3.73463827 -15.18127208  18.89932457 -15.99113273
 -30.18372038  -3.03738848   1.9217475  -11.59609342  -8.96573796
 -39.21820337   1.05384981 -14.10873331][ 19.87236445   6.06643609 -11.15453122  24.38090782 -11.63859745
 -22.70526561   5.00945574   2.90748224 -10.28652938  -1.915413
 -36.40419852   8.80324424 -13.80888256][ 18.71243345   8.45671577  -7.49460546  17.2825606  -12.76391668
 -20.64692505   7.15698658 -14.79161018 -24.57485282 -11.33302254
 -33.51739539   5.18994714 -15.44715078][ 18.08048129  14.3954554    2.23371188   5.66107652   7.86715151
  -6.21820322  -3.94056307 -27.60524779 -38.22434294 -11.13104597
 -25.95097535  18.18626684 -11.80905539][ 17.95184841  17.23290394   4.19194547   0.20387548  20.33545404
 -10.08228973  -6.38285255 -19.79230681 -39.74748679  -5.9343898
 -25.07367007  19.99047125  -5.56409752][ 17.80855805  14.7496506    1.67216507  -1.81674362  15.36332312
 -12.81656877 -16.18617526 -27.48750672 -43.24866189 -14.94015794
 -28.33479052  14.4080269  -10.92566985][ 17.89314486  19.16918227   3.59124938  -2.18098822  23.44595369
 -16.35464071 -10.47657496 -24.07801884 -40.44061775  -5.98850699
 -27.13659987  21.28794073 -10.19184315][ 17.56024866  16.21554319   5.48390468   0.35767129  15.7393831
 -13.34032223 -12.19229597 -21.44936493 -41.82898556 -20.14968813
 -16.24829009  16.30163016 -15.06604495][ 17.46698048  19.56886167   9.02923658   0.31705894  22.43961961
 -14.72813854  -9.32937251 -18.0834407  -40.11571986 -19.04915296
 -15.84134265  16.71434979 -15.78113138][ 17.17088027  17.67295753  11.27963367   2.90336991  16.85469471
 -15.29225516 -13.60357099 -18.08568202 -27.17522695 -15.63322639
 -15.59974508   7.51064744 -19.44207441][ 16.41797743  14.30952274  16.7858183   11.79170468  16.17054458
  -9.73940419 -15.36623282 -13.17139089 -33.16208545 -25.79266803
 -11.92937844   6.79093723 -18.09453163][ 15.42674714   6.53651764  18.7394159   24.07606915  -5.11465485
   3.2337755  -10.0528312  -16.32665458 -17.21928808 -31.72386195
 -11.78078823   1.60114349 -15.93573346][ 15.13219014  -7.36407339  10.77140835  31.85328409 -22.01026054
  11.69660249  -7.97306282 -16.78585344   1.70479577 -12.83006318
   1.02181896  -0.72641366 -11.00100934][ 16.77347337 -31.59778651   9.32259654   6.87745362 -25.2020806
   6.31799844  -6.05302226  -7.98629792   9.81438937  -2.45854272
   8.41293517   0.31038567  -7.12351088][ 19.5383676  -43.0235838   13.42153184  19.6890987  -40.95844607
  15.77910681   1.63603969 -11.72604697   9.48058651 -11.6011845
   5.40208693  -0.05161425 -10.06158172][ 20.86036866 -35.85725372   5.25487567  15.81746495 -23.17218981
  12.42155709   1.4366338   -8.45444279   2.98285964   1.97868947
  -5.1803488    0.78021238  -9.07160815][ 21.60472282 -47.48436446   7.00616645  24.59920017 -33.48534827
   6.36649145  11.74436757 -14.17122597  -5.62221344   6.81657394
  -9.96656222   0.62428087  -3.53626573][ 21.77311116 -50.19186158   5.45327436  27.8237609  -30.38343283
   4.85615681  13.37369327 -11.8451931   -4.62278685  11.77448346
  -6.62984121  -0.2993897   -1.07371319][ 21.62682526 -57.22823111   0.14255854  25.5109008  -31.47802775
   2.8540664    7.51981018 -12.5854287   -0.74988805   7.95623552
  -6.06782243   4.76182836   2.18928881][ 20.88796567 -46.15051891   6.62486236  26.70504909 -28.47735152
  -1.80725275  13.38095128 -10.76317614  -4.01974305   8.06038526
  -1.7783918    2.82905241   1.79917464][ 20.50803799 -43.00548168   3.18505006  27.6497988  -23.88583766
  -2.62646588  14.99440537  -9.85548936  -5.96138118   2.48149182
   1.93600424   5.19322331  -1.72740266][ 19.98138477 -45.5079478    1.21045322  26.5401171  -22.31422917
 -11.64474718  10.1924727   -0.07654017 -12.26491666   4.29503953
  -0.8786497   -3.70926173  -1.94133465][ 19.84923612 -47.8635672   -4.88187451  27.62064592 -14.80787956
 -12.14536641  14.41864125   5.05205362 -12.01791789   7.71793765
  -6.57689744  -5.23185855   1.07166785][ 19.62882051 -42.50267125  -8.17879527  25.30499979 -16.76621109
 -16.92900191   6.95773969  -2.37678004 -24.35729616  -6.18108056
  -7.30856563  -0.65903638  -2.88090934][ 19.13593496 -38.93124075  -9.68020595  22.33965365 -16.40559259
 -19.99669282   1.29370529  -1.7696576  -27.05179524 -10.64494294
  -4.78664962   0.14188094  -4.80033712][ 18.54044012 -37.25068808  -8.69212626  28.64941498  -9.99979776
 -16.96508715   4.47458887  -0.4595162  -27.90918574 -10.19321349
  -3.52173253   5.85543158  -1.55499578][ 17.30465021 -32.03529881  -9.16589521  29.3053962   -8.15427244
 -15.02529504  -1.69995758  -1.52812078 -13.63646065  -7.52844251
  -4.34345246   7.2213649   -1.85359414][ 16.1520796  -29.64218528 -18.24004837  24.24426131 -12.16635041
  -7.01682701  -3.65055361  15.57959009  -6.93429513 -18.21776119
  -3.33772008   2.5492109    5.87725931][ 15.19844507 -18.41038769 -16.50159309  20.25676928  -5.84722896
  -9.78905226   5.41176684   8.10346835  -6.79674476 -13.52849748
 -11.99873347  -5.72509666  -0.92003814][ 13.78482215 -15.4757554  -13.76102075  15.22809273  -9.04838571
 -10.12820881   3.2651573    4.01302967  -8.08697547  -9.94029602
 -16.47585484  -0.58801972   9.32994537]