[ 11.38988291   7.24990162  20.75681067  11.28288175   6.53214543
  -3.60447558  -3.56112696  -3.30500101 -11.09833221 -11.98420513
 -14.95680488  -7.8652514   -4.76444301][ 12.85461734  13.44190203  22.85718389  11.91998185   8.27780832
  -1.89157354  -5.13904648  -7.33596407 -16.64367487 -11.03141758
 -13.21081508 -12.12288985 -11.44645302][ 13.82961591  16.3885791   27.73237566  16.32728476  10.05884301
  -0.59791502  -6.24793654 -18.28459316 -13.23152823  -7.97714946
 -14.58239657 -13.78987069  -3.69148747][ 14.19292502  18.65514169  27.98515583  15.73716779   6.97178061
  -3.78127412  -5.86336474 -18.45199829 -17.82101179  -7.77976516
  -9.39770834 -13.83050342   0.43229852][ 14.06903163  17.78404655  25.94495184  13.87787926   5.41520634
  -0.40457838  -4.4670555  -18.07111265 -18.50426717 -15.91569321
 -10.94366448 -13.58240813  -7.57332339][ 13.9014011   17.63813173  25.15923094  13.38512793   5.15017627
   4.67687486  -7.38678041 -17.60646933 -13.73033367 -13.36018559
 -11.96687527 -11.54072202 -16.95402692][ 13.6706073   14.98413583  24.02123269  14.92996082   4.20859357
   4.73248174  -9.04712625 -10.67863712  -9.98786215 -13.5070286
 -10.3878173  -18.66905843 -16.19182475][ 16.99447442 -11.96138723   4.56053513  12.89271663  -8.19284736
  10.90256869 -24.53604437   2.60380319 -16.07318845  -7.29966259
  -5.44959676 -10.69441096   2.40842187][ 17.27715401  -9.64261479   3.25951652  11.00055083  -3.83068794
   8.65518578 -31.4565482   -8.89508644 -15.54583434   5.03225715
   1.48497862 -13.66211682   1.89146393][ 16.72748632  -5.5237385    4.64107808   6.75276381   0.52948817
   2.67579667 -25.87105689 -14.8346331  -14.52602228   9.52902023
   7.02799456 -12.92067005  -2.93548258][ 16.21866579  -3.67876764   3.83386517   9.54160662  -7.07452765
   2.67003963 -20.52632474 -16.19763692 -13.26613457  16.72741965
  -1.44419942  -4.35282893 -10.79183783][ 16.0781695   -8.55484135   8.10409553  15.90086091  -7.99361176
   7.784097   -16.18783931 -19.03327953 -15.3697375   14.5460176
  -0.28510164  -0.13423593 -10.13456257][ 16.01820714 -13.39783479   9.2131281   22.08146173  -4.59384328
  11.99632434 -14.00639245 -21.89095367 -15.91857383   8.58106221
  -2.23313081  -0.22640708 -11.29795363][ 15.82099424 -14.42324199   8.13506465  21.51872964  -0.89899817
  14.79309544 -11.63826914 -16.79223791 -16.71009231   4.09286852
  -6.81507335  -5.86811353  -4.79704269][ 15.92968072 -16.86107161  11.88613012  17.97761881  -0.89284946
  14.1536452  -12.27680839  -9.74943591 -19.45833339  -4.10140556
 -12.95143139  -6.82253845  -5.43274335][ 15.91268575 -16.14087741  12.04181337  16.24690064  -0.53745065
  14.01531027  -9.84108572  -9.55972991 -19.68252398  -6.84470066
 -11.24907735  -1.77311548  -3.72991838][ 15.63926901  -5.96474254   8.19924768   7.35583605  -9.54453153
   6.90468666  -4.66005551 -13.30355925 -18.08774763  -2.65378912
   2.94211338   5.25512918 -12.80002609][ 17.21534346   7.961499     0.89604463  -1.75493335 -12.67540847
   0.13163297   3.73448085   2.48580842 -10.12438209   4.20321052
  14.31147676   7.68091874 -12.49077572][ 19.44893511  13.76079988 -22.26230316 -13.05543917 -26.31428925
  -6.41834619   1.93964387  -6.51691578 -11.58242728   3.31765163
   1.53148699  14.74713098 -30.11827677][ 20.39889442  12.94120382 -23.4635235  -19.83551411 -19.63204772
 -11.06183349  16.05598992 -16.85641956   4.83701793   2.8012168
   1.52401709   8.20584158 -37.33332722][ 20.85736956  11.58332406 -29.25454932 -22.2392237  -20.17453884
  -8.7481351   14.57119619 -17.71956417   6.48417022  -6.33449981
   3.10659654  -5.01506699 -33.29187573][ 21.11769685   9.01504276 -30.92795585 -26.07359114 -17.39413335
  -6.42835587  16.79839856 -12.68084816   2.17824525  -4.13367188
   3.5380119   -8.41681212 -27.82114961][ 21.16796452   7.89030291 -33.84250139 -27.79681503 -14.68746814
  -5.64766396  16.8725929   -8.19480545  -0.86783406  -4.8122695
   5.93606865 -10.56394436 -24.33745141][ 21.05217953  13.88298101 -23.2724105  -22.72739006  -8.06292468
   2.50654067  18.32650118  -6.52657443  -5.39998603   2.08250226
   4.2903115   -7.44468938 -22.79213885][ 21.08584202  10.18782562 -30.35121281 -26.72816043  -8.41745867
   2.5760607   13.69778006 -11.75424866  -2.25310814  -9.11323887
  -3.98233274  -3.38626724 -23.05075689][ 21.08160787  11.67539472 -30.53034852 -29.06774775 -10.6245192
   7.65936742  25.88824232 -10.68486652  -4.2298606   -0.85927483
   5.53874038  -8.27145876 -20.69278833][ 20.93061068  12.90059571 -31.29709727 -29.53873847  -9.54905006
   6.5467864   25.59739453 -11.63653027  -9.78822403  -3.29737059
   1.8483219   -9.21081274 -21.53585989][ 20.59506231  15.26046248 -34.86740763 -34.63695023  -8.73499641
  -0.31921192  20.70973076 -11.61446593 -23.34804568  -4.46826832
 -11.35423836  -7.08190144 -35.85916795][ 20.37465514  15.24998675 -33.00322693 -32.68396216  -4.80949288
  -1.40839976  30.89033183 -13.07597618 -16.25170915   0.38771633
  -5.25566432  -1.77394038 -32.86484657][ 20.08577493  14.49313542 -30.96775111 -28.09747905  -4.04012903
   4.24749062  35.91281188 -12.29179772 -13.33240879   1.6210741
  -4.12212679  -2.39762268 -30.21595755][ 19.52426933  11.64529443 -27.74344569 -21.78415756  -4.23759119
   7.08580525  13.33549342  -9.28673126 -15.97212721  -5.04985073
  -1.57889316  -9.6040217  -15.79155138][ 18.94259381  10.90192506 -28.62157644 -20.30476736  -7.84619589
  15.19743345  21.05111402 -14.77957557 -15.22286923  -7.10344082
  -2.45225801 -14.88532526 -24.61447374][ 17.74796922  12.76306058 -24.00282097 -14.10766557  -7.52539669
  13.46993763  28.31646785 -23.26936459  -8.98395952  -9.05191027
  -7.27734281  -9.04561069 -25.3129711 ][ 16.64622379  13.34738438 -16.2299629  -12.6608097   -3.36205198
  20.77489453  32.87990212 -23.91955804   0.42527289  -5.53424536
 -12.44128884  -6.8820474  -17.44063834][ 15.50727666  15.62972192 -11.42986943 -13.77161011   2.87307924
  26.62447521  27.07928123 -24.56108636  -3.63678368  -3.37962108
 -15.39504706  -7.73284384 -19.36323809][ 14.64430654  11.84533924 -11.34726386 -13.89807921   7.26514671
  38.99287411  29.11939759  -7.74177176   1.82893607   2.73256761
  -2.89798655   0.53560967 -21.46544458][ 13.92142194  10.05789163 -10.41453897 -11.5675061    7.79013101
  27.12244688  16.38248144  -7.04611628  -0.67591436   5.21733794
  -0.78996353  -0.37233425 -18.01020854][ 12.94339809   7.24393262  -9.73939765 -18.91153392  -4.39168967
  20.80423976  15.08524244   1.4781768  -20.1408167   -1.96979773
  -2.38068253 -11.11205742 -25.43094825][ 12.2916275   -0.05801215 -16.32198862 -22.54093443 -11.82338911
  15.85180025  13.24223767   6.08428193 -12.79742748   1.61706879
  -4.96411459  -6.74325755 -14.83710393]