[ 15.41487028 -15.51057466  -1.01478154  30.01299755  -0.36544245
   6.98200748   2.96262166  11.06623888  -9.07541001  13.8512511
  -7.96020423   0.31342833  -4.17654128][ 16.7653831  -23.3260964   -2.78577851  34.4857267   -0.93477402
  -0.70653612   2.82720018   5.03898935  -3.33240077   5.65657757
  -5.11554819   2.42581797  -2.56541495][ 17.96162786 -28.91168828  -3.2214324   33.42356836  -5.91613748
   0.40823948  -5.70157484   7.29569327  -2.1705705    5.55781808
 -15.20496774  -9.12169983   3.63802109][ 18.89262675 -27.73714689  -8.08539847  24.30684417 -14.50501682
  -0.31351968   1.59182491   3.85882239  -9.47533542  11.29930654
 -11.60554762   1.38350983   4.29150216][ 19.72191061 -25.64321201  -4.36655345  24.16757351 -17.36088806
   4.38618502   4.69937059   4.73471735 -14.78804964   9.11156404
  -4.06222802  -1.48845792  -1.60092093][ 20.17379236 -34.31226996  -5.1903129   26.13838627 -15.63109734
   1.92276058   7.46407885  11.16340648 -10.32613875  15.70741388
  -5.20439149   5.48391589   4.95548367][ 20.87303215 -38.89243618  -7.14264175  28.72600554 -16.71397016
   0.07458835   8.27890746   4.17751639 -13.23174694   7.96480707
 -17.54299919   4.72665209   0.46977425][ 21.22310374 -34.3401408   -7.54574434  26.08645639 -17.35108701
  -0.59103127   7.44846961   1.05343681  -9.16967341   9.90362399
 -14.57603632   6.74190756  -1.47554001][ 21.3756606  -44.76198994 -10.34420539  27.17137242 -19.63427912
  -2.51359535   3.52156215   3.65496296 -15.64047599   6.24457429
 -14.29222149   4.87230414  -7.18655376][ 21.3882798  -38.0509713   -3.56433387  26.55898116 -17.55628449
   0.37259948   3.83778174  10.85126956  -4.88007085  13.60529738
  -7.76408098   1.39735531  -4.17817815][ 21.53718759 -44.05238683  -5.71858579  27.32207631 -18.68149296
   0.41707721   4.83957357  13.06051926  -9.37268123   2.89806994
 -12.91475894   1.08076698  -2.61857209][ 21.80172749 -43.22454635  -7.23066717  23.59583739 -22.12817635
  -4.68470861   6.37050058   6.97491057 -10.08181537   7.21888938
 -13.8602954    6.70609399   0.4647054 ][ 21.86827433 -37.58203859  -3.68331031  24.66025234 -23.43090824
  -5.85471278  10.37329737   3.9837238  -12.15914852  13.03205003
  -9.96106373  16.8902726   -2.26210568][ 22.03448851 -46.26219095  -8.65800195  27.20362257 -19.25138484
  -0.23633592   7.97560898   4.01738378 -17.53746677   8.87909282
 -15.09328739  11.08411816  -5.67908798][ 21.994027   -40.10180912  -4.55741627  24.27194927 -18.14461414
   0.44409345  -0.17235884   6.41305074 -12.21591224  14.07155839
 -11.38588138   7.77359759  -4.46865774][ 21.88879065 -42.16657143  -5.49784383  23.51347668 -17.50621144
  -4.5555683    2.43702086  16.15911267  -5.58828941  13.58522351
  -7.54327599   9.2960779    5.78974616][ 21.99696129 -40.94436987  -2.79768152  28.31854672 -19.70548144
   0.50911047   9.61010811  24.28178144   0.70555669  10.67992574
 -17.60041368   5.41736553   0.71810123][ 21.99576646 -34.53763668  -3.45873473  25.20786276 -19.99193423
   0.19551616   3.14908508   5.9058668   -6.45672464  14.06508728
 -11.92227409   9.76712923  -7.78956558][ 21.84481297 -35.45785566  -2.92919337  28.86711814 -17.16097156
   0.18110977   6.16445684   4.45138702  -9.89292475  17.24968809
  -5.991126    16.40870908  -9.12798924][ 21.44451452 -31.94228343  -3.17911529  30.56911736 -19.13906724
  -5.21712136  10.39519949   7.97909567 -12.86917318   8.23690943
  -9.25815998   9.00620085  -3.33444698][ 20.52035836 -28.1335464   -2.80058158  29.55175938 -17.19734202
  -8.23876451   0.42709549  19.57007397 -12.88016089   6.98384936
 -13.18096731  -1.1294738    4.42103312][ 19.41324902 -20.32664409  -1.68332461  27.94661726 -10.70549449
  -4.07893269   2.41948177   5.32138153 -12.54946978  11.4424575
 -20.85856297   1.72265117  -2.58750932][ 19.79787068  -2.65981349 -11.03477404  30.68181587 -18.64481859
 -18.37573118 -19.74102556 -11.63655638  -4.60551452   6.98741229
 -14.9609351    3.67699424   4.36398006][ 20.74394676   7.00489107 -23.42726102  34.12380806 -24.32699245
 -16.79861181 -12.72823031 -21.48386322   4.53427164  -4.40429449
  -8.24861361  -5.54185113  -6.78729708][ 21.0513633    0.3514014  -15.31030054  20.83981424 -20.4996551
 -23.26393315 -15.23002845 -20.68038226   7.07623998   2.8119603
  -5.06951467  -8.0789193    1.90686501][ 20.95465668  10.49257958 -28.12617257  28.17137422 -29.49642926
 -22.02518971 -15.43053624 -24.63533801  15.58522944   3.04591177
  -7.05574965  -6.25727642  -7.55916782][ 21.0722272   10.41149478 -24.42828414  27.49407408 -24.09115774
 -21.38631316 -10.1555533  -20.92149631  22.06317574   6.09215938
  -2.75109746  -5.6505902   -7.05066413][ 21.23948333   6.25653201 -20.65519578  17.81907424 -22.16657304
 -19.58935284 -11.58779281 -17.75587761  15.42785668   9.96644472
  -4.93439634  -3.77532136  -7.60547948][ 21.17675669   7.23048446 -26.31951217  20.57413823 -26.4955711
 -24.94412911 -14.39875997 -25.38394623  17.78072794   5.04801615
  -9.93598563  -8.78291717 -18.10274118][ 21.10165092   8.85658348 -25.17797222  22.55633526 -23.09892469
 -20.8228999  -10.14305819 -22.7033958   23.61959712   9.34008528
  -5.07764857  -3.01944395 -17.62496537][ 21.10906678   7.91780225 -22.59034487  21.75330017 -20.57971311
 -19.49057111  -8.21086016 -22.91076326  23.1996867    9.74643417
  -3.45782685  -3.5061007  -21.71074509][ 20.95525775   5.38669531 -19.43028596  15.28090917 -21.74533116
 -22.90712107 -12.56490687 -28.14914081  16.32008683   4.62760533
  -4.89381084  -9.45399291 -21.39036706][ 20.74345622   8.26388277 -19.73536239  18.4271858  -24.40866617
 -21.10859082 -12.17508168 -31.98874832  17.38238668   4.47443006
  -1.31539505  -5.64410395 -22.42450116][ 20.42495087   9.31337088 -15.13777047  20.41643049 -19.98470927
 -18.81899939 -11.10031766 -32.89065442  16.08775636   8.60778389
   3.32363382  -0.76182471 -18.15367365][ 19.85105219   9.9014424  -13.78154722  19.91784756 -19.77862286
 -21.28944061 -12.25777289 -42.99993324  13.73570407   3.34257205
   1.90587461  -2.24865471 -22.89915559][ 18.19318715  10.60704388  -5.17132902  11.82847295 -19.89677652
  -5.02086927 -14.74671581 -14.93758634   2.70769808  -1.00087902
   3.04190482   7.05520288 -22.65403572][ 14.3538722   11.09864719   5.89127488  19.59788187  -3.72922431
 -12.66792013  -3.56103426 -19.8696402    2.6729694   -3.82104006
  -2.12676295  -3.71850049 -12.96635396][ 14.06156207  10.54675499   8.92849433  22.77723549   0.97280758
  -8.5950375  -10.25487195 -24.07174451   6.53154524   8.22971408
  -7.43128729  -2.75245524 -11.40281758][ 13.71115836   8.66168189   8.06810511  24.57017311   4.07863007
  -9.6377656   -8.93525304 -21.23762063   1.27713349   2.53995306
 -10.07237059  -9.48580815 -13.42414997][ 13.42839357   6.22073852  12.14561794  27.82843057   8.48915904
  -5.90342295  -3.19298014 -23.73490198  -0.50906431  -4.6328332
 -12.09036721  -6.86390222 -17.21474637][ 13.20108807   1.53425713  18.31661458  20.31819361   6.22475192
   5.69804298 -10.60168273 -13.53719175  -8.58214304  -4.31160204
  -5.15196226  -5.7824371  -12.65174958][ 15.09440604  -7.31859843   0.24128432  13.71575881 -10.69551377
  16.18302467  -1.99760784  12.59833429  -9.47584872  -6.8684224
  -3.78209304  -4.84994712  -6.92515555][ 15.48837059 -10.25707464  -1.34934292   9.19051244  -7.21006911
  17.25939062  -3.94404926  13.0342428   -7.43943661  -4.97041928
  -3.98427723  -2.6099443   -1.45875529][ 16.14839772  -3.63267862   4.20929826  13.18205539 -10.35524912
  11.96472722  -8.78308138   6.63605589  -8.74589853  -5.29533384
  -9.74865666   0.40127921   1.19978443][ 17.96979388   6.50795434  -1.92901661  17.81213184 -16.43613281
 -10.35768919 -22.52556402 -16.61088583  -3.98154274  14.73746424
  -6.78449035  -3.25007708  -3.71676742][ 19.2596509   11.80777061  -8.95471449  17.35258132 -13.48711589
 -17.68550057 -21.36241603 -23.60609159   5.54334576  17.48996479
  -1.46252106  -2.92470732  -5.21001132][ 19.65227808  13.34570841 -13.82786411  16.66657224 -19.87469263
 -19.40425978 -21.88541858 -28.25380398  14.00301986   8.3257907
   3.33550502  -9.32276377  -6.37219431][ 19.64838583   9.2136968   -7.61422188   8.58240037 -18.28284209
 -15.31812321 -23.10303595 -19.82992727  15.18296569   8.84627309
   2.90394012 -12.52054853  -0.98945111][ 19.34363003   9.92574154  -8.60003489   8.90396993 -15.35278103
 -16.43127141 -19.57928256 -23.74809213  17.48262049   4.75801424
   1.62219435 -15.35461948  -7.11052002][ 19.15117596  10.06192655  -5.67389715   9.8251923  -15.78835963
  -9.42159862 -14.07482011 -17.17126528  20.50135906   5.7100964
   4.5808964  -17.15329313  -6.23354182][ 19.11364215  12.24910423 -11.69010777   9.28957248 -21.8347152
 -10.70374388 -17.81203059 -12.6487281   16.59004524  -8.91506102
   0.10124623 -23.28843869  -9.10750375][ 19.06289765  12.89168221 -12.14779922   8.14193567 -21.39818385
  -9.67157305 -15.17333263 -14.26912204  18.10246454  -5.31671858
  -0.27596772 -24.35371867 -13.53525716][ 19.01944441  14.75917485 -14.60889004   8.47794846 -21.92961557
  -6.89098609 -10.54300823 -19.88982982  19.39526487  -0.06430866
  -7.34248446 -17.90524988 -14.62724399][ 18.86118053  18.15692939 -16.89369522  10.86202387 -19.61202235
  -9.23939654  -3.81058032 -25.03162448  22.8778798   -2.04690596
  -3.5344534  -16.36466541 -15.9811581 ][ 18.63145175  19.16813676 -16.72853532  12.9511521  -20.12944036
  -7.984704    -6.12198573 -24.11400851  19.75675606  -1.51030524
  -5.56564799  -9.95100208 -15.42799936][ 18.05021113  20.45159221 -12.23549736   8.95111074 -17.26445293
  -7.46171249  -5.60561428 -20.62557774  16.70805608   1.50079661
  -8.05227375  -5.60879071 -13.32130736][ 17.32797482  12.45878825  -0.98147671   8.15382787  -9.52353224
  -8.00194615  -2.15797594 -17.64480853  10.09443774   5.4318132
  -6.9636907   -2.80738531  -9.58427164][ 16.5656598   19.19065118  -0.22135575  13.66992282  -9.45092153
  -9.27020325  -5.03308168 -18.74239388   0.66314136  -9.82260758
  -5.96141804  -1.12501326 -16.0196221 ][ 16.41410239  18.95260992   7.73545311  19.78870744   2.29269242
  -3.02425954  -8.8874288  -16.87092373   0.99357132 -17.65894344
  -0.3806363    5.44243885 -18.8578318 ][ 16.56367993  18.59040921   4.47465463  16.14347373   1.47318995
  -6.04195001 -14.63099734 -20.09376164   4.35476633 -15.96493874
  -3.57492851  -2.54777864 -24.31688222][ 16.59898087  17.30392976   4.48510287  21.13654951  -1.22449509
  -2.5609727   -7.9208866  -24.96902585  -5.19383474 -22.71203474
   0.9635056    2.73740983 -26.37051481][ 16.57005244  16.51083735   6.01664943  19.414917    -0.6350735
  -3.40656007  -6.30619039 -23.88758436  -7.16720291 -21.68133192
   1.42829591   3.05769153 -28.10348531][ 16.47012707  16.52243718   8.55987932  21.08213636   1.10882405
  -3.27557292  -6.23270392 -23.37657876  -1.89999591 -20.36292328
  -0.42664711   3.89811483 -26.24182573][ 16.40698307  16.59807712   9.68673995  20.36767171   2.69533205
  -8.87967373  -6.35630392 -20.34184617  -2.25125453 -16.7961864
  -5.7607609   -2.56425221 -25.52936718][ 16.34841763  15.13408533   9.87901015  22.76402745   5.23285902
 -12.87391732 -12.22488721 -21.4915475   -3.61385865 -16.31116066
  -2.92207176   4.02141466 -17.02270816][ 16.24173191  15.70808676   8.45971219  23.64398948   5.52762387
 -11.22509548  -4.23756256 -17.71530628  -4.98469459 -16.72163453
   4.9144854    3.9104978  -26.21988657][ 16.10492474  16.17393571   7.62972049  17.03652116   4.49861215
  -8.16802493  -6.51348618 -12.43286506  -6.51844551 -16.88461369
   3.00395814  -3.53918326 -22.53529848][ 15.85710498  14.13589811  10.03680589  19.68566453   7.21800775
  -4.24658746  -8.36442793 -14.9380809   -7.8219851  -18.94233862
   1.74185938  -9.63651322 -19.91473401][ 15.65722851  10.99642762  11.9189677   24.69759413  13.26606539
   5.98459561  -6.81397256 -22.84467885 -14.0728332  -19.38975369
   8.17081809   1.22326485 -18.90984984][ 15.3889236   11.069436     8.29081915  19.3468738    7.06966221
  11.8321138   -2.38764508 -19.49829753 -12.30661097 -15.81158725
  -2.86653741  -0.96476506 -11.03136681][ 15.40566815  14.83966201   5.82224176  10.04473673   0.6102156
  13.92851235   2.13488389 -12.12361113  -1.98630531 -14.72343479
 -14.08026896  -8.92121821 -15.94059599][ 15.32406329  15.22497796   5.49601359  10.66872624  -2.45313714
  16.72983917   4.77662809 -11.29866444   1.49643741 -10.37081694
 -15.96185396 -11.22168068 -15.41246282][ 15.02587259  15.76557022   6.17936208  11.35914784   2.88754571
  15.16958343   8.09685094 -10.13241531   6.75892856  -3.41765497
 -12.48321968 -10.619445   -10.68243947][ 14.33805332  12.2815768    7.75774471  10.84921271   5.77838441
   9.90891033   7.61894796 -13.94036578   6.54413005   0.85988769
  -6.85308342  -6.89984601  -6.49941623][ 13.47348645   8.38142834   7.61547921   8.56528426   9.33439161
  12.27791642   6.92457893 -14.99525392  13.80062416  10.14963337
  -5.55875176  -9.28412685  -7.22872054]