[ 16.70357577 -17.23718632 -11.21620309   2.57348416 -20.89152654
  11.20158665   5.90375836   1.49795584 -14.84364027  -5.23662732
   0.84793192  -8.75105467   3.7756528 ][ 17.39694819 -20.07064621  -8.21578283   1.28996774 -17.20571415
  14.11100375   4.02906829  -0.68342279 -10.57226651   1.01266016
   0.91859726  -6.55590689   9.88493913][ 18.27066459 -25.07712951  -2.15773107  -1.6042007  -11.74576788
  12.8410698    1.89150542   1.87478674 -12.66484814   3.61470254
  -0.05589366  -2.55368895   6.33058729][ 19.56430106 -33.54877992   8.6657376   11.2247681   -0.12356449
  13.11338115  -4.01694409   5.69659342  -7.08281694   4.74442069
  -0.15844298  -5.88052235   7.23249685][ 20.95424232 -30.93674303  10.19365351  -0.28814506 -12.29739124
  13.77339903  -6.52404618   3.72583607  -3.75161037  -1.5152999
   4.24282124   1.58963447   3.88899571][ 22.10907836 -37.33199797  18.14703397   5.41264242 -15.66856821
  13.12384025  -5.64078049   7.35537679   1.56701777   0.99467426
  -4.97063266   1.69966758  -2.88116646][ 22.39259721 -41.29869022  18.47028112   9.87218452 -20.72921804
  14.9463599    4.15277721   6.25365512  -6.47427484  -0.57277753
 -10.06646432   0.99745471  -7.93138571][ 22.31282784 -44.21095278  13.15266484  11.63427723 -28.77221824
   4.68627579  -0.70447065  -1.04651366  -6.30748947   5.73574895
  -6.06848731   4.1498384   -7.28968626][ 22.25864699 -41.93544253  13.90801278  13.49398195 -26.65220445
  11.40820444  12.83855617  -4.2008393   -9.28429486   6.29668736
  -6.5125897    6.47451595  -8.27709389][ 22.55165842 -45.25593433  10.17908951  19.30169334 -30.223579
  -2.83617641   0.48306235  -8.3033286  -15.21414076   5.49099507
 -10.33901515  -1.39180037  -8.59937962][ 22.8777897  -43.40822899  10.82655914  21.55383668 -29.71318597
   3.76218249   2.57991976  -2.22434797 -12.90324121   9.64862664
  -9.83704262  -1.71771561  -7.93619977][ 23.27766398 -43.77319133   7.54413512  24.53165665 -32.14731888
   3.58718267   6.36574201   0.89820258 -17.57669216  10.03681534
 -11.46116778  -3.51214125  -8.31681194][ 23.35999594 -41.90606889   5.26666714  26.69334686 -26.56935916
   5.22432318   5.51545487   4.68066717 -11.39453059  23.04213329
  -5.32355954   1.26708306  -4.55357219][ 23.36324624 -38.3577893    2.38366157  22.8931358  -24.13012166
   3.01851189   1.25019886   2.13508437 -17.27261688  16.47695587
  -6.88673901   1.53383161  -4.22976244][ 23.3338714  -38.18726062   1.96417817  24.05410991 -28.0122692
   0.94900423  -1.98918073   3.72333993 -19.79628446  13.07826532
  -6.61317623  -2.78601394  -3.97445466][ 23.27178179 -41.10489798   0.50861583  29.48997294 -24.65153113
   1.90251402   1.6270627    6.67210641 -17.04441887  15.74299183
  -8.45231289  -9.10024296  -3.12297949][ 23.29039218 -41.30288408   3.55728087  32.93053067 -18.37791659
   1.80793085   2.48667063   7.20392039 -27.55626405   9.49181231
  -5.492961   -11.7847046   -2.41029834][ 23.13411931 -39.79472534   2.19948944  36.11466547 -15.96696442
   4.10888388  -3.9907514    5.94871976 -23.66302034  11.17094142
  -3.52468847 -11.03808319  -8.61947355][ 22.96797581 -37.10932393  -0.92101893  27.53295904 -19.27349864
   3.28334128  -4.70631178   6.72326178 -25.50841087   7.18481753
  -7.83066886  -6.69887174  -6.28169288][ 22.64952249 -38.39802309   1.18290951  33.10888614 -13.77587228
   9.90848922   0.53512529   9.86366013 -14.71185641  11.96769552
  -5.34662746  -3.67996866  -2.50281526][ 22.29899181 -36.52235445  -0.24373789  28.50936403 -19.95325111
   3.75411997  -1.80412867   5.21503242 -20.37921158  11.13722203
  -9.92212522  -1.14618979  -6.82895374][ 21.64422258 -32.77244222  -1.63510034  26.00082921 -18.55770876
   5.97023571   3.48659741  12.58997114 -14.50750657  14.13699171
  -6.23933379   0.16309803  -6.51221627][ 20.95273894 -21.06101185   6.05149225  28.33398661 -19.10831631
   1.18260084  -1.4222565    5.00534    -16.57536082  11.90494089
 -12.74837015  -4.03254286  -8.63154934][ 20.45804579  -5.09815256  -4.34327797  26.31957758 -19.96384281
  -9.35057162 -20.75873066  -8.16238163 -12.34631067  20.51336081
  -6.20377071  -7.0572395   -4.57570843][ 21.48208936   2.00673625 -23.22546852  30.08738888 -24.08017373
 -20.98723964 -19.95646236 -24.74199143  -5.75396503   8.60810302
 -15.47717882  -6.71066308 -14.22025875][ 21.78460807   5.9195331  -29.80394002  37.49301744 -26.86348215
 -23.54382211 -16.24917066 -33.49119303   5.09926408   4.49411867
 -10.61895345  -3.54438476 -12.80473947][ 21.87165954   8.46020412 -32.31426155  44.86625742 -28.3020001
 -23.12433211 -14.80594434 -34.81668492  13.79828148   1.42809066
  -7.08854886   2.40798672 -12.27346729][ 21.90440554   7.70514823 -30.37699444  45.76496705 -26.24816958
 -25.60761946 -11.96499033 -38.81125229  20.4498079   -3.38454219
  -3.26427521   5.24097258  -9.44785812][ 21.71050431   1.89771193 -23.16261736  36.98569398 -28.81533632
 -22.57211878 -19.19007474 -22.47117854   8.17398467  -6.48979936
 -10.02775927   2.28569867  -5.93246989][ 21.58044829   5.83504679 -26.11054698  42.15660244 -27.64746945
 -27.45397009 -13.22038284 -37.07797337  19.14419025 -15.1355876
  -4.85828536   5.10387341 -12.35224464][ 21.44621195   2.72402656 -21.58175123  43.88271949 -25.11097069
 -29.47424142 -17.73283012 -31.71757373  16.55680749 -13.68015182
  -6.6922019   11.84816483 -10.59257671][ 21.20294402   3.33777139 -19.81098508  46.36042551 -24.07053529
 -26.83306419 -13.52765403 -22.02931562  20.47210407 -11.29201923
  -1.95296093  12.37106024  -9.87134391][ 20.80953732   3.29400957 -19.12172826  45.93347394 -28.03058421
 -25.36352146 -10.77276338 -17.65135621  24.0708776  -16.91589553
  -4.14540649   8.56044384 -14.33245284][ 20.16928747   4.59291029 -17.04618509  46.79965705 -28.97776065
 -21.27860118  -9.41898361  -8.82875669  26.1297845  -17.5629228
  -5.58057831   3.57552586 -12.93245572][ 19.53680126   3.905324   -12.65894387  44.32911136 -28.76836981
 -18.91788263  -2.06953713  -6.95625753  26.44147627 -20.82978691
  -3.04875774   7.82257035  -8.91064374][ 18.1919342    5.00521739  -4.26405009  35.61998012 -25.67532297
 -16.39330143   0.34648026   2.03612458  23.12355133 -23.42854209
  -2.00047792  10.47646623  -7.21832393][ 17.83589363   0.08136093  -3.75960135  38.88757087 -22.58852927
 -12.06002331   4.52986875   4.10729694  21.78443632 -21.37932
  -8.64338268  10.52501324  -0.76077753][ 16.78682238  -0.44883117  -3.85186508  30.92017541 -13.47563003
 -10.52183306   7.57618947   9.39378968  14.59427812 -14.81063073
  -7.4184428    8.11009599   0.1566008 ][16.10632283 -3.1646877  -8.42758372 32.72079874 -7.70240706 -8.33692063
 14.50562406 14.48396902 17.96205585 -8.96420512 -7.60184355  3.80391932
  7.53925544][ 15.09805334  -0.43830108 -11.26795479  28.73527304  -2.09258262
 -10.97945534   6.20180327  11.89576195  17.37554369  -9.80641189
 -11.30661908  11.01475571  17.56605909]