[ 11.66097929  11.09099876  18.10874083   3.81608021   3.60258123
  -2.20258481  -8.61883909  -7.8831643   -4.64739164 -12.72324754
  -3.98976365  -6.72059215 -11.04399301][ 12.59545447   9.86284798  28.72516799  15.10624625   7.13260774
  -2.11642048 -11.25155939  -6.53054152 -11.9725783  -18.33754992
 -12.85434503 -12.81368442 -12.57713015][ 12.97914689  13.41818106  29.9754473   13.45187469   8.58956563
   2.57837216 -10.51678468  -3.15999758 -10.11203851 -13.53486234
  -8.44763942 -10.2054711   -9.51736861][ 12.95242737  14.46538472  27.27100315  13.5283835    7.53336148
   1.94131134  -9.16546728  -9.95597943 -10.7075698  -11.91690439
  -6.31633637  -9.95640387  -8.10065279][ 1.30132852e+01  1.39046684e+01  2.76350030e+01  1.47900641e+01
  7.28748374e+00  2.67828133e-02 -4.26586924e+00 -6.07892597e+00
 -1.40989681e+01 -7.23835977e+00 -9.48123707e+00 -1.08703105e+01
 -1.22072449e+01][ 13.00019377  11.92287971  26.83755337  15.09467751   9.18364047
   1.72960359  -6.28851636  -8.0893296  -12.23749449 -10.77549474
  -9.07399663 -11.93585776 -10.68254094][ 13.03770044  13.68243381  28.84184102  17.07989397   7.82595955
   5.18646639  -2.80829797  -8.86698358 -10.17266326  -3.02603485
  -2.6021677   -6.32707808 -10.49235397][ 13.07510022  13.64785646  24.79357044  11.83380755   8.48314534
   6.22098672  -3.35390478  -8.32546352  -8.75309296  -9.25787227
 -13.04765722 -10.17913629  -9.52876529][ 15.63099761 -11.13741405  12.61370137   5.64900692   0.05258372
  11.40730522 -11.69422074  11.74838338 -13.92922214   9.81220844
  -0.75358225   5.48518149  -2.15792018][ 16.96993172 -14.23802916   9.80218604   4.80747329   0.22174375
   4.76800282  -9.33023973  11.58423958  -5.66295703   8.54042203
 -17.0893509   -6.15589947   5.71126665][ 17.94690506  -8.54569715  17.52364274  10.98805588  -4.15523109
   1.07357554 -16.1511501    4.48772266 -15.79999901  -1.02864941
 -10.98045991  -9.15894818   5.78656704][ 18.0966057   -4.78638614  15.57890515  12.70969348  -5.32582343
  -1.80672472 -22.95122713  -6.88297336 -11.35499912   6.17224999
  -8.71391581  -7.55622394   8.11017923][ 18.38100959   1.5834639   17.23003275  18.33849386  -1.42511773
   5.32361427 -16.43260377  -9.55540197  -9.92852694   9.30300484
   3.7123571   -7.64266302   1.43253036][ 18.32391246  12.20409961   6.24009325  23.85792654  -1.85088109
   0.6080014   -5.92495924 -18.39963379  -7.67158051   9.55224588
   1.1301335   -8.59051951 -11.56611579][ 18.26469944  15.44943247   3.43364053  22.01774162  -4.81955583
  -0.96192222  11.11457682 -10.30480181  -8.22733031   4.97019516
   2.47754358  -0.31799342 -17.31561083][ 17.72905987  13.18174896   6.49492684  21.30816261   0.42362817
   2.73321286  11.56139097 -20.13072388 -17.17010605   4.46633812
   1.69580385  -3.61583058 -24.22084084][ 17.42822326  11.12952964  13.94717684  19.87945543  -0.3255818
  13.83708262  12.38588703 -13.49378829 -21.10130156   9.26338137
   5.06779791  -5.87678433 -20.76994381][ 17.1246693    7.70320365  22.31496586  15.91167718   3.83273726
  15.56125312   8.47118525  -7.37149161 -15.00642674   1.50962734
   0.58331422  -0.65963754  -6.52831294][16.68085884  4.36375409 21.22793213 19.78668067  5.4211327  11.61040968
  2.61026207 -4.90765088 -8.86886453  0.17482917 -6.33614861 -2.24038241
  3.24590381][16.29341901  1.37304806 19.20512048 18.99232022  5.27960699 18.1326761
  8.56878499 -6.3199316  -8.47343032  7.80982016  1.66005507  3.96763965
 -3.72445486][16.00422461  1.11656174 16.20555861 15.05027182  0.08904203 18.20729521
  6.10069293 -7.91930968 -3.06337394  4.20071787 -0.87859199  9.17070144
 -5.85095209][15.9360911   1.51128494 19.36451654 14.85975526 -4.05978717  9.55263156
  5.4700068  -9.64917304 -9.70896022  2.07004793 -0.41572885  5.81478582
 -9.06090807][ 16.61979506   5.00179745  17.25613097  17.08582186   4.99470542
  10.90947069   4.4738879    3.73084541 -10.23127118   2.6850064
   0.72737929   0.1993966   -5.97439769][17.27113344  7.66838521  8.40096453 16.73297716  5.48611391 15.47058104
  7.57601396  0.94244112 -4.42112575  5.40698769 -1.95655946  3.14416905
 -8.99119037][ 18.29929754  18.36722416   3.45277516   8.67921913  -5.8843164
   7.48710632   8.11434788  -6.39938705  -3.48709485   2.04449913
   2.14027396   1.64647186 -11.81280511][ 18.82802835  19.74900048  -4.26657825   9.25751108 -17.70111783
   9.25788405  12.34862999 -11.58231597  -2.47179006  -0.13191032
  15.96740302   1.73359691 -18.98725324][ 19.21635803  19.53517657 -10.11499024   6.2309237  -21.75126716
   8.4005011   12.13458176 -10.39662565  -3.6081787   -0.05382498
  17.50262887  -2.25848392 -23.46574279][ 19.63114537  18.81469003 -16.44459744  -0.1654219  -28.37489549
   4.31331102   0.74020494 -14.18738322  -6.41662393  -6.7517888
   3.54174139  -3.50911448 -27.09498163][ 19.60704996  16.75546388 -15.24877407  -9.11046434 -30.87339779
   3.98279072   8.12574771 -12.26245579 -10.73504408  -9.01390261
   0.29593229 -12.88656296 -28.45330516][ 19.56078408  20.59668407 -17.06776495  -6.37070788 -35.33748996
  14.98353163   7.5340562   -6.63301069 -15.9500762   -3.05652161
  -2.07107499 -17.36274938 -20.32019335][ 19.51975836  19.80174925 -15.37762899  -6.75516686 -36.9230147
  21.27289623   9.62857005  -9.82905918 -12.53079995  -3.4682191
  -2.65211326 -19.64417918 -16.11418086][ 19.59076986  17.04119016 -14.96818569  -8.29954677 -29.50074588
  26.96582024   6.69500552  -1.95988122  -7.130771    -8.23257588
   3.50007206 -13.89996847 -14.35637442][ 19.24637054  14.10897554 -16.27250607  -6.29029643 -37.90214899
  29.82881565   0.85079551  -6.10633459 -15.19858418 -13.63318348
  -1.17644658 -18.28655727 -15.16652181][ 19.00810875  13.15040682 -14.04182074  -2.40902249 -36.17606139
  30.33233538   6.08393708  -0.17909165 -20.38520253  -6.68348165
   5.94676666 -18.46226385 -12.61876059][ 18.81071229  12.0934372  -12.52378205  -2.00743434 -33.06803857
  26.64609297   8.97049127   3.62175624 -23.84640727  -0.15057269
   9.13602781 -19.86304771  -7.9611129 ][ 18.20584105  11.17596021 -12.86991298  -0.33792877 -25.11036262
  20.84932522   8.28208652   0.89264339 -22.6645948   -2.75406928
  -1.11394909 -13.21784432  -8.32868079][ 17.93055699  11.85518421 -18.06255126   7.33990301 -26.30691758
  23.68230168   5.70044253   1.11213937 -24.29573672  -3.856264
  -2.62088062 -16.58470843  -3.16674539][ 17.51859512  11.67658933 -15.00859432   9.61962838 -24.28741141
  28.62902362   1.19855093   0.6344391  -20.22576777  -1.38614936
   1.0014991  -16.14064807  -4.97295366][ 17.26151509   9.0898871   -9.87254423   5.80233759 -19.78868627
  27.2920102   -0.76113561  -7.47405634 -15.77673298   1.96768923
   1.38527852  -9.85920835 -10.44727191][ 17.02377238   6.47013305  -9.38584956   8.50485752 -15.43893132
  32.40785482  -1.91221579  -9.62630749 -20.2268701    3.87672811
  -0.59225053 -11.61364633  -6.69611652][ 16.75630041   6.98215058 -11.79318056  11.43140987 -11.92348888
  37.4616264   -2.40524315  -9.1206951  -24.03341874   5.15376997
  -1.51130304 -13.04689866  -3.51128525][ 16.22859358   7.02075023  -8.90722265  13.03499618  -4.46375004
  36.15326973   0.2573837   -9.0689082  -21.20515157   7.86024686
  -3.01098738  -3.51752377   0.53257598][ 15.84804146   5.50210978  -9.35925638  16.66127819  -3.67894392
  39.50694529   2.22669451 -10.35899287 -24.98119881   3.13729222
  -1.27225103  -8.9951254    0.36756204][ 15.33310184   3.08494228  -5.31554643  16.68292948  -6.10441939
  30.71045373   3.53072453  -1.61040663  -6.84429093   7.68225681
  -3.92987609 -11.95765636   0.03262859][ 14.8025274    2.49875999  -6.31015486  16.4475241    0.15965164
  32.37336789  12.88333099  -5.25899006  -8.27006205   8.54110417
  -9.61077774 -13.43129127   1.39489681][ 14.19924095  -0.34871171  -8.52901806  12.82911249   2.79004144
  35.02102834  16.61591611  -0.92675858  -3.18828996   9.6927939
 -12.73926886  -9.83295618   1.6154314 ][13.61650117 -0.06772741 -9.62560869  9.9411628   1.87632129 39.51258493
 20.89813857 -3.365351    4.90811851 20.17416357 -4.73613973 -9.70382652
  0.5375043 ][ 12.82984201  -0.8568148   -8.69377213   7.05696331   5.81844857
  39.28379539  18.56107008  -3.04301187  -2.56406746  14.71911306
   2.80438578 -14.94943861  -1.2461778 ]