[13.79408246 -1.47656879  6.30954248 22.30288686  8.98800431  2.93383787
 -9.3887511   6.21346523 12.24522023 -5.41181534 -8.05855793 11.98580345
  7.6695141 ][ 1.80211638e+01 -8.93375169e+00  1.13857985e+00  4.07994885e+01
  2.43357019e-02  6.04734678e+00 -2.01039694e+00  1.02795003e+01
 -9.54213038e+00  6.94218364e+00  7.65704234e+00 -1.18554463e+01
 -5.28297876e-01][ 18.96354    -12.15976348   7.4607639   36.95928071  -9.01794322
   1.607559     1.58560545  12.49491411  -2.48953412   0.70212287
   5.5871152   -6.14935358  -2.94973198][ 19.30911473 -15.2331125    8.42898575  34.74293433 -12.16278117
   1.52521452  -1.42509138  15.41125505  -2.81765103   4.45067916
   9.82740331  -5.29074763   1.01474203][ 18.81584437 -18.08908896  12.83087811  32.50717069 -13.44497653
   3.94366347  -0.43248875  14.18454698   0.10009613   6.29684119
   7.1050264   -3.47358344   1.98902186][ 18.26577734 -16.7332486   11.45073509  32.6542051  -16.77328291
   6.91893544  -3.71540548   8.73781931  -2.51591227   7.81074983
   5.96619804  -8.00859301  11.31727813][ 19.39310586  -2.45249768  -3.32687515  44.98790707 -19.23122626
 -20.7553589  -17.16333667 -12.99103241   2.56201219  -7.96973827
  -7.29963254  14.51953917   1.74930702][ 21.23355071  -2.66037296 -11.94504726  48.04182631 -30.54894686
 -33.51245494 -14.43796866 -31.99441185   6.62856511 -15.61519353
 -12.26221261  13.1186922  -10.76678736][ 21.46148133  -3.99919527 -13.62622803  38.79862438 -36.64268728
 -42.19548417 -19.17001177 -36.77042625   0.90425827 -20.13571308
 -14.3243554    9.47966546 -11.26412321][ 21.60298305   3.548344   -18.46806128  42.15801437 -32.06629684
 -41.16272274 -15.14680851 -36.07617937  13.8909112  -17.64116385
  -8.08276548  12.49055175 -10.64720561][ 21.5579087    2.4795245  -16.28964806  40.66125645 -27.91660615
 -35.89837728 -19.86089969 -19.37349051   9.63847669  -6.90798157
  -8.16175981  20.41533581  -4.07457632][ 21.87815549   0.30253438 -17.75681746  36.99617674 -28.44389427
 -33.22399012 -16.2389531  -14.17976075  16.59068952  -6.06975696
  -5.09266449   6.05685713  -6.48081502][ 22.07517902  -0.99838818 -27.48042908  28.98344956 -31.86704727
 -30.23046806 -12.54342397 -18.09156222  21.97269532 -10.83281635
  -7.60302967   3.59392781 -19.23570096][ 22.00218764  -0.28872631 -26.26042658  31.69872377 -29.5252995
 -35.04635061 -10.46873316 -16.85438297  34.35052203 -13.4892948
 -10.90044739   1.32465915 -18.33906192][ 21.98477921  -0.92899274 -28.34635473  23.52381909 -31.74056083
 -35.29530965 -16.37799948 -20.39482121  22.39218103 -19.08499364
 -22.76404602  -3.54711659 -22.00630906][ 21.66965002  -2.66832635 -24.16648193  19.59425839 -27.82313786
 -30.72584954 -16.84846648 -17.03091893  18.76894981 -13.32346479
 -23.52128733  -7.25106848 -20.05019053][ 21.33523844   4.96544809 -28.58546912  25.53399004 -24.6379312
 -27.8281469   -3.92399222 -25.83380728  28.43021023 -13.92505555
 -18.75913561  -2.41684977 -20.67693609][ 21.04697692   7.36909465 -24.29886376  25.91906271 -17.7832745
 -21.1184735    1.52298359 -23.04967035  26.39181945  -4.97792326
 -16.06605112   0.44425946 -16.20455462][ 20.59943745   5.82461592 -23.7664278   16.11456981 -19.11599909
 -17.75627628  -5.61405637 -30.35011941  13.79283571  -2.97670616
 -21.39163587  -6.45723366 -19.44716232][ 20.08133384  10.41393107 -22.38107703  12.95475549 -15.30912371
 -20.38407074   4.26936317 -39.48823467  12.63043287  -0.7475942
 -20.14262549  -4.45998971 -21.40621964][ 19.66338683  14.20144158 -18.82745041  13.3622258  -13.68710543
 -19.02919855  12.64591943 -42.49910017  13.93897418   1.0625737
 -14.38590075   1.94944141 -22.90266748][ 19.4177191   15.03161958 -16.73458795  11.10839231 -14.76616458
 -15.93650129   8.94876497 -41.68402262  11.65969923  -0.487509
 -12.50950646   4.13983029 -23.15483792][ 19.068746    12.27709252 -12.01537818  10.27233338 -18.25636091
  -7.82451861  -1.57370224 -31.51574546   5.43737006  -2.90709716
 -14.01159113  -0.32551968 -17.35666859][ 18.78347191  15.51402115 -14.01310305  14.37342273 -14.64715861
 -11.51103625   4.21837848 -43.47711821  11.34434665  -6.07854333
 -15.59106157   3.40412844 -24.41146229][ 18.33019785  15.07575628 -13.8586046   14.5630517  -14.76686253
 -14.30984007   3.80973418 -46.46257103   9.68878723 -17.27651649
 -16.4332065   -3.54260243 -23.01471071][ 17.74575123  16.15533186  -5.27897244  16.37650949 -11.3929794
  -9.19842103   6.53632585 -35.95097627   7.70305399 -20.59239461
  -4.72570063   0.80424429 -18.43133982][ 17.17322405  15.58613448   6.35765899   8.4290029   -6.98208698
  -6.43881575  10.95041831 -14.32431385 -11.05943281 -26.84674509
   5.09922152  -1.14332924 -18.92322331][ 16.78317031  14.65979858  11.49650585  13.42536251  -4.35036644
 -11.95634687   6.67872728 -24.59586659 -15.22116145 -35.19367815
  -2.13607928  -6.16650664 -18.15074599][ 16.25694772  15.28820288  15.56820643   9.69009607  -2.17402275
 -13.89508461   0.86572496 -18.09558271 -14.38680158 -37.83168664
  -9.23470902  -4.73374505 -17.43499975][ 15.27500843  14.26052595  15.20879824  14.0927204   -1.75260858
  -9.63214948   4.13771968 -14.30877279 -11.46568399 -23.81108212
 -17.41778864  -7.28813686 -11.53886433][ 13.04236151   6.14351493  11.27684307   6.49854879   3.90225201
  -3.34266733   1.72340609 -12.89513824  -7.06825555 -13.32412954
 -20.5296301   -3.98266353  -3.53758529][ 11.65819289  -6.9208644    3.66801392   3.79018124   2.33626124
  -9.08970632  -3.19411647 -10.53150699   0.06349396  -1.34826453
 -11.30495412   0.24387407   3.12013793][ 17.05144198 -26.15450019 -23.46313069  15.20975184 -21.18144792
  -1.69311531   4.50218445 -13.51011422   1.20071168   1.39835435
  -8.50715296   4.55507867  -0.76632166][ 18.05174478 -27.0596651  -15.54919767  10.01864925 -24.45499596
   4.27844622   5.3116827  -12.24288987   2.25613169   5.39138552
  -5.88983405   7.01719676   6.16151463][ 20.78880357 -34.38090373 -12.12830817   5.94056033 -37.85816892
  -1.03533371   3.56605037 -23.656776    -2.81111736   3.03311497
 -14.08783854   4.10103963  -5.042586  ][ 21.91948344 -37.82548254  -2.70008118  10.75836967 -30.62055194
   3.06191846   9.9277639  -19.83326138   5.47608757   1.28530917
  -6.79257557   7.23792643  -2.86698348][ 22.10772445 -40.41008458   3.57084532  17.57854058 -29.28457963
   0.33698221  14.24762305 -16.74319956   2.76008005   5.25893626
  -6.0934919    5.26254411  -1.27530385][ 21.87688736 -32.64678868   1.73060594  17.13074064 -21.59881475
   1.45911929   9.50781152 -13.35931857  -3.36173014   3.90721169
  -6.45482925   2.59323529   0.67842058][ 21.50277967 -46.5548225    4.65224786  23.59953414 -27.21256984
  -7.31783196  12.35123166  -8.31969995 -11.30466957   4.87731414
  -1.06068387   0.93196979   2.8861411 ][ 21.42633745 -42.25880187   2.80631373  24.73875259 -23.75165035
  -2.60042605  17.3596064   -9.11541936 -10.20897974  11.09080376
   2.78999789  -5.37602409   1.18672606][ 21.30612951 -41.24479337  -1.38722113  22.91844603 -21.91874618
  -5.50407297  19.21779059  -4.51760611  -7.5130275   10.54479777
   3.43428726  -4.28374001   3.49044953][ 21.00446723 -44.55445496  -3.40053726  22.08860285 -21.358306
  -7.16373582  15.89843132   2.18642729  -2.52964004   5.01322602
   0.92792697  -2.49954285  -3.7556655 ][ 2.10091536e+01 -3.58152803e+01 -4.96443488e+00  2.32839251e+01
 -1.59415985e+01 -8.55727460e+00  1.85313615e+01 -3.53457784e-01
 -1.20402528e+01  1.91406665e+00  1.99869157e+00 -3.62812637e+00
 -2.29697107e-02][ 20.81429129 -36.3091562   -7.00291597  27.37187704 -14.80300805
 -11.22005596  20.11870482   0.34123739 -16.20618996   2.80269997
   6.39205236  -7.83634076   1.70070756][ 20.53406846 -38.99822412  -9.38024219  31.1710083  -13.21650573
 -13.33198006  18.34953047   3.54046532 -19.03616928  -3.55833368
  10.45261034  -3.29925535   2.45186825][ 19.54603216 -33.6777395  -13.81094901  29.12076051  -8.83555562
  -8.63600273  14.49790277  14.98193015 -12.3532173    0.96541025
   8.88479452  -0.86883103   1.89438196][ 18.82361229 -24.84786681  -8.82017524  31.33158093  -3.2145178
  -9.33585486  20.26056527  17.8799362  -16.30782832  -6.11818514
   3.79724311  -3.87598333  -5.90953757][ 17.57993222 -16.02895264  -8.50594466  29.33996146  -0.41845881
 -11.32901437  21.22508126  21.71696549 -16.71139915  -4.9803736
   2.67259689  -2.51993054  -2.65745063][ 15.74753912  -9.93556091  -8.71774472  31.08171461   8.77954049
  -9.01778766   8.344124    18.26373741 -10.27836864  -8.73620353
  10.79469476  -2.88411796   0.5450389 ]