[ 15.20179667 -11.47050833   6.01717698  37.98975185  -8.16963642
  -8.32732187   4.67567454   1.5647537   -2.26191567  -1.52647429
 -11.78903909   3.46744046  -2.75546949][ 15.57206238 -14.47692393   5.90366487  37.73040136 -12.09916589
  -0.3051452   -2.23025663  -4.55310677  -6.87776051  -0.8800031
  -3.49318929   6.25328427  -4.43203851][ 15.66960826 -15.71898271   8.59536328  33.85901267 -16.84517843
   3.48388882  -2.12376182  -0.59281159  -6.86813618  -5.52002069
  -7.02640962   5.64017004  -5.08708632][ 16.05262779 -15.89924566  14.2425893   40.62939768 -15.53809938
   3.86025525   5.01695264   1.22283134 -11.63145089  -5.48021418
  -3.73007622   8.72331789  -5.36548673][ 16.80042429  -9.1722404   16.71496637  42.05619447 -15.23292488
  -3.93677084  -2.04519336  -8.38165397 -14.18949836 -10.36375329
 -13.45741907   8.53591204 -11.76146162][ 17.68582621  -4.92364214   9.75631576  42.05251272 -16.24326403
  -6.54861163  -1.2523575   -8.33936283  -7.04869094 -11.03852521
 -22.63832217   9.15838779 -11.8583483 ][ 17.96870331  -0.89292342   9.71596746  44.96262961 -20.92899702
 -15.13960651  -2.00158489 -21.64948419  -9.62102676 -16.77455108
 -24.07783576  14.15746732 -14.17746212][ 18.06422119  -1.34694825  14.07598886  54.63582197 -16.22044796
 -25.80141733  -6.82571957 -21.21631369  -6.67607685 -14.99185994
 -27.35171446  16.68257485 -12.896122  ][ 18.38330957  -0.32591639  10.04754585  55.05156934 -18.77761474
 -25.87811571  -8.82239533 -22.51941722 -10.63117282 -15.15594586
 -27.54383887  16.67642697 -15.07378152][ 18.9187608    2.76928384  -2.07584573  39.72389365 -15.68603105
 -16.22921602  -2.08016467 -19.40835559  -3.30454146  -5.21436599
 -20.33506419   9.43030181  -9.23614128][ 19.34718576   2.52205764  -1.21786042  47.29045317 -18.77059199
 -27.10084912  -0.99325338 -26.76405913  -9.9633121  -10.09288208
 -24.04825823  22.01038901 -15.05599691][ 19.75224029   1.90061887  -0.41257505  52.76206803 -16.42462407
 -33.13786282  -5.66637295 -26.8113142   -7.82387236 -14.84542375
 -21.98294055  24.3276947   -9.37153145][ 20.11193583   3.95159289  -6.97044054  54.92941566 -17.7598549
 -35.03971969 -11.65270077 -29.40601782  -9.57211542 -16.33837177
 -18.70522991  26.73611263  -8.0808287 ][ 20.71892763   0.58785435 -10.04358909  34.03297777  -8.27999411
 -17.91402698  -8.2443807  -25.14221765 -14.17621742  -7.92673047
  -5.64738062  12.91013062   6.33389012][ 21.12993921   4.18798824 -16.29465356  45.69918664 -18.79673635
 -41.64304709  -7.91497906 -29.91775201   0.3681784  -16.18657735
 -17.7847174   18.4701713  -11.13989439][ 21.18115068   3.08530435 -19.05581756  39.64026583 -23.24841812
 -46.76268946 -12.0346713  -29.87339783   2.69832329 -15.93847716
 -18.35826796  14.75661422 -15.51687422][ 21.17246473   4.08509528 -19.79141144  39.14194935 -20.87837876
 -44.17591518 -10.41477298 -24.22465097  13.31873304 -11.04318536
 -15.06909668  12.91661777 -14.63116348][ 21.36134027   3.0981177  -20.36287335  27.88990412 -16.49570953
 -39.87316325  -9.56011189 -22.41943145  17.54568535  -9.90699115
 -10.51726158   1.22298457 -14.52207089][ 21.22103096   4.81862771 -23.29279694  21.23708346 -16.97553071
 -39.8997044   -9.59394693 -23.66518001  23.94406824  -7.28665037
  -9.89456069  -0.14031524 -19.16763069][ 21.26375421   4.40484227 -23.69750868  21.7154118  -18.78749587
 -36.57775477 -12.6114483  -21.24175899  25.04379948  -5.62880453
 -12.29846233  -1.79366403 -21.84714431][ 21.2441614    5.78958499 -22.20950633  22.81687314 -18.54920643
 -29.32198273  -9.68349247 -18.97250215  27.14381361  -1.39001192
  -8.29160368  -0.44962185 -18.13362852][ 21.26381811  -0.58721093 -15.77329902  13.07101108 -18.61965626
 -23.63311829 -15.56564453 -18.43908351  19.54136371  -0.57604234
  -8.43251666 -13.27028365 -14.95290361][ 20.82219427   7.00214724 -19.73686112  18.84813994 -19.35918253
 -26.61486302 -14.08917558 -29.25790657  18.91732567  -0.28004697
  -5.57914767  -5.07425255 -18.78294029][ 20.28034411   8.77959485 -14.38729758  21.01540472 -17.81071045
 -21.99595677 -13.17067921 -30.19167971  15.91811352   3.70249285
  -0.65650734  -1.67987352 -14.17595096][ 19.44963366  10.31518865 -12.68683734  20.65139082 -19.75372618
 -22.02518436 -16.48840498 -37.01142905   8.38936455   4.91198106
   0.17183624  -3.8419382  -17.99442978][ 17.37068711   6.09836598   4.83090857  16.28388101 -15.87932364
  -7.09915094 -10.6656152  -17.06885621  -0.01836596  -2.76070133
  13.12511012  -8.09208958  -8.47558526][ 14.17671666  12.61679332   6.67859222  20.41614621  -1.71944451
  -9.31731926  -8.47007174 -17.04049499   6.44017285  -4.83898315
  -9.82773298  -5.65588512 -10.42016116][ 13.87552119  10.85648141  11.7103262   28.90633672   3.05521812
 -13.9533261  -11.17786744 -12.88922672   8.63644518  -1.71648746
  -8.51511803  -8.20398997  -4.43689048][ 13.50120486   8.56097397  15.50339558  26.96435391   3.76744669
 -13.60115378  -3.80634727  -6.38065458  -0.24111762 -14.40156731
 -10.61682449  -6.26722884  -3.72867372][ 13.20803976   6.35940283  15.53709502  28.02497442  13.16334704
  -9.43379421  -8.03716024 -12.54840391  -2.31385109 -14.00378658
  -4.67791572  -9.9574293   -3.05580681][ 14.76971557  -1.66691121   3.85646312   9.37817143 -15.75713839
  13.1323302  -10.84645443   0.29134181  -9.49775776   7.44035637
  -2.51192991  -7.44593824  -3.67179006][ 16.6235229    6.11533751  -0.78582454   4.99787106 -10.18497902
   1.39984824 -16.98644194   5.64117492  -9.98476383   5.59177256
  -6.24473875   5.00859483   2.82566294][ 19.07442702   8.14093117 -10.04258197  20.94820913 -21.56703819
 -19.93930532 -17.27634846 -22.21233317   2.93078406   4.6076192
  -4.70422173  -3.09279155 -10.07168697][ 20.06160536  10.50002451 -14.9134284   22.32505496 -28.06564419
 -21.55798925 -14.30759745 -32.01990044   9.01994337   7.88218676
  -2.46887274  -6.25565816 -12.51384713][ 20.55220172  11.56000301 -17.15195911  24.39434017 -30.44762978
 -21.75541251  -9.00459082 -36.38361966  18.50285579   8.05879623
  -1.27156174  -4.80902052 -15.11403741][ 20.72433122  10.77163972 -18.14243952  23.35523188 -32.20486429
 -21.43383887  -7.93110355 -31.60168788  22.11458138  10.09133441
  -2.29813076  -4.18196876 -15.8106237 ][ 20.62228477   9.15399688 -19.75722219  16.0827142  -31.5749242
 -13.63554205 -11.34075327 -23.39154389   6.61384315   2.28373905
  -5.4078163   -5.70775632 -17.30171336][ 20.60451286  10.19125165 -20.82399632  18.01836759 -28.06888438
 -23.41767093  -2.20578425 -34.15892998  19.87314164   2.275803
  -4.27620996  -8.50442074 -20.41232996][ 20.58083292   9.05624384 -21.45095891  15.49988639 -28.68165477
 -25.13604347  -0.92037865 -36.19540631  18.8778285   -0.60203695
  -6.43919022 -11.81503285 -28.00048031][ 20.50562635   9.83018059 -20.76184117  15.78464178 -26.3032185
 -20.8993552    3.07820802 -30.4362157   22.02035188   1.38514145
  -3.44948601 -10.22584872 -24.54448456][ 20.49506813   9.3794332  -22.03645972  15.22158341 -26.31374111
 -18.95377625   5.86969289 -29.61241235  23.89586098   1.4618034
  -4.47019405 -12.12508347 -27.96075137][ 20.42975538   4.40244491 -17.81535063   7.19114741 -27.22755212
 -13.5201389   -3.46376834 -22.81488661   7.16349504  -3.58207414
  -8.15594812 -18.56569611 -24.1631087 ][ 20.06850243   9.93032704 -18.63751216  12.70617235 -23.9732649
 -17.19505453   3.58969798 -30.86726618  19.11988183  -1.8002075
  -7.02355551 -17.69173525 -26.13536811][ 19.80755403  10.86252109 -18.48685999   9.78431615 -24.36945747
 -19.03294074   1.73327328 -38.32425725  16.94108221  -5.44249684
  -9.72125652 -16.74660477 -32.30140871][ 19.36522653  14.83904479 -14.59065262  10.30542884 -17.35809221
 -16.71114313   3.98171262 -37.42467051  17.98493802   0.22757289
  -4.7981331   -8.87628609 -30.30354994][ 18.94145098  14.87223689 -11.77180702   8.97286653 -19.20340958
 -14.11873647   2.08429507 -29.78152455  18.48309637   0.64696759
  -5.62143905  -6.07644648 -27.79154205][ 17.56749293  18.10045698  -6.46045709  11.16550645 -10.01756874
 -16.24866368  -4.24833482 -29.36702021  -3.50424405 -14.92491568
   2.68574599  -8.23717401 -24.89228428][ 17.18171987  18.1730078    0.31329745  15.4680956    4.91092166
 -28.46695211  11.67443031 -16.15999758 -27.06799675 -31.32065953
   5.21906175  -9.80806058 -18.93577923][ 17.19139173  16.39508836  -0.31606328  15.60014499   2.67065698
 -29.58961111   7.39815778 -18.99214348 -32.0854116  -32.00123958
   3.08578372 -11.8343393  -20.16956231][ 17.17715396  17.21306562   1.34254895  15.47339291   5.40253388
 -27.51268621   6.63471701 -15.27444373 -32.8361267  -24.6373113
   7.24734711 -10.92737079 -15.40512164][ 17.16565532  15.74335526   3.935309    16.87554345   3.92885996
 -20.60517388   4.07210522 -11.53372448 -26.76087129 -12.5032035
  10.63261249  -5.92400975 -19.69584383][ 17.03142131  16.97822486   2.70175281  14.39203043   5.15948147
 -23.80130447   7.77416665 -17.8867938  -26.47983654 -20.48148029
   2.83625211 -10.44712531 -16.69526469][ 17.00572199  16.83234913   0.61953236  12.18830807   4.07339037
 -27.76398586   6.94998647 -25.2089734  -26.25790708 -25.73885262
   2.70414721 -14.60319518 -18.86110237][ 17.02198328  16.01214327   3.13441377  14.44033223   2.7387746
 -23.49922132   5.70592858 -23.33312359 -23.43078552 -23.62062278
   5.63109044 -13.48212874 -16.27871327][ 17.07359637  10.90836322   5.48698985  15.07613534   0.55704217
  -3.5370996   -5.12623713 -12.29073103 -30.3235321  -12.3504774
   6.11165016 -11.06376331  -4.49392679][ 17.51485339  12.51142865   0.30709112   5.56186271 -18.23462379
  -1.1475557  -16.732725   -22.95578632  -7.25108361 -11.26060712
  -1.64475747 -12.84585391 -25.14169948][ 18.02353131  15.26595547   1.42977622   0.93940214 -22.93293157
   5.65986132 -19.33583443 -26.55860346   6.69871728  -8.91288895
  -2.33796702  -5.80923345 -25.40725   ][ 18.36504694  19.62525876  -1.57075107   3.38905315 -21.67323895
   3.01049506  -6.95142995 -35.35263661  21.3216712  -13.245438
  -0.6030866   -2.90363415 -29.67102712][ 18.09445922  16.8882029   -2.38122716   2.72983333 -26.96729541
   2.93600633  -8.0460511  -35.52254133  15.56062434 -13.73227245
  -3.35389829 -13.75405423 -28.99860492][ 17.80530486  16.8155812   -8.94599473   7.63812722 -18.69543136
   7.0015602  -10.0264541  -30.25078733  13.95217259  -8.28007678
  -6.12027164 -15.77892721 -19.83502316][ 17.42079961  15.22976006 -10.72300339   6.95307568 -13.7799886
   9.59345631  -9.27114054 -30.34060962  10.15568878 -10.91848387
  -7.87194907 -18.84023788 -16.61702596][ 17.08743124  14.13885632 -12.42367507   7.08445766  -8.14799911
  11.04606914  -3.43530761 -24.95730921  19.10554922  -3.78334274
  -4.08063206 -18.62178442 -14.86319474][ 15.78525729  11.89412003  -3.51127647   5.84350845   3.53776877
   9.37158565  -7.75100374  -5.38616781  16.45026257   2.55447025
 -13.67286186 -29.41997123  -6.48305626][ 15.10846028  12.81265495   2.19937825   5.9400262    9.03429378
  18.1036785    1.87501715  -5.48232379  14.71242089   7.87547651
 -21.29287842 -15.46235491  -1.65399966][ 14.29949176  10.43919148   0.63359447   6.53498101   6.59152061
  14.27121379   1.1049307   -5.53468872   5.12794679  -1.16464274
 -21.96981287 -10.56159833  -9.18633142][ 13.41551317   8.18759325  -1.58654384   6.61462189   4.81362965
  13.22191504   2.16137479  -4.69512662   2.4978674   -1.0711262
 -13.72571767  -6.84340829  -8.79652068]