[ 14.51165551  -1.78009616 -36.08921638  -1.86542469 -10.94790748
 -10.77908369 -13.68160355   7.39954843 -14.69573501  -2.65998817
  12.63686783   1.57341642   7.79491068][ 15.09022037 -13.54822464 -31.32920164  -4.43316733 -17.4873983
  -9.58084805 -21.4944329    7.85663079 -19.46700256  -1.6708216
  10.74023137   3.15712169   7.95851414][ 16.28083069 -20.37497796 -33.88660908   1.75575339 -22.42977052
 -10.58721557 -23.50604718  11.71282189 -20.22572091   0.2542928
  10.4360098    4.61530013   8.32448325][ 17.21848034 -27.92469981 -22.68080776  22.16301846 -10.40720835
  -4.96272347 -12.28122493  23.20625233  -7.90869104   3.77136594
   1.89672613  -0.88265294  -0.78444713][ 18.62889856 -38.58657724 -21.7980018   33.21444432  -7.37626715
  -2.80892705 -11.63207253  21.43398306 -17.3972906    1.90309458
   0.16582367  -5.44022204  -6.05151059][ 18.92415846 -40.48094175 -20.79728531  28.91109583  -9.771918
  -2.82141162  -4.27871472  20.83983422 -19.91384896   6.40055193
   3.05352381   0.20632321  -7.52947564][ 19.51592003 -40.18417859 -11.5617313   27.38658803 -16.68472271
  -1.37049231  -4.49892535  13.00749632 -21.43415352  14.25861561
  -7.17769065  -5.65591096  -1.91935249][ 19.65235813 -54.97432849 -12.0375705   18.62443467 -21.45480081
   1.08468022   4.79423983  11.18182048 -18.88189355  24.76440543
   3.12887293   4.40833587   1.64011486][ 19.32908355 -41.51839563   3.75478226  17.87419086 -15.93399196
   1.26282029   1.51610677   8.41960477 -13.40538609  11.09994028
  -8.77570236  -0.13162869  -1.58725176][ 18.14476607 -47.68732704   9.99342038  16.04192607 -16.29869987
  -1.41393388   3.17223803   6.21658826  -7.86525648   5.99668832
  -7.59962062  -2.06825797  -8.8020308 ][ 14.13077831 -33.42248676   8.2628646   20.20335895  -8.80802631
  -4.59285843   0.40739107  12.40507875   2.66211202  12.58859026
   2.4287039    3.06504795 -12.44243866][ 12.58514764 -25.98469798   5.76447763  19.97491243  -9.10363742
  -5.06657766  -2.15440407  16.95865666  -3.46565969  20.01890514
   7.88009427   9.29828403  -0.48197767][ 12.08898026 -22.97253008   5.84465892  20.68539848 -10.73897221
  -8.6227824    4.66543681  20.85437935 -10.31003826  19.4464684
   5.73916567   3.56023487  -2.79652586][ 11.50086973 -19.99883393   7.55014678  17.15377829 -14.23901438
 -10.82185743   1.0532933   20.22928038  -5.73919625  11.63844931
   9.82617755   0.16290263  -5.03655105][ 11.21894753 -19.49670879   5.49123957  17.71569661 -11.01812823
  -6.70843394   2.53060895  11.46775964  -5.54552587  13.29572472
  13.36571761   0.33046406  -8.38286453][ 17.82410715 -23.4512591  -12.18941775  14.47542226  -9.69453721
   9.59152869 -14.67715196 -11.45209744 -14.68372261  -4.052681
  11.68892179  -7.2908363   15.56732383][ 18.13457292  -9.52944396  -0.43388179  14.0739112  -17.18312622
  -2.18390846 -19.67572013  -9.1814466  -10.78591234   1.83420762
   9.46652202 -11.61415238   3.49842617][ 19.86357254   1.42858995  -6.57683244   6.58294778 -16.33029606
 -24.67978766 -25.16041172 -11.94197617  -7.29106881  18.4939971
   4.78110489  -5.5769139   -4.19606328][ 20.83776453   5.90059419 -16.23525881   1.40894295 -17.47679304
 -26.89293477 -20.53579924 -13.2373847   -7.07332177  11.94582614
 -13.12411334   0.32720917 -17.16976471][ 21.27210202   4.29994955 -17.58490849   0.51625514 -15.66306168
 -29.22357594 -25.11001408  -9.40444293   6.89962229  21.61960585
  -7.44318429  -4.6172422  -14.71659465][ 21.4103395    4.48009601 -17.3824879    0.33579656 -14.04647491
 -24.34751626 -25.90839159  -6.55602772  10.20468244  17.91733586
 -13.62053557  -3.94084002 -17.86750095][ 21.36162927   4.80030889 -16.38574997   2.40887947  -9.87794744
 -19.64822555 -22.58361244   2.11016213  18.79670641  24.95433519
 -10.8007951    0.24815346 -13.89730975][ 21.49864118   0.59330184 -19.16717085  -4.34573921 -14.30239401
 -20.62642505 -31.72665801  -1.29274593  11.03709851  18.08733836
 -18.0893355   -1.79479964 -22.16137661][ 21.53737653   2.06838342 -18.07317146  -3.8405558  -13.2635098
 -16.95664798 -30.38549369   3.14892307  12.14444284  14.13267922
 -17.38191403  -3.14189038 -18.517254  ][ 21.49943982   1.91360941 -22.02067335  -6.53082432 -14.38380284
 -19.6912412  -31.4361999   -1.17360329  18.43068542   6.60345763
  -9.00200308 -10.15883317 -23.75500451][ 21.36496974   4.63245371 -19.51303528  -4.7463904  -10.8868638
 -16.71552348 -25.55381939   0.0485767   22.0090667    7.8459235
  -5.04571927   0.99774017 -19.51457787][ 21.2405443    6.02622661 -16.88661721  -3.87835178  -6.2640245
 -18.99148975 -22.61511581   0.57108516  24.33295521  14.38918011
  -8.54217573   6.27582044 -22.20513982][ 21.10556887   6.40160126 -18.35238576 -11.77597263  -8.4342489
 -17.53174444 -36.15568057  -4.02008653  13.71316345   9.30998029
 -14.94483812   9.56784591 -28.76992581][ 20.92967442   7.07098325 -18.47470482 -10.64020979 -11.36397689
 -13.92057356 -38.86534272  -3.45457782   2.76445131   9.20021366
 -17.14487747   4.59278954 -23.16633226][ 20.71172775   7.02211361 -18.44775678  -9.74355736 -13.06945206
 -13.63598535 -47.06114706  -2.21305722  -0.54751295  17.85791833
 -11.62560406  11.78719426 -23.06597805][ 20.27031351   9.20166782 -12.9675314   -7.88794516  -8.62955035
 -14.34677041 -41.29603509  -6.27015849  -2.84851159  15.13691123
 -10.5820153    8.38074074 -19.4320793 ][ 19.79897385  11.20661443 -13.83052835  -9.58848933  -2.71672473
 -23.18298789 -38.28383251  -5.24238863  -9.51307158  30.72960532
 -13.6466388   16.54302106 -18.81894965][ 18.48276776  14.13815414 -19.58146114   2.18801856  -1.3665719
 -25.04430385 -20.34539777 -12.08723021  -6.43371432  11.22265379
   1.42205924   2.24483466  -5.50299837][ 18.90852887  13.66474517 -19.75276525  13.31150643  -2.31182233
 -34.1166305  -25.29393276 -14.67879308  -6.06949082   9.62214351
  -0.68504913  -0.78344634  -6.12557444][ 19.33620052  16.55051546 -26.19858801  10.54816143  -3.28507691
 -37.68696962 -30.21846727 -17.53402652 -14.31108518  17.44794365
 -12.05389265   7.01544458  -9.03582085][ 19.5497328   19.55560428 -22.85443069   6.89990119   8.28997692
 -31.71346046 -26.60561069 -12.3672534  -12.36606354  19.54044088
 -11.1285253    6.27416743  -4.06254373][ 19.60743766  19.57534063 -23.77250176   6.41285789   5.89375058
 -30.83740813 -31.85619997  -8.58019559 -12.6685973   26.24064852
 -11.88659793   7.19940192  -4.30323282][ 19.38685122  19.43317602 -22.53289756   4.83375704   6.82118117
 -29.6509855  -30.05209895 -10.64599573  -4.37750643  22.38806034
 -13.55647886  15.71405315  -9.90509335][ 19.43762571  15.30189895 -21.09630091   3.32514908  -2.73508651
 -30.65499202 -32.30105012 -16.4520067   -6.72895751  19.48563883
 -16.89793199  11.71565892 -10.83233288][ 19.21429487  14.23304448 -18.02155291   7.24668579  -2.89039702
 -26.14441455 -27.265293   -16.24833415  -0.55199039  22.57454055
 -19.31148545  17.31243286 -11.58125462][ 19.21165628  12.1503076  -16.57280151   5.17248466 -10.44516294
 -24.76302057 -29.8080311  -22.69737828  -3.08677224  18.53847329
 -28.39725044  18.23602273 -16.22597993][ 19.09546613  10.41361306 -11.9111199    6.27257638 -10.54998509
 -19.24733003 -27.86998604 -22.58287826   6.05261323  23.90106828
 -19.93583016  17.53702897  -8.13133952][ 19.15367582  10.1809259  -16.66917273  -2.11342367 -18.89431692
 -23.36556275 -36.05121686 -31.68364438  -4.49289181  17.04961987
 -37.95353818  12.28045841 -21.21959505][ 19.44260394  12.13034669 -14.73350884   5.69159148 -12.081095
 -20.81999599 -30.78465743 -27.63334726   8.5537003   32.43637371
 -29.90495771  24.83092016  -9.62266602][ 19.63312877  13.67866159 -21.62453536   8.7598962  -12.22132769
 -25.07049206 -34.24869747 -27.0269226    3.11229381  27.5208281
 -26.00631726  24.62912332 -10.43416227][ 19.65560852  15.79970545 -24.28467666  14.01308508  -6.6001181
 -26.16630528 -27.83106971 -20.46888196   8.23778072  27.05105694
 -13.3525083   24.28013631  -4.98744332][ 19.72699806  11.17846917 -28.34124149  15.68468132 -10.21984728
 -28.45225825 -21.91831261 -17.6605428    6.79343077  23.20624018
 -13.98039053  17.21861691  -5.26046896][ 19.70901179   3.89674102 -29.06672732   8.10477576 -16.73979431
 -26.95777927 -22.19845912 -18.12009714   3.03376926   6.43986725
 -26.39353808  -0.23694774 -15.26721929][ 19.35881795   6.55719254 -29.66209993  15.5029208  -15.72319954
 -21.01146659 -21.65309516 -11.71348577   3.61812912   8.3699783
 -32.2963722    8.13468447 -13.72275036][ 18.31427131   8.50924529 -26.94977608  12.44559666 -11.11869518
 -17.36604835 -21.68579366 -11.42571464   7.00361225  -9.97479883
 -25.48340337   3.58704625 -16.59955492][ 16.27800857   9.39569192 -16.71836226  15.08966858  -6.19066709
 -13.43717719 -12.223614   -12.58324156  -4.47577701 -15.386877
 -11.31417792 -10.97397238 -14.77046327][ 14.99297463   6.31167933  -5.38081784  16.02654868  -2.50905977
  -2.67208134 -19.61929558  -0.79140329   0.43186815 -18.4675658
 -22.44311637  -8.59664321  -8.95322012][ 14.06247001   3.10533141  -2.96003556  13.45115521  -3.76021464
   5.49876124 -14.69527359   7.24838671  11.45817977  -5.66529127
 -18.2881983   -4.96693058  -3.39790116][ 12.95796361   1.2482923   -6.50503271  13.55532499  -2.31298301
  -9.73767876 -19.60456667  -1.12516081  10.54297287  -2.06288872
 -13.15102112  -2.52595712  -7.04760219]