[ 14.17763522   3.49951707  18.06375097  14.67338862  -8.17349613
  -1.45062354 -15.50036546   2.36166884 -10.64322798  13.85312751
 -12.1614343   -0.61728761 -10.07309739][ 15.24202158   3.76338408  19.22507305   9.0827012   -0.81897643
  -4.38108582 -25.85745255 -11.75786553 -20.17952488   9.04126502
  -6.230472    -0.5323956  -10.77345846][ 16.01314887  -2.86490284  23.23038978  10.95854199  -2.81382661
  -6.02594123 -23.93794714 -15.09595153 -17.41757905   1.54048349
  -2.54160446   3.85388993 -10.9168162 ][ 16.57282558  -6.19553888  23.02616096  14.68818401  -4.89771186
  -7.79353428 -20.19283487 -10.97216953 -22.82749804   7.31525715
   1.88992192   3.03259761  -8.36250979][ 16.9230224   -6.19094597  23.41449281   9.29287231  -8.23324122
  -9.46254404 -14.66076548  -2.63609038 -19.83053583   4.38365967
   3.16962403   2.14240714  -6.73064594][ 17.09276394  -6.93810895  21.19395199   8.9066658   -4.49423804
  -9.79004366 -17.48323295  -5.43682144 -27.27476681   6.61719149
  10.07216509  -8.10454104  -7.38758104][ 17.6243123  -10.51087198  21.451148     8.00240853   4.3489744
  -8.4694613  -23.32811312  -7.25783209 -28.56838972   4.89082945
   8.21198401   1.5939272   -3.5394967 ][ 17.77254872 -11.38957406  18.94799281   7.70332702   2.58534192
 -10.37987799 -23.79819433  -9.28946448 -29.44722427   5.24399456
   3.39489214   0.32774785  -3.38700896][ 17.71271634  -5.46798401  13.92752752   0.77146207  -8.25640926
  -4.54839774 -14.79795799  -1.48782826 -18.92900081   6.10380672
   2.1483326   -2.46234796  -6.65646908][ 18.09969112  -0.62636781   7.49661547   3.61549352  -8.46902901
  -9.1767278  -29.77262247  -5.33044014 -19.10159858  10.47715106
   5.7211761   -5.41521898 -13.66681594][ 18.79305107   2.03699458   0.89043594   0.95532333  -8.04480279
 -10.77726339 -39.14651781 -16.74052039 -21.06537729  13.26884094
  10.2113876   -9.22783981 -17.93330421][ 19.74409057   8.10254945  -4.28624695  -2.57086658 -14.24251844
 -13.12773675 -30.48085828 -27.6205439   -6.00594527   5.38716226
   1.94824976   0.16670033 -33.17677578][ 20.37467368   9.06239449  -9.53825079  -3.83641422 -19.77344825
 -13.88778962 -35.59948749 -34.84222558  10.72025647   0.5228944
   4.85881057   6.43752027 -38.45995106][ 20.91150243   9.03824755 -14.82254872   0.05593836 -18.98392438
 -21.22891183 -29.18590387 -24.20272025   8.61173859   1.57658468
   7.37894899   6.44287729 -37.48870499][ 21.08026427  10.49544527 -12.55248484   6.25227253 -18.07568928
 -12.03856825 -27.29999927 -15.5488434   14.55436448  12.93463788
  16.34110303  11.58433114 -30.69058077][ 21.03893829   8.28409175 -14.59502149  -3.03026712 -32.05963251
 -20.57060273 -26.76919924 -30.90868678   9.08213064   4.21567058
  -5.26338267   5.11813869 -46.51302884][ 21.03915127  10.57142802 -12.08203624  -3.14972377 -26.15951025
 -10.06545834 -14.27377752 -24.10960874  16.95683803   4.55975638
  -3.40722538  11.99393295 -40.32998742][ 21.07581393   9.8707635  -15.74603458  -5.45102833 -26.72849062
 -13.22407471 -15.0029325  -27.08396953  18.22867493  11.70016581
  -6.47208707   8.61701701 -50.73552977][ 21.08343964  10.66182671 -14.458831    -7.90347329 -24.66985639
  -7.03954609 -16.17465416 -19.00989175  14.47872248  19.16933243
  -5.72545661  13.96225105 -47.60918275][ 21.0605222   12.38400438 -13.18452306  -7.38113218 -22.69883486
  -2.58954528 -14.41333317 -13.74790167  18.60792464  20.26551882
  -0.47628482  18.71891685 -48.84035141][ 20.96027537  11.09755007 -13.81406298 -17.72180117 -29.74240447
 -10.20088194 -25.88375552 -24.12231176   6.4814173    2.38811427
   0.49073469  12.99148258 -54.78343754][ 20.65941458  13.14814588 -10.55940472 -17.74079688 -28.85362281
 -12.23320409 -19.59484399 -24.50102151  -2.71110899   1.82987319
   0.94747219   5.94380784 -45.51948779][ 20.06806599  13.18296507  -9.05751944 -14.76683635 -25.67935472
 -13.90680766 -20.58905338 -20.02219906 -12.61547047   7.33926101
  12.27903035  16.40302951 -43.92501469][ 18.8009838   10.91774532  -8.03295323  -5.76781016 -18.40476881
 -10.51573418 -12.00512814  -7.52218612 -22.77000626  -1.78701298
  15.06727726   9.35864499 -22.56623746][ 19.0072257   11.53853556 -13.18127109 -10.91343839 -15.12208911
  -9.2552601  -15.72013583 -17.43119938 -31.24720438  -2.98492346
  11.02365971   3.771528   -20.60160702][ 19.5710475   16.30101332 -16.22424545 -16.03510093 -17.98651559
 -12.86266448 -15.87545696 -17.64373519 -25.05981514   2.24698283
  10.60937135   4.4387006  -25.74364019][ 20.04600691  25.62394431 -20.00231048 -22.21143966 -20.00330647
 -13.79552938  -7.46002097 -21.85302993 -15.49985653  -5.19153461
   1.99709123   1.20421238 -21.56286563][ 20.31773484  19.62228806 -13.42616761 -25.11250066 -21.99769425
  -8.80999869  -5.46615427 -18.72272666  -7.69886616   0.28905901
  10.12923635   3.95206192 -12.90794548][ 20.358414    24.26803606 -15.22396784 -22.65987559 -29.91742138
  -5.68947951   2.52507048 -20.79824903  -2.10076354  -1.44059297
   6.81325547   3.67160247 -11.82823658][ 20.73135169  20.21396839 -13.7645017  -26.98515414 -35.07711917
  -7.77915904   1.09792132 -16.93227731  -2.83125222  -0.54498109
   0.70611533   3.56376143  -8.55169549][ 20.79137498  28.52574506 -15.24299211 -22.25485407 -37.00082678
  -1.63523912  10.05296537 -19.20227456   8.07611904   2.18508384
  -2.37620978   8.27535688  -6.0455929 ][ 20.7891613   25.20351707 -14.80914271 -23.19472668 -33.15882907
  -5.95584468   9.59318279  -7.83795494   2.47809939  -0.84801612
   3.13892758   7.91825483  -5.35973517][ 21.0235129   22.71809998 -14.27770176 -25.25456811 -31.29510231
  -7.21065762   9.79946657  -5.17208045   0.76558514   0.89505725
   2.96165688   7.08272875   0.49263576][ 20.87082956  24.03765731 -15.99971839 -25.51746457 -32.68516719
  -7.34708154   8.06455499  -5.94891669   2.6316357   -2.60161121
  -5.31041406   8.34013085   2.53879761][ 21.08028567  26.616625   -25.26300662 -25.69237402 -40.64532296
 -14.48353942   5.71526026 -13.29780805  -2.34352773  -9.79087499
 -19.48716311   6.25865929   3.21673595][ 21.15029895  24.60692411 -15.58197008 -25.4629285  -30.94707159
  -3.71362749  13.00155469  -2.12539531   3.76284861  -3.73444144
 -12.47238303  13.48827797   8.30147585][ 21.1815267   27.4421478  -22.2399571  -21.57522047 -37.19688014
  -4.19515738  14.03192758  -2.53494574  10.96426395 -10.60165029
 -15.33385784  25.07751313   6.13344095][ 21.07052323  15.90951357 -15.78468445 -22.5308598  -27.6637785
  -7.08467284  11.88091663   6.63933872   2.80725268  -8.38604795
  -4.54743005  15.34697087   2.24690538][ 20.71147047  23.35643919 -21.19158485 -14.84920319 -33.7278406
  -8.8857504   18.0581841    6.17662607  14.75756623 -13.8446676
 -21.13224558  20.26843433  -2.84283194][ 20.38675786  24.7083751  -23.2714802  -10.62273063 -30.69965789
 -17.10820757  21.22437101   0.58040401  11.61944186 -12.36708285
 -25.02453865  21.07146387  -0.39496388][ 19.99993539  22.40426564 -26.67309076 -10.6135079  -30.44453441
 -20.26979536  20.97460492   0.33038296  10.8784663  -16.86621573
 -27.50315737  18.46748366  -2.8801346 ][ 18.90731827  19.41154216 -25.20014204 -10.83280488 -24.33574347
 -18.21973082  11.02995822  -4.83105994  -3.52490964 -21.27665964
 -27.64006387   7.12612238  -6.42711835][ 16.74157832  14.54091357 -16.74901049  -5.58705098  -7.03895949
 -10.3928416    6.20590224   0.13167653  -2.91968217 -16.1764465
 -21.01434259  -5.83073539 -15.37159168][ 15.2220513   16.98236049  -7.47879761  -4.80076714 -11.80712932
  -8.64581231   9.6913468    6.96825252   5.98430291 -17.9836104
 -17.57025521  -7.24361627 -20.00767941][ 14.6306484   10.03212869  -6.95224238  -9.15197074 -19.52232713
 -13.74652495  10.63891604  16.47315243  11.02770823  -8.20114054
 -10.20729818  -0.35716186 -11.54785627][ 14.24201813   6.22272045  -7.98948709 -11.70958959 -22.30775144
 -13.63708194   3.52126401  21.39558334   7.01101756 -17.96562703
 -13.54719864  -0.6206183   -4.44939726]