[ 15.81755225 -12.76524446  -6.99434477  31.84794445  -2.40607917
  -8.67030765 -17.04144105   7.17787831  -0.87385335   9.48875822
  21.38374541   8.07842228   1.38936146][ 17.75266211 -19.55125709  -5.55184606  40.3403609   -8.81257215
  -9.60479765  -9.07737029   2.69223191  -9.05387885  12.54053126
   7.71189365   0.37230581  -0.78930132][ 19.47009712  -2.85945224  -8.01717061  31.99202635 -24.8559402
 -23.92436168 -23.41992899 -21.56915779 -18.17739629  -8.96060471
 -17.97642196 -12.62861803  -0.86088741][ 20.09550244  -0.32566663  -4.72223853  39.71019726 -24.85692952
 -24.1035752  -28.48468261 -26.62276399  -9.793133    -6.10905189
 -14.99610522  -3.40150962  10.81551107][ 20.71316399   4.74416363 -10.54559366  37.64274641 -26.22686219
 -25.81448073 -18.58535189 -26.23427523  -1.50850307  -5.57751472
 -10.32355837  -1.40404252   3.08908159][ 20.90132951   4.40536023 -13.42278159  35.71428151 -27.43098035
 -28.50467038 -17.55913941 -27.86932793  -5.25087724 -12.2986562
  -5.23852851  -2.10159424   6.83770782][ 21.21031869   0.63594776  -6.02677043  31.05203018 -22.21701307
 -30.89802066  -8.98106829 -12.93366471  -3.83055441  -6.0850889
 -10.01065143  -0.09895371   4.71053847][ 21.49571886   3.78930548 -12.18611839  35.89138188 -25.50929461
 -36.20762862  -0.34961171 -19.53845252  -1.64225258 -10.66815566
  -5.37046083   2.05406556   4.51846631][ 21.41846175   2.8533544  -10.04438383  35.2146119  -22.46419188
 -34.98910143   5.1810017  -17.993662    -0.83965102 -10.64246159
  -3.60331356   1.79318832   2.78710584][ 21.38543503   2.15601766 -12.89726175  29.06048339 -28.50624884
 -41.22050279   0.20373525 -25.30093558  -6.97919766 -22.54163321
  -4.79710279  -5.74909594  -3.88959255][ 20.78194598   2.73443594 -10.66946908  25.57131656 -28.59247699
 -33.07448276  -3.98109588 -23.21921782  -6.91382143 -25.73110708
  -1.70993054  -8.43807788  -7.68400616][ 20.7598534    2.30120474  -5.63700964  22.22984115 -24.8472145
 -29.72961194  -4.27321395 -20.21855498  -2.00269176 -26.43601693
   4.17227231  -5.62617876 -11.20403766][ 2.05748110e+01  7.94305449e-03 -2.36293989e+00  1.95297340e+01
 -2.42610186e+01 -3.10173710e+01 -9.01883621e+00 -1.38423818e+01
 -4.38773575e+00 -2.92792425e+01  1.43093449e+00 -3.08654977e+00
 -1.44921483e+01][ 20.74632849   2.22553086   0.40186276  25.51076061 -25.68686954
 -30.35803755   1.47900292 -13.74193942  -1.93204293 -26.68744446
   5.5506979    1.91108457 -16.43168827][ 20.7555386    2.86083978   0.52304223  27.82131191 -27.28749256
 -30.89082379   4.55280978 -14.5615404   -5.73720938 -22.46510872
   7.93738363  10.26323741 -15.77114781][ 20.94360687   3.46856095  -4.14795679  31.69385746 -27.59474356
 -33.70929094   0.66089016 -20.84839898 -11.55901951 -16.5347683
   2.86819892   4.86735304 -17.56267074][ 20.82621104   5.43287964  -3.80972121  32.55099013 -25.66349233
 -31.31972304   6.46763341 -17.89908889  -7.81262537 -12.1127425
   7.49529357  13.86108693  -9.15269655][ 20.41648032   5.87967722  -4.97661648  33.01529006 -30.41800422
 -36.15328134  -3.91492703 -33.76717961  -5.37845136 -24.20764948
  -3.77670212   7.05408975 -14.40115126][ 19.94780791  10.38063011  -7.63727792  30.0690979  -22.3547823
 -26.26580972  -7.26230316 -25.79826902   1.31657362 -24.57046148
  -8.90356933  15.36470404  -7.69630887][ 19.40006238  14.52231966  -6.50805899  21.99611212 -11.97000247
 -25.14412568 -10.79830426 -24.41019478 -14.8154968  -22.81300577
  -8.49110453  19.16140563  -6.83915791][ 19.10849112  18.7448552   -3.41405812  11.15424155  -5.23451168
 -16.98304511 -12.10803762 -17.48791522 -14.78389007 -21.39730077
 -14.80611733  20.02813687  -5.62476047][ 19.01349961  21.8559243   -3.32725564   4.02889916   2.75180505
 -14.85610417 -17.13442472 -17.88409638 -11.20218214 -19.77701442
 -16.74547653  15.45866934  -3.98166436][ 19.04286596  21.79967644  -2.11001658   2.2203796    9.79482118
 -14.1867777  -19.68258364  -8.20474731  -4.42509129 -18.87123936
 -17.01497337  14.64105166   4.42861172][ 18.96990538  23.17125554  -2.49105257   5.93967079  13.56700714
 -11.40543934 -21.54998389 -10.79508825   7.53443282 -26.50955917
 -17.78664671  21.61801378  -4.09588858][ 18.68507157  20.6296482   -3.08275243  10.56759117   8.07321735
  -9.17829054 -22.65548958 -15.4731016    9.76073396 -28.42625911
 -18.46025387  23.36557867  -9.71453242][ 17.94936095  19.83051646  -1.04334824  15.9925172    1.8876982
  -6.20018189 -19.52417128 -13.28378036  10.59044995 -28.50306912
 -14.45271237  21.7381793   -9.99201917][ 16.57591944  16.05007345   3.10881118  21.14279679   0.46057291
 -11.1393337  -13.79498147  -2.6964153    6.04693058 -23.25726751
 -19.67797688  18.88106238  -4.36407505][ 14.73350212   7.83169983   4.73542132   9.06589177  -3.17244477
  -4.12550215 -14.35522407 -13.65371466 -18.77974344 -24.16969778
 -14.81464102   1.64556767  -6.77226046][ 18.79128293 -24.04596862  -4.27756462  23.15724559 -28.65273957
  16.86639069 -14.48719497 -20.98795161 -16.51633914  -9.62850107
   6.52996248   4.04630077 -11.84007842][ 19.36376891 -32.36949537  -4.32831348  19.62986274 -22.31571134
  15.76839283  -8.19978244 -21.19789967 -13.94753886  -6.71767663
  -0.94804715   2.82764486 -14.14350902][ 20.60328516 -33.83068786 -10.26877071   7.64087116 -26.10425157
  15.63838282   6.79517235   0.66742547  -3.23304469  -3.26193841
  -9.96962709   4.87554297  -3.138331  ][ 22.08121754 -36.96684999  -3.71206769  19.59671592 -28.78291974
  10.46170762  13.5036531   -3.44194705  -5.57768918  -5.43239867
  -3.5397024    4.93017181   4.26683892][ 22.80853091 -42.54171848  -4.91310899  20.65148821 -28.49693816
   2.44535273  17.5162377   -5.54576879  -6.23830543  -0.27931845
  -9.84255216   1.20955516   3.74192589][ 23.09618356 -41.21422736  -3.11079531  26.81025013 -23.93636767
  -5.1856787   16.60895766 -10.21566424  -5.80146395   6.06777474
  -8.22815713   0.34731599  -1.6570715 ][ 22.9680742  -43.51539604  -2.52889003  27.87498542 -22.7649355
  -8.37363315  16.11983508 -12.28865028  -8.96246604  10.70470479
 -12.18082282  -0.7043359    1.32259875][ 22.25556211 -45.1104757   -3.40351231  28.77906123 -19.06097385
  -7.83294806  16.24119623   0.64448334 -13.11904976  10.41091807
   0.8946466   -2.15552264  -0.05573141][ 21.94780286 -43.45211047  -2.2418626   27.79554843 -17.93471822
  -8.9317592   12.39095891  -0.44976315 -10.9568205   11.24408926
  -2.49634083  -4.96338487  -0.63224721][ 21.78693144 -50.7967317  -10.93888703  28.76170302 -19.02474736
 -11.38431765   8.57379591  -2.89391207 -15.47128486   6.68002004
  -1.92876964   1.6540929    7.31983726][ 21.44398505 -37.65974143 -12.41262864  22.98095385 -21.59020225
  -6.52182623   7.98244078   1.80023079  -6.76189581   6.00729857
  -6.04116153  -1.59101143   0.21197218][ 20.79165499 -37.18761922 -13.67115143  22.46960418 -26.57832727
  -9.53704329   9.23983283   6.25133832  -8.95181493  -1.46747587
 -10.89310473   1.43836477  -2.2999762 ][ 19.97960811 -40.84526726 -19.60990166  27.96036309 -17.7880604
 -11.44417688  11.69532629  14.372899    -7.90940521   0.71295366
  -9.13260422  -3.16688185   2.79114138][ 18.76827246 -33.44215617 -19.61065033  26.91810358 -12.60047719
  -8.99178732  14.40278574  14.39048353 -12.6445601    4.5402598
  -4.96712145  -1.39620656   6.32387591][ 16.83876342 -26.6729988  -16.25106447  22.05946536  -7.89379778
 -10.78487803  11.20922923  11.90647966  -4.87649878  -6.24808401
  -9.01999951   0.75291512   5.91689126][ 15.68155092 -20.11268606 -18.63909001  23.98243078 -14.51870723
 -16.93791632   3.58239668   8.90252471  -8.05659039  -0.56050679
  -9.75891468  -1.31960638   6.50599291]