[ 14.94837147  -5.59868106  17.51287516  22.61140887 -16.13155342
  14.06688823 -16.33002064 -14.91098608 -21.93313759  -7.94942645
 -13.4624316   -5.35248829  -3.27137456][ 16.58262359  -2.25165774  18.47212722  37.65009349 -20.00506751
  -0.49122379 -13.64732887 -21.42381146 -12.40921186  -4.92707262
 -18.25234804  16.17554326   5.52007976][ 17.48672217  -2.9390269   10.84714125  31.48506619 -24.58517754
 -18.98681167 -26.2628704  -26.96331905 -14.49474421 -15.2184964
 -40.26613112   6.77247344  -2.93287788][ 18.27066409  -1.85652071   8.13514706  34.0624089  -22.19276164
 -21.499796   -14.49946841 -31.94808608 -13.50441158  -5.75026238
 -44.91029215  16.43899433   4.09870376][ 18.62076556  -0.95702322   9.77648246  35.64899736 -10.81356524
 -24.9613126  -11.2170223  -21.61126509  -7.1764558    5.48719044
 -35.33006521  15.69003147   3.67630735][ 19.00170042  -0.5938742    3.12674125  32.36441193 -16.25545364
 -26.61590913 -16.41748217 -24.66712121 -14.82046849   1.10232881
 -33.00748469  21.98167083  -0.91871038][ 19.32284203  -0.20119892   0.87306072  28.83712796 -19.2633865
 -32.51139901 -16.07401142 -10.45536472 -13.93801883  -3.05938593
 -25.77269119   7.02266729   0.63471333][ 20.1308982    1.47051758  -5.15802274  32.86478662 -23.40419363
 -37.04875089 -19.53010496 -14.53041866  -7.39737467   7.61493109
 -21.48361547  18.50574286  -3.45691412][ 20.58950584   2.29507889  -5.37123664  22.89839103 -26.44022733
 -35.38513088 -13.24674554 -13.07090694  -8.6074865   -3.36766676
 -13.81115283  15.34683627  -2.28082735][ 21.08638375   0.59379779  -5.29367516  21.41555473 -28.00731388
 -42.58176897 -21.47281391 -12.32175871  -6.85772242   5.51621104
  -1.23547373  19.71282929  -8.45223529][ 21.20766999   2.38971056  -3.77065652  11.60157967 -27.68306571
 -36.41549676 -21.95635949 -11.94167173 -13.82155263   6.12925203
  -3.11333353   7.53241966 -16.59091969][ 21.26684003   3.01713807  -3.84908793   7.69451029 -29.40736454
 -35.19936575 -23.07354228 -10.67401443  -9.35273538   8.32269412
   4.47104813  17.02880281  -9.37494   ][ 21.15738875   5.35420732  -1.49033328   7.67157204 -23.54356482
 -27.6198553  -23.30656577 -12.611839    -8.87992662  12.33817276
  -1.97348701  15.75166068  -8.27613885][ 20.9551061    5.72114443  -0.35873509   8.74140572 -17.08481664
 -27.75851533 -24.27963588  -8.87402897  -8.22708888  21.14757612
   0.42269408  18.56416167  -5.04699365][ 20.13130102   5.06428659   0.1648747    7.48177347 -11.61334275
 -26.76356661 -34.99946358 -10.33571357 -13.072409    19.22384569
 -10.96485341  16.90288028  -7.48361509][ 18.70994668   3.54419643   1.8609487    0.50070735  -5.34021839
 -31.41600812 -27.40995933  -6.1600528  -10.43458267   8.78431691
 -11.16907919  -1.72486498  -7.82161765][ 16.46263793  13.06510614   2.59179162  11.09897909  -4.10914226
 -16.07101509 -38.36912797 -10.61739361  -1.61447644  11.38003747
 -21.12540407  -0.47936321 -19.00925541][ 15.89700178  18.74500085   4.46962705  14.81536614  -4.43078183
 -19.1379399  -27.77735496 -15.28216625   4.13799294   9.91071159
 -18.741764    -0.53661044 -14.37254807][ 15.36826309  17.90586911   9.51160705  16.49147777  -2.82712346
 -16.14840352 -26.72670781 -14.81082336   1.90395457  15.90205016
 -13.69340833   0.4215641  -10.68077054][ 14.99540205  16.73807878   7.69302175  11.41942879  -5.67880757
 -14.39141149 -23.82596432 -16.06606934  -6.07573268   8.76956805
 -16.65723697 -10.40637667 -10.50660681][ 14.71744846  14.72644594  10.85132535  12.36562686  -3.07208578
  -9.05475206 -28.51198923 -16.96949033  -6.60183504  10.47934174
 -15.8862303  -13.53087601 -15.10554773][ 17.29723695  -9.55413469  -7.26896114   2.9733864   -3.09304315
  10.122403    -5.71610579   4.6341595  -19.01656625   3.3327072
  -6.89683763  -3.59888671  -2.17091228][ 18.42671325   0.70667262  -0.98296103   4.42046511  -6.1892835
  -6.97736337 -22.45194351   1.5821361  -15.00399727   2.91529025
  -9.6050667   -5.47818377  -5.68122024][ 19.87056642   3.14403167  -8.65224243   0.09114593 -13.51261506
 -26.75448347 -39.33374325 -13.90368219 -14.39901058   9.33801823
  -6.11026285  -5.09686769 -10.00477192][ 20.44620277   5.50868999  -7.83958352   7.63673001 -12.27033681
 -23.10869514 -46.72728258 -11.11386547  -5.16354996  15.66888138
  -5.97493562   2.02119522 -20.27545547][ 20.77172899   4.99659218 -13.31545321   5.52457425 -14.16369399
 -24.93752139 -49.28128431 -10.37560458  -2.66018943  23.40366852
 -10.64889129   3.4963799  -27.95660261][ 20.69454358   4.95913116 -12.25072057   9.33113276 -10.34487144
 -16.83791858 -38.7196406   -3.01419084   7.00558693  25.94891708
 -14.09726403   8.28747627 -27.34962171][ 20.94461201   2.93466948 -19.32270985   5.9941817  -15.70588733
 -23.6086713  -32.66512496  -5.10605991   3.63022824  19.18298795
 -19.47758882   0.4475175  -30.19576464][ 20.95333879   4.15008234 -15.90984614   6.7575533  -10.59658617
 -20.10326747 -19.14415563   1.17926197  14.96253281  15.88780507
 -11.77836533  -5.21981942 -24.600962  ][ 21.14926188   2.3918975  -21.21855946   1.02368495 -16.72409198
 -28.46295138 -23.35512793  -3.50967237  10.26858204   9.3022459
 -17.76970235 -16.39325127 -29.44120789][ 20.97737236   7.03036935 -18.49062805   6.70566437 -12.11679632
 -17.18034197 -21.75910778   9.26118453  18.08967851  16.45613773
 -13.18837276 -12.54441655 -26.2061698 ][ 20.87943558   6.11049716 -21.63578921  -2.12305498 -24.10371734
 -17.79481639 -30.53280624   1.77765235   2.85349179  11.04293411
 -24.89529684 -13.22093385 -32.28438823][ 20.66527294   8.02567462 -14.43652824  -3.64338135 -22.87805426
  -6.24142146 -23.10949018   4.60463054  12.09983674   9.25668631
 -15.1240295  -10.68440857 -27.34053775][ 20.54156171   6.95634434 -15.45607265  -8.46194407 -27.06639551
 -11.7813589  -32.46845291  -0.14739802   1.87034972   1.1293843
 -12.45724679  -5.90435704 -31.08005232][ 20.37352394  11.3502977  -14.9714459   -7.56056066 -18.56079637
  -8.93481239 -34.07137072   2.01686947  -1.48413512   3.69276356
  -6.41449871  -8.40810456 -33.07918291][ 20.10227146  13.36069978 -16.61267762  -9.44857278 -15.29503797
 -15.27313797 -40.3818941    0.28977905   0.21612454   7.84682339
  -1.07909707 -10.81851874 -29.40697315][ 19.39917227  14.32094666 -14.33154995 -11.57364943 -12.30782125
 -16.62186588 -41.90990502  -4.84020766  -3.2919183   -4.2073446
 -11.49116066 -11.75840191 -27.4496735 ][ 18.7656911   14.75520061  -7.21418582  -6.58594683  -1.84579528
 -18.40276034 -26.2860209    2.17047824 -10.38543692 -11.31789051
   4.98478201   0.67583139 -25.98217964][ 18.0120389   17.89981898  -6.08781017   9.45797558   3.48807319
 -28.68221433  -9.57193933   2.92636345 -34.9699505  -16.5327465
  -2.4334636    5.78052771 -16.549607  ][ 18.06778849  18.13942472  -4.03783144   8.27457966   3.55858706
 -29.12624323  -9.32477963   1.64536226 -39.69312405  -9.78287408
  -0.0813402    6.15283202 -17.38062347][ 18.03505247  16.73521581  -3.88695447   8.1529691    1.85217085
 -23.97734414  -8.10619818   2.52549421 -34.78722417  -7.36677765
  -5.97284169   9.1101838  -16.13189539][ 18.00098524  15.02864215  -3.3553586   12.2826913    6.60797668
 -22.46680282  -4.7574087    2.57042405 -31.53136447  -9.33355758
  -5.64028595  14.79200127 -11.62688255][ 18.02402228  16.6849135   -8.67341016  13.23601532   7.61497271
 -24.91896556   1.78318438   2.62752324 -29.43897426  -5.74727107
  -6.16091873  16.94209395 -14.61153259][ 17.94862697  15.33692624 -10.95455346  12.53000021   3.82492123
 -21.58118665   3.85996779  -0.50091208 -22.69440233  -3.36084921
  -6.10008439  20.50820425 -22.66796508][ 17.74448587  13.37226324  -9.84080497  10.57880762   1.46547754
 -22.6984519    5.77158688   3.29322626 -17.60129487  -0.75320709
  -1.22381347  15.83020847 -26.71723029][ 17.54868833  14.01815993  -9.10642729  13.86654163   0.1271569
 -21.15494252  -2.28023981   5.03567412 -20.27301841   0.39104089
  -4.27948854  15.64216954 -24.30709475][ 17.31751065  12.82241424  -6.75258138  13.6017057    0.80618659
 -23.29651043  -6.68373416   2.66724251 -18.86514764  -3.78752019
  -4.88464929  10.06525679 -21.79911793][ 16.9472322   12.86763647  -6.69483182  11.24611859  -2.65941126
 -22.76905901  -7.77001561  -0.4100331  -24.021978    -4.7195925
 -12.98056961   5.9617319  -21.58227062][ 16.34102213  13.75271363  -4.67836914  11.43680111   6.57671923
 -20.8367417  -15.69099119  -5.30659133 -28.80272228  -8.40757129
  -6.42461917   2.56983848 -26.54504876][ 15.62275356   8.05504288   2.29531084  16.09378797  -4.92703793
  -3.57198055 -29.83567827   6.49603088 -18.65125458 -22.51948586
  -3.64768999 -18.95748367  -8.67513979][ 15.00698022  -1.31044841   8.72724437  10.85867232  -5.65948408
  12.96445238 -28.16022967  17.70214683  -9.84676274 -10.36830695
 -11.65419327 -22.48367028 -14.14163412][ 14.20659137  -5.438979    13.14922      5.44243053  -5.61599948
  21.18445426 -34.61454883  11.89250149  -9.77497579  -7.10997398
 -12.8051671  -18.60099175 -14.6695692 ][ 14.01177094 -10.75015448  10.38773453   2.06193    -10.46269371
  19.27632079 -34.16311046  11.21260486 -12.78923417  -5.18654293
  -6.61463935 -13.57697992  -9.84200638]