[ 14.97724484  -1.23451549 -22.42669298  -6.22052455 -36.16830925
   8.64307029  13.65330334  20.35490013  26.15648827 -15.32397369
  -0.89022649  14.61075105  -0.95658365][ 15.46180062  -3.12870909 -25.26961742  -7.21295041 -41.70239452
   8.24567476   9.03692233  16.10075516  22.28678464 -18.75532885
   3.16591103  18.78308757  -0.22305736][ 15.95962129  -5.08050721 -24.39098206 -10.35658149 -44.02360313
   6.43462904   5.59877647  14.53532539  15.69119545 -28.43743712
  -5.19783713  12.35734487  -2.1930069 ][ 15.80928825   5.2454271   -3.44159769   0.75286876 -31.24442474
  10.14122512   5.02084356   9.02534397   6.29098648 -34.52920445
  -6.78363685   6.58480319  -9.82125461][ 19.31955885   7.96755474 -15.64410707 -12.00534308 -52.10889643
 -14.94643043  -2.05952834 -13.65659928   7.46858663 -22.38386382
 -21.99692622  11.10795661 -11.84448761][ 20.23923639   7.74690516 -13.62578802 -13.61887297 -37.40188816
 -12.41237554   0.99559094 -10.40443186   5.27329775 -16.81722388
 -13.55668986   8.69876969  -4.09569439][ 20.84425328  11.00112214 -13.60226428 -17.7445966  -46.55938785
 -12.120373     7.37204701 -10.48689581   3.85153522 -17.84779165
  -9.21468811  25.77917177   1.72251589][ 20.98182726  13.24354077 -12.6142781  -20.98071153 -34.93550587
  -9.74737335  10.457946   -11.70083262  -5.27215958 -12.20901509
  -0.5989238   19.84136511   0.03609718][ 21.06723405   8.28477255 -14.81363235 -20.5660596  -34.95848631
  -9.14513165   8.32206128 -14.94463745  -1.30886206 -16.05981119
  -1.81046792  35.59159353 -12.8040407 ][ 20.96157433   8.81102593 -15.24154276 -12.87468899 -26.50839377
   0.88437271   9.38298067 -16.52758054   4.16982853 -11.90007986
   4.27547729  37.75281132 -14.30630067][ 20.76471826   5.34773564 -15.09494127 -11.24473171 -25.93473159
   2.48822468   0.71499192 -19.49413084   0.575959   -16.86057383
  -1.17772678  25.15171685 -21.69431166][ 20.16483783   2.58586723 -16.44607362 -11.21705702 -29.13762307
   5.43848725 -13.30213377 -22.95769772  -4.8675453  -18.71940726
  -0.13566838   7.6779845  -27.34177465][ 19.33007537   1.70837491 -12.61238149  -6.813484   -25.26070718
   7.04139445 -15.25884579 -21.38777309  -5.09508938 -20.65454498
   0.22321652  -5.70584118 -29.05506066][ 18.6727876    4.06444692 -12.2585862    1.25415293 -17.07887952
   9.94877948 -11.71885919  -2.19170877  -5.37699204 -10.70747198
   4.43009617   2.48442457 -21.41885713][ 18.60107254 -11.64493019  -3.13773355  13.77095848  -4.94354355
  -5.2067838   -9.08729806   8.80759877 -21.43040942  -1.94845418
 -16.74961835  -1.19512922  -4.14357849][ 19.88696262 -28.88160865  -6.68966929  19.71163301   0.55383555
  -5.19298363   9.31064596  16.47906304  -9.75239262   7.14946766
 -14.63120877   4.23005653  -5.93614367][ 20.54079534 -36.82619775  -7.07534932  18.73048298  -0.86601188
 -10.8526421    6.27691761  17.21635474  -6.99038044  10.17621032
  -5.62355037  -4.16744688   0.05228852][ 20.85458698 -39.03461915  -4.78659774  24.48118862   0.06943179
 -15.61216724   2.70293757  11.18138919  -9.72398188   9.88987275
  -1.20915023  -2.12519129   0.80499457][ 21.21490939 -36.6428011   -2.81251328  17.0319703  -13.4242558
 -10.49934551   6.28164412   8.32351919 -18.27881326   6.40216089
  -2.48815164   1.48259803  -5.44908877][ 21.33872827 -50.40447309  -8.48567126  15.64824273 -19.43662836
 -11.92365739   5.92224434  11.94416074 -19.23584008  10.45630646
  -4.20864091   6.73699242  -1.21534726][ 21.46185528 -52.86215566  -9.77250609  18.25358656 -19.54513679
 -14.22592006   7.14969522  15.19693441 -18.23245053  14.03648879
  -0.77108654   1.50585434  -2.18114171][ 21.47599589 -45.55147791  -2.37845762  24.35259664 -15.07785752
 -12.07302953  12.32988962  11.05776034 -24.2004116    4.4322574
  -4.2159929   -1.03951496  -0.59008863][ 21.62185744 -34.05298938  -1.8466611   17.64367098 -12.65378888
 -10.48456923   6.85610515   6.67887757 -23.25738324  11.72295352
  -5.46128619  -2.83974108  -6.04855991][ 21.57160328 -39.59206232   0.27037591  19.76820747 -12.66670536
 -11.77286006   8.78971214   7.53208335 -23.23563183  13.07481641
  -9.92117782  -2.63185588  -4.52640914][ 21.5694788  -42.55549112  -1.15541673  22.50775966  -9.80625621
 -12.87848503   7.00019578  11.17626332 -20.86967552  15.87732048
  -7.13576105   1.54026912   1.44044909][ 21.46843727 -42.63494857  -2.97328702  24.93283658 -10.1909614
 -14.65850773   4.18103657   9.99632183 -23.00386982   8.62560242
  -5.31474587  -1.83173475  -3.10679734][ 21.23959006 -39.86707501  -4.93773973  23.20705796  -8.89358484
 -14.05730075   2.83265339  17.21352619 -18.54920195   7.23098425
  -2.48579999  -0.26699575  -0.2556692 ][ 20.77470363 -44.04403558 -11.44043534  24.72448701  -5.71743583
 -11.84141891  -1.56421897  11.27845727 -19.89050235   6.5931003
  -5.31815404   4.07618699   2.7261335 ][ 20.13782618 -36.24265993 -10.89551891  25.80712864  -8.82286614
 -15.13472505   0.08779292  14.98584503 -13.73997592   1.3272331
  -2.42942231   4.08048628  -1.13336036][ 19.76815364 -16.24261664  -9.68942375  27.29196346 -10.443693
 -32.1724862  -24.09820147 -12.84423031 -20.54148905  -5.71750985
 -15.77333448  -2.29760434  -5.70484017][ 19.96889939  -7.45934639 -14.25738656  32.02723976 -12.43352323
 -35.93736735 -27.58059835 -20.34334676  -8.32749146  -8.96912382
 -14.46582765   5.37245992  -1.20360399][ 20.56591603  -1.97537102 -18.62326823  33.3221641  -17.30827417
 -36.08358597 -25.44083864 -25.18223724  -0.46517594  -9.62861064
 -11.70572052   6.74198563  -2.02890818][ 20.54123126   0.07098049 -20.85855238  31.94193844 -23.32689086
 -34.34286671 -31.11985932 -25.80173478   0.11241574  -6.65386338
  -8.03026905   9.42640528   2.66834323][ 20.74679423   0.88778138 -23.33650937  29.86655373 -24.29521528
 -37.41766269 -30.87040918 -21.68377667   3.93802117  -3.81188485
 -10.16750978   3.97383258   0.79061869][ 20.71707407   1.81759203 -26.42781941  21.82520901 -22.86793911
 -28.74445017 -25.01823318 -14.79898107   5.68644431   1.90853334
  -9.06022804   2.43681009   0.99726868][ 20.46852991   4.45513444 -28.0947877   29.76400884 -21.24144256
 -30.74852349 -14.28168073 -11.39690362  24.46860885  -7.0654212
  -5.24011369  -2.90751942  -1.54150115][ 20.72022685   3.3172157  -30.50444899  25.28904138 -25.56998517
 -30.42067845 -15.39161115 -10.56801333  25.33215991  -9.14729487
  -7.99543312  -4.69102475  -6.55236986][ 20.40957131   2.80454709 -31.81651534  21.11243114 -31.04854802
 -27.2779418  -21.76235104 -10.86565764  21.55072041 -11.32859208
 -13.97390466 -10.12279064 -12.41058629][ 20.22336087   5.4018558  -28.50969814  18.54710867 -26.88136911
 -19.56517717 -17.65336303 -10.14612498  19.37312622 -10.39642361
  -8.3947307   -5.94862849 -10.37263221][ 19.95329009   4.02070864 -21.70342831  12.26109179 -19.87664178
 -14.58639392 -16.47304878  -8.05997743  22.22762713   2.43977247
  -8.1849996   -3.3700645  -10.27341443][ 19.59927776  10.00704043 -25.48834695  11.11733176 -18.51178049
 -15.41395948 -15.21291742 -17.02034955  26.3156473   -1.30472055
  -7.67650152  -2.79245256 -18.85402939][ 19.41935631  10.51513967 -26.68750005   2.40307803 -18.1933883
 -17.57174034 -22.19755867 -28.1504786   16.58422737  -6.16169258
 -10.66107781  -0.85744818 -26.07087629][ 18.54922929  14.35833389 -23.05101316   0.52171544 -11.51768225
 -13.42414395 -22.77001622 -30.55834106  12.47914969  -6.75575625
 -12.98525338   8.39904134 -29.11260467][ 17.72920459  16.05936842 -11.57942918   0.10085806  -0.56625364
  -8.188425   -23.48528963 -26.64433396  -1.00951222 -15.39261865
  -8.04110932  18.73347464 -23.1005599 ][ 17.30288896  15.41735061  -5.66329118   8.2498417   14.42305122
  -8.18716922 -29.64173678 -23.0317992   -4.98901164 -29.21054129
  -9.46673243  37.87069246 -33.32095151][ 17.31116231  15.5995247   -9.12113861   5.87065595  13.7857176
 -14.24723962 -33.34320893 -26.88363623 -11.47748185 -22.04481699
 -13.10721876  25.0299328  -40.80342335][ 17.28102913  16.00883883  -6.55164282   7.78408056  12.5019784
 -10.20512386 -30.71114128 -23.33606665  -9.73321333 -26.13610828
  -5.17751495  36.85565287 -34.9850788 ][ 17.29929402  15.55728773  -5.81168927  14.3109671   10.69898985
 -12.13314647 -32.52311977 -23.00105846  -8.03330393 -26.47538911
  -4.65948221  39.33606389 -35.77159034][ 17.31576846  16.32571266  -5.25487532  11.10380342   9.29025011
 -10.50197155 -20.65191161 -11.31947637  -4.20227001 -22.99126392
  -4.29165736  39.98809164 -26.68568754][ 17.20542295  14.35367362  -7.89816176   6.71193584  10.06517173
 -11.8318486  -25.12186265 -23.94600319 -26.60638475 -27.10906049
  -3.24555786  40.67731256 -37.19664204][ 17.39442661  13.43481431 -13.73238165   3.61255121  13.99604854
 -12.87001933 -25.72687372 -21.21730724 -24.75108824 -23.76327571
  -0.99659501  31.36298179 -32.44436542][ 17.72659201  11.31630723 -21.57243054   9.92148873  12.53357053
 -18.44769414 -23.85323823 -26.76448044 -24.00410185 -19.79389338
  -4.9655149   25.14182054 -31.55329392][ 17.72559275   8.27674097 -20.41110199  17.13685294  15.32626763
 -18.32630859 -18.04219689 -29.78972914 -23.18803462 -17.72169436
 -11.49206431  33.53813115 -33.93046703][ 17.44099181   6.40494401 -17.61949822  17.79295538  12.29997248
 -17.0356732  -16.28244479 -27.14219241 -20.69382434 -17.66683893
 -15.83535141  30.44928343 -31.8714491 ][ 17.14205052   6.05041868 -13.91790182  22.31981946   9.41210176
 -10.12409352 -17.5135609  -22.01104291 -18.7613681  -22.18716003
  -9.13418025  26.66630456 -23.60000167][ 16.52092628   8.41837132 -13.29610967  22.56438333  11.72374253
 -15.10387462 -24.10453993 -33.34232027 -18.75288152 -25.88949245
  -8.90885409  24.71680307 -33.03493003][ 15.63915519   8.57517842  -8.22069486  26.90216682  13.59359412
  -6.59048933 -22.7307772  -37.1204178  -22.53069992 -25.24220007
  -5.26578472  15.74007684 -25.15810207][ 14.69791736  11.1097959   -1.37109434  26.29321438  19.09311693
  -6.15041071 -26.56393463 -26.6072731  -15.20297719 -24.33865692
  -2.72763334   6.67288382 -32.75502873][ 14.02025278  10.04963062   3.77702537  19.65727736  15.44343498
  -3.72369382 -13.04397171  -9.05510347  -7.60713922 -12.96081724
  -5.806378     4.60375815 -28.87413375][ 13.31042457   7.93047262   6.00986667  19.3611734   21.76023843
  -1.09062044 -17.8879244  -13.11487176 -17.71392002 -20.69451229
  -0.30681132  -4.88859001 -27.99218962][ 12.41130952   6.51501019   9.11524648  21.7291139   14.91011484
  -4.05243372 -15.2426954   -9.61925864  -6.60422575 -13.38000268
  -2.38743234   7.02663221 -19.74747754]