[ 10.36009403 -10.74007094  -0.44842145  -0.22671348  -2.00259436
  -3.64678461   1.43467951   6.22399928   8.53299064   8.90769631
   1.30756316   2.92729547  -4.97107687][ 10.17570172  -6.57442258   8.26471782   6.88768775  -2.16027332
  -2.52434519  -0.09794033   4.09052655   6.01009303   6.69673302
  -2.43935044  -3.62738245 -15.78758593][ 10.72252604  -1.97913457  16.52639761  14.05506184   2.35313668
   0.5623587   -3.81122698   1.23477613  -2.93237083  -1.36716653
  -2.49144942  -5.50078266 -15.64445857][ 11.99253478   2.80772485  22.52967661  21.85553612   8.75919562
   0.21391589  -3.56624255   2.95882238  -5.98496106 -17.71337897
 -12.13391332 -15.42179838 -18.74691613][ 12.56498765   8.5363716   25.19066744  20.99920879   4.42723332
  -5.24884663  -5.42284901  -3.29191094  -7.46590992 -11.74952068
  -1.42061999  -4.94064835 -13.97427967][ 15.31435825  -7.2820213    5.77193174  10.51791756 -18.35004297
  19.77096233 -14.34337509  -4.25529269 -17.12132804  -4.96312588
  -6.63629306  -9.83907301  -7.3405049 ][ 17.2247372  -16.81788459   4.29194921   9.58359948 -13.71408446
   9.66881941 -11.98177961   9.39511993 -13.15480848  11.98299787
 -13.16882246 -23.04693785 -15.93392604][ 17.28508277 -15.97462628   5.47949107   8.44424412 -11.91162669
   8.46189617 -11.93526296   4.59511814 -14.05544936  10.07578989
  -8.63663638 -21.72956708 -12.42509861][ 15.39859776  -6.83664645  11.38824941  11.45277217   8.25091658
  11.99021898 -12.57400976 -12.79960309 -24.83271587   4.47355751
  16.95079915  -6.2079155    0.372155  ][ 14.91967178   0.71384102   4.15847997   2.61873893   7.27426668
   8.7509051   -5.21356577 -13.70034901 -26.13699386  -0.50658275
   9.11755718   0.64361911  -9.54648525][ 14.90713689   1.47650689   5.85113964   1.69033688  14.24107316
  15.14018882  -5.51381595 -13.4508871  -30.6032143   -5.02569308
  10.37981162   9.5970568   -8.97830841][ 14.86028337   4.9102056    4.9814281   -1.38432065  15.3462396
  12.5191371    2.32366212 -16.83620701 -28.13894572  -5.41731052
   6.67169843  16.44831395 -10.92367421][ 14.90102217   5.63201226   4.1906123   -3.00365642  11.10712376
  14.18087223   1.40316765 -15.10638717 -30.82678996  -9.27053911
   1.80298898  16.9079664  -11.78421837][ 15.05800887   6.46727932   5.62248789  -4.38137519  11.92602776
  15.27115768   4.94134194  -7.47965258 -25.75256331  -3.8477735
   4.41737348  23.60077076  -9.09764307][ 15.81387393  -1.96012473   3.39169902  -3.63494179   0.49856788
  19.23712645  -1.9154755   -5.92507406 -26.79738331 -18.71809622
  -3.18319778  14.77491496  -1.93003698][ 16.25084672   1.65369451   3.07792106  -6.70941432  -5.45156273
  15.81439243  -0.43982201   0.77021655 -23.25605092 -18.73222275
   1.9483209   20.62599758  -4.17267781][ 17.63342501   9.56245635  -2.99570923 -16.52802183 -18.63749744
  -1.86364873 -11.25394654   0.03121727 -17.9486204  -17.88870234
   1.98778662  20.47535671  -5.77825727][ 19.31514099  13.95539955 -13.04025486 -20.31615855 -24.77718291
 -18.98111678  -3.47979101  -9.070323   -13.24853837 -11.99263759
  -8.15896461   2.06420718 -16.11120581][ 20.12229132  23.30566018 -16.21897784 -15.52828936 -32.51044927
 -10.42692443  12.40644457   4.2771213    8.63885948  -9.00264185
  -7.82332819  23.8036249  -15.2791876 ][ 20.45222476  21.41139842 -19.50532288 -19.48654516 -37.27731676
  -6.42361915  12.92451557   5.262233     5.04065162 -18.9056617
  -7.95806861  16.86176358 -18.92716433][ 21.07915056  15.51994876 -21.25336919 -26.75809832 -30.49295926
  -4.57294977  16.4137154    6.42600886   1.53097566 -14.34006651
  -1.95686556  10.91668492 -14.32657213][ 21.28640258  17.46474746 -21.99179935 -24.03574956 -24.84014821
   2.6243981   19.52928828   5.65934489  -2.8943233  -17.67752348
   0.80922926   6.88969374 -15.90647585][ 21.25184893  17.47242183 -23.34507856 -24.75348011 -24.53657785
   3.01434057  21.73356402   8.58213973  -6.04627797 -19.89316901
   2.34730228   6.55517263 -12.31959266][ 21.45917617  14.96608142 -26.71099268 -27.06742065 -29.43805824
   0.56005288  20.61855988   0.90210452  -4.17457389 -21.84081492
  -4.29199044   8.45651522 -20.1396731 ][ 21.34037303  13.99554449 -24.6948206  -27.70858715 -26.91223441
   4.81903759  21.86579607  -5.06646777  -2.17414459 -17.12619418
  -6.11430604  11.51044827 -19.02916875][ 21.33434273  15.75594937 -21.90458721 -21.02851926 -23.27994956
   7.89089419  19.91120627 -10.71611613   1.23962875 -16.83449076
  -8.52425151   7.82567622 -11.39858551][ 21.43256024  14.73505839 -25.12450691 -23.1439585  -29.43739378
   7.56040563  23.12381871  -6.62640015  -2.24206457 -16.59656294
  -3.99398326   9.67446597 -17.67688559][ 21.13463584  14.61449731 -29.18887193 -23.73700857 -30.5805614
   5.19616705  21.13953438 -11.31362281  -5.89314199 -22.29182202
  -4.42439833   2.4263534  -21.98467009][ 20.96179237   9.96364223 -25.07968058 -24.90140318 -26.82061061
   5.3204849   12.00934596  -8.90616475  -6.99461057 -13.6794438
  -4.0452207    2.89658754 -18.11638125][ 20.73255877  11.60795789 -23.772292   -23.00265111 -21.28389467
   6.92846554  15.0479741   -5.06147691  -4.27981495 -10.95100445
  -0.75039607   3.97233236 -19.33380199][ 20.41435816  18.43625541 -28.85248152 -20.89050799 -29.30309055
  11.45500532  17.0925468   -2.56695536  -6.80441332 -15.47533115
  -4.15379312   9.13716324 -19.61618625][ 20.22234634  20.86283657 -29.57418941 -21.04393716 -30.32006434
  12.28912633  11.96875796   3.26639685  -5.93803406 -20.29404178
  -0.88755947  10.93018333 -18.59826082][ 20.04653963  13.94431519 -23.70414775 -21.23613281 -21.35969276
   4.73409363  15.05658956  -8.52574022  -5.67286971  -7.81652044
  -9.11084485   2.8042696  -12.95007682][ 19.44332817  18.40555733 -31.36657346  -9.99673869 -34.76265918
   8.33381029  14.97392208  -4.10661517 -10.90224765 -15.6593542
  -5.2463124    4.45152849 -21.36466755][ 18.83747357  16.68069067 -27.01014306  -4.55514689 -31.51951503
  10.93627383  19.00203206   0.92356828  -6.14187853 -15.56788401
   2.65785061   7.45945731 -16.65419849][ 18.05937681  15.03573034 -24.13286485  -1.02461208 -29.55938777
  15.56332468  17.52815588   1.4263489   -5.08325209 -17.00057504
   0.802845     8.16700331 -15.11799856][ 17.10066638  12.40394109 -18.65765035  -1.72579144 -24.38986041
  20.2820383   17.02924387  -0.4125599   -4.57856557 -14.80613486
   2.62559044   3.76786841 -13.40172656][ 16.02883145  11.88722079 -16.81535754  -0.13974205 -18.31277119
  22.73317788  13.59993287  -4.48842913  -4.42225159  -5.9200175
   1.52392424   3.31690105  -1.55910826][ 15.18915329   8.2595424  -18.72756951   0.06366289 -14.45904867
  23.11531269  16.74754563   4.56765296   2.5065424    2.45967057
  -1.55156408   5.04589749  -4.70548589][ 14.78273306   4.11771242 -22.78237774   1.81012674 -15.16511871
  20.05531758  18.04554903   6.98020654  -5.19201706  -5.10903318
 -10.31091062  14.15295008   1.99169419][ 13.93660933   1.62058468 -22.03668975   4.91958333 -14.07733304
   7.75807561  10.28087552  -2.4119858   -7.04929163  -1.10680644
 -12.91007836  19.51536054   0.36800718]