[ 13.42992248  -0.20502309  12.69602222  16.19450848  -4.69675259
  21.76231001  -9.23105439 -12.82381858  18.66365672 -21.3545299
  -5.88696041  -7.66817468 -23.57400866][ 15.9727122   16.60045595  13.26768461   6.70124578 -19.98358457
  18.04351367  -7.06719014 -10.18022999  -1.67117188 -24.20052347
  11.36039774  -4.85066283 -20.42676608][ 17.4843318    7.91526784   5.17297401  15.98910407 -21.50939354
  18.08501442 -28.96067696 -24.61408265  20.11260452 -13.44289418
   7.098716    -6.64431377 -15.4081122 ][ 18.31670211  12.99563271  -1.75847542  20.9369373  -28.57340997
  21.29056066 -29.16760678 -34.85653577  28.0475089  -32.62946458
  14.93451814  -9.31002447 -17.33508624][ 18.49577545   9.86617849   4.36037304  21.47323907 -24.06348983
  20.92186253 -29.27142742 -24.76602448  18.84112148 -19.13126562
  11.48795881   1.48101007  -7.51206536][ 18.56326024   3.64758299  13.85206885  16.58222378 -32.49566404
  14.83960534 -27.3872076  -18.58854656   0.91934258 -22.39898081
  12.49222537  -0.81701899  -9.70941299][ 18.84793569  -3.65013883  20.79475341   9.05497003 -23.56933311
  12.69091387 -39.47279196 -11.58695516  -7.01337842 -13.21041158
  11.4605011   -4.32991883 -25.02957282][ 19.52150853  -9.65154103  25.94793313  13.94022658 -19.39892229
  19.55533083 -49.38911882  -6.40613364 -12.48840348   0.73071839
  16.53334048  -2.37146325 -16.59269374][ 20.01969992 -18.37108334  33.20865816  11.19694403  -9.03743217
  10.79810418 -40.80131031 -21.92633359  -6.77850918  -4.7693804
  22.77271266  -8.52890807  -9.49896563][ 19.84208145 -20.88335593  34.72700848  13.43573937  -8.05904982
   7.71845567 -32.43557078 -25.36522769  -6.36078519  -6.98248121
  20.13941246   4.67309074  -6.94708341][ 20.13751631 -22.87782921  31.12638708  13.47949658 -12.85300982
   9.62193288 -28.66551659 -14.76801337  -2.08555609  -7.53166611
  12.2339374    5.36148815  -7.55543191][ 20.94787619 -26.40625544  33.6188807    9.85579541 -20.43726763
  22.33029481 -23.95724216 -15.71125246  11.06704855  -8.4056787
   8.06179611   5.61475932  -7.31711467][ 21.13203663 -28.01295149  31.41843742   7.04153256 -17.5614322
  22.55301712 -23.30250113 -18.47184365  10.84016895  -9.17163414
   3.43163896  -0.038699    -7.41473095][ 21.01686693 -27.68830232  37.11258041  10.42113315 -13.98640748
  18.7749082  -25.01467119 -22.9673833   10.39656383  -9.59647151
   3.51699499   6.05328671 -11.7819733 ][ 20.75402916 -26.90487653  33.98987114  12.32680341  -8.9016926
  10.79442981 -29.18182077 -20.13956179  -0.88728701 -16.63707589
  11.59179397   3.56600649 -14.19422459][ 20.89058371 -26.93161469  39.24778803  20.30249024 -14.18503662
  11.48848341 -37.09222425 -14.95006961  -2.69031696 -12.44504181
  18.91567377   2.62837848 -13.96272243][ 20.97009441 -26.40468679  35.99039538  14.51823933 -15.1562046
  12.33862013 -33.37238383 -16.27838706  -1.98526961 -18.7134157
  17.58708501  -1.93469884  -5.28972827][ 20.98517107 -25.19871847  31.68386687   7.16459316 -13.34883845
  12.44039509 -29.38085116 -12.60892229  -7.38049698 -19.37830505
  16.16595652  -5.13173299   2.4564659 ][ 21.14385874 -25.41697665  36.4733946    5.82667343 -11.72254269
  12.44181578 -30.4400425   -3.31250623  -0.76807266 -12.55169833
  17.37272964  -7.62682077   9.40143268][ 21.3242437  -27.31192737  38.39962729   8.36560755 -12.38682945
  13.41222196 -37.50343737  -8.3115088    9.4744111  -10.6943485
   8.29792382 -10.56347824   6.05702078][ 20.90301369 -23.09768881  35.32493767   9.46416817 -12.11107783
   9.2348115  -36.87061721 -13.33865713  -2.35949354  -3.92704507
  13.91644399  -9.66600519  -7.14830351][ 20.4222099  -16.85699975  24.87288799  10.84020359 -15.702402
   5.28782596 -34.58326294  -8.81157547 -15.2348972   -0.67526252
  12.39716951  -0.41234196 -11.70050394][ 20.2491612  -11.2193162   17.57746162   8.01541187 -16.10102879
   6.56973779 -41.02244993 -14.22259101 -14.11794052   2.86363309
  14.66889822 -11.58899166 -12.53834566][ 20.23685387  -7.02705692  11.4982936    8.31103735 -19.35133721
   7.5701756  -43.33743977 -19.52392995 -11.45600708  10.08476206
  10.31418977 -14.5938586   -9.93575904][ 2.01841195e+01  3.76928938e+00 -2.09451089e-01  1.85152825e+01
 -2.08543839e+01  1.37058098e+01 -3.66707074e+01 -2.18681334e+01
  4.79859008e+00  8.54041817e+00  2.02017655e+01 -1.83046550e+01
  3.47894912e-02][ 20.69048183   8.43087002 -15.32388735  18.24651403 -34.90048759
   7.08016781 -34.21153386 -31.46066748   9.4008339   -6.77739296
  19.33441752 -26.73857918 -14.52427035][ 21.00929341  10.17591631 -18.79066457  22.3067956  -37.25746711
   3.63977082 -30.28264292 -29.42610344  15.20333413  -4.86765406
  28.27674045 -22.62414901 -11.7366658 ][ 21.22986893  10.22988598 -19.65624441  23.07097296 -35.79113156
  -0.36943764 -26.03588024 -28.44382088  18.33012585  -0.84945465
  31.86687884 -21.52052241 -12.2419115 ][ 21.36165931  10.4573859  -23.35582932  20.70781516 -39.67643533
  -2.29148751 -25.52606735 -32.75592722  19.51607445  -2.71967738
  30.5451263  -22.78251792 -13.28186195][ 21.58366562   4.49997155 -15.33260098   9.94121789 -27.45208542
  -4.07072626 -17.93481365 -22.55346837  10.66866078   3.68697719
  16.87880364 -10.49548868 -14.45340252][ 21.50187667  10.80476717 -24.04971496  19.36206622 -36.26912377
   3.1861827  -21.81403458 -24.41983258  20.77454808  -2.59226897
  26.31419981 -18.63560281 -11.12382056][ 21.43254716   8.7328343  -26.22635353  13.70094357 -39.89126572
   0.58863536 -26.26161193 -29.23370546  15.23360569  -8.28119088
  23.29395977 -25.8497133  -15.86770084][ 21.47532081   8.01353315 -24.5073098   13.94187177 -39.58039647
   4.34783039 -22.44627744 -27.81158037  19.31431472  -4.69441219
  25.75152366 -21.82587547 -14.81703107][ 21.54614942   7.0725641  -23.67527397  14.65269533 -37.74926189
   6.98946332 -18.94077405 -26.40510165  21.92052452  -0.45202121
  26.09420153 -17.69074009 -17.12569014][ 21.50653024   1.71744194 -17.93137694   4.04899504 -34.63690849
   3.10084916 -18.94044477 -23.82731272   8.86624542  -1.13662117
   7.73199792 -14.84234751 -20.29818696][ 21.36212031   9.69430365 -25.50536772  11.39189311 -36.63938931
   6.38436075 -21.40315163 -27.08641989  20.66744265  -2.31357738
  21.04309316 -21.34982936 -16.23718149][ 21.28389875  10.23710656 -23.04834837   7.75852972 -29.73282825
   8.38043898 -23.38100472 -20.69875985  19.85326795   2.02434411
  23.96096774 -18.96499299 -14.79919232][ 21.27174626  12.21857352 -26.73546667   7.39461933 -30.04999143
   5.11401715 -26.34619955 -22.13333262  21.40095249  -6.72826148
  26.66696497 -23.75589619 -17.61350876][ 21.28937533  13.58373628 -25.94874924   9.63389737 -26.30196741
   9.61402003 -24.49370775 -13.27112135  22.69034757  -0.21167544
  29.61379235 -18.26417812 -17.72392743][ 21.29867655  11.11501045 -24.06006368   2.26105283 -22.92524748
  -1.15253406 -26.51337998 -19.84339278  12.61450277  -2.96136844
  18.99165638 -19.86958265 -22.54668379][ 21.19344747   9.86533505 -21.06061339  -1.6219113  -22.30314328
   2.68474643 -29.82385611 -14.7737679    7.17245906   4.28559566
  15.56318891 -14.58003184 -25.00473944][ 21.1825294   11.25635801 -20.77248225   1.21205908 -22.60660994
   8.73987991 -33.45143656 -11.43896279  11.08312265   5.49519976
  21.45520476 -12.17122292 -25.39597564][ 21.15275364  10.18938213 -19.92831227  -0.43309629 -25.27727117
   8.13222282 -34.31245126 -16.78598214   9.92895347   2.63318591
  19.09644152 -14.70930819 -27.3612514 ][ 21.21298079   9.91540662 -15.05869414  -2.66574856 -16.69613742
   5.91738454 -25.27595373 -15.12555117  12.21185565   2.38502469
  18.02202096 -10.61883113 -20.65952442][ 21.12279682   7.8042038  -13.28649431  -5.89373697 -22.45502152
  12.05319257 -38.38014607  -6.85469091   3.30187499   9.31581703
  11.55613613  -9.15668053 -25.1620856 ][ 21.070827     6.54350713 -14.38577372  -8.84390705 -24.14793057
   8.14139438 -45.35839442 -12.05668414  -1.95340882   5.48619899
   5.40022086  -7.38557713 -31.89605286][ 20.93145707   7.78997934 -12.62528152  -8.16673866 -19.48248415
   7.52917733 -42.02155702  -9.9756871   -2.43747859  11.85536084
   7.87581724   0.33558473 -25.43476515][ 20.42377696  15.82336017 -21.07227453  -1.58340164 -12.45910295
  -7.80278954 -19.90198564 -28.46169947   8.4378725   13.42557147
   8.84048413   7.33562788 -27.78851493][ 19.2361996   14.80321762 -14.82945338  -2.66759275  -1.86691755
  -7.50214601 -14.74980337 -18.99343726   0.84961199  20.85598362
   3.27723328   2.34298956 -15.95579477][ 19.76784199  19.1342969  -19.09126068  -0.65463914 -16.13008128
  -3.97562645 -16.54302308 -30.38225136   0.85683134  14.3212819
  -0.34630119  -4.13776818 -15.97589561][ 20.58425427  20.57312546 -23.43845224  -3.41100639 -19.98507272
   0.70359386 -20.17317282 -33.73325616   7.95352657   9.49621436
   6.09075073  -0.89267941 -15.67530209][ 20.9428733   22.26444532 -24.83921364  -2.78807559 -22.12476055
   7.48024384 -19.11191459 -34.91062738  19.51301954   4.50239506
  14.29012026  -1.00273189 -12.68454755][ 20.93097838  22.99872429 -26.5065554   -3.5173897  -28.44262292
  10.7480109  -24.14127737 -35.17751821  22.39821533  -7.8604899
  17.00304603   1.13448956 -16.30061295][ 20.87714538  21.2051592  -19.42005727  -0.25471718 -24.63347577
  13.57649085 -12.82316882 -25.48051384  20.55084154   0.991124
  18.70553708   9.17183995 -11.33667879][ 20.84956896  22.81616329 -22.17991738   3.59779728 -37.02109443
  16.34851667 -10.15897863 -31.64521266  20.09294809  -9.19530773
  15.51038081   7.32908187  -7.30160191][ 20.85220565  20.56228855 -24.45217739  -0.94514039 -41.6772167
  13.56916998 -14.31349594 -34.26318677  15.34497546 -16.84187681
  11.94239954   4.22626217 -12.40137031][ 20.88649537  21.06701771 -24.47587143  -0.65644925 -41.38503103
  16.45204611 -15.10875588 -26.81588367  17.25279184 -16.44225818
  14.48071054   8.71063214  -8.09381479][ 20.9118799   21.0130388  -24.79125961  -3.38374563 -38.236288
  14.11319448 -16.68770649 -22.22630959  15.21242072 -20.54431661
  16.52201933   8.90126043  -9.25206209][ 20.99643864  14.27936458 -14.97393361  -7.08987611 -22.08715474
   5.54423467  -6.03742996 -11.75592255   9.82372901  -9.73053114
  16.75236961  16.75461561  -9.88372086][ 20.94898542  24.78070584 -21.8450765   -4.27061168 -33.82884346
  18.58511211 -19.9234448   -8.15031993  14.59191648 -27.91324162
  23.25712574   9.82007999  -6.1276134 ][ 20.96515952  22.14306399 -20.93319351 -13.1852744  -30.23496327
   8.92420404 -22.26564357  -6.97157131   6.12830766 -30.38630138
  17.60281555   7.45759524 -12.27696603][ 21.01083842  24.49598735 -23.38503709 -11.97505932 -30.48487285
   9.76039439 -22.51408384   0.63613004   3.84337692 -29.30181374
  22.94542174   7.5988872   -7.86983457][ 21.06502419  22.04261241 -20.70848537 -14.15544939 -26.92135359
   7.38126506 -17.44614287  -0.22932199   6.44144218 -26.90134157
  21.29342666  11.42780934  -7.71898491][ 21.04455537  19.05652617 -14.58916164 -17.42664668 -19.64376046
   6.25797559 -14.24844865  -8.99268481   4.63924353 -19.39589111
   8.9568588    8.90413597  -6.74496648][ 20.99379929  16.32805275 -15.36233201 -18.30912965 -24.52697708
   0.2045624  -12.06501887  -5.28863381  -1.99500385 -21.56468261
  14.53099462  10.84127469 -10.52916146][ 20.93524189  19.61148785 -16.43985864 -21.38312792 -28.94368159
   6.68702339 -23.1508246   -5.90131582   2.20986441 -33.48175459
  15.22845451   7.39894857 -13.0106509 ][ 20.91597972  25.76342434 -20.90242311 -13.87041746 -34.87225257
  16.03919516 -24.8324476   -0.65610873   8.31275831 -33.61086775
  21.1077204   11.98352008  -7.59822005][ 20.90417941  24.33747803 -18.49774423 -14.88093596 -30.207328
  13.66377826 -16.36114236   1.50735603   9.6475894  -28.51785362
  22.40257422  13.60396246  -5.80196862][ 20.85086716  20.64522805 -13.15856331 -18.30920027 -20.63424765
   8.86739473 -11.10940766  -2.2366354   -0.22661254 -19.81929275
  11.42527306   7.39909384  -9.77157994][ 20.72488465  19.89047858 -14.6035644  -20.02734601 -24.44719163
   7.79271549  -6.03716738  -4.10710353  -1.35380645 -18.74781533
   9.59692131   4.30114743  -6.83507485][ 20.56987378  21.95404798 -15.5321143  -16.74955781 -28.19053449
  11.39213727  -4.39550278  -5.92337424   2.26018697 -18.67995674
   5.48048958   4.81872203  -1.55769332][ 20.40894547  25.21639945 -18.67718028 -12.65862531 -34.11570907
  11.20264436  -2.02769857 -13.96652541   8.19691924 -25.35209083
   1.29897724   1.7597881    1.9215437 ][ 2.03411631e+01  1.86381196e+01 -1.15273641e+01 -1.77174644e+01
 -2.17168788e+01  5.18762005e+00 -2.13553533e-02 -9.10154310e+00
  3.74010556e+00 -1.22157291e+01 -1.09626368e+01  7.06165153e+00
 -1.35604340e+00][ 19.99563138  22.37515965 -14.57736674 -15.30249445 -31.7082212
   6.96932246  -1.84127716 -17.66632853   6.36483168 -21.53679714
 -17.29239605   3.43161717  -1.60263157][ 19.8007141   24.13488882 -13.72046085 -14.82161329 -27.18997516
   7.48178339  -1.34404698 -18.02018743   9.33723885 -22.87865859
 -14.77661815   3.02123178   3.19812264][ 19.41531513  25.98250446 -15.29692379 -10.91270461 -26.26438848
   9.23273059  -2.96376349 -17.10897671   9.10516276 -23.07908986
 -14.82647048  -1.2706345    8.03367422][ 18.93361693  24.1937471  -13.85316333  -5.41078578 -21.51874108
  10.53052319   0.69611559  -9.51114182  15.94963929 -16.65856008
 -13.52042463   5.18673449  12.55067869][ 17.95527195  15.96679635 -12.30319148   5.43195952 -30.32852968
  14.36714666  -4.06270322  -9.17589613  13.49479383 -17.60635706
 -13.78163565  -7.81451431   8.18234012][ 17.2808323   11.46387245  -9.61323974  11.9338978  -24.28525942
  23.45525394  -3.04887126  -5.1613254   21.91984951 -12.27564108
 -10.45470798  -9.74630593  10.69692355][ 16.80476373   7.05075958  -9.81755271  16.36981579 -18.91087922
  27.66199193  -5.35124082  -5.58607544  23.22748691 -10.42904716
 -13.90442623 -16.02189431   2.35213462][ 16.1999081    8.51777758  -8.70126662  13.54250527 -10.70886465
  30.5635778   -3.23403347 -14.83131751  23.83407179  -7.93536138
 -24.07749639 -21.46503813  -4.24602446][ 15.62243697   9.62793064  -6.86389239  11.46052906  -9.62293977
  35.23774349   3.2545932  -14.29367487  21.71526006  -2.48007032
 -25.72729341 -17.44450251   4.97056661][ 14.67635859   8.45213184  -3.94965867  12.00875974   1.43649348
  16.12368344  -0.9067725  -10.87039232   8.2840654    2.04567106
 -12.21963456  -3.59750748  12.46911286][ 14.1010281    9.22122809  -0.71677517   8.58899911   9.34422763
  30.22060492   7.13426824  -5.78314952  14.72677396   1.15342782
 -13.94095976 -10.37598784  11.95108299]