[ 15.25907861 -17.8452322   -7.64246069  34.37332766   3.04505377
   9.71775763  -1.84626983   9.0014843  -10.06331013   4.05130226
  -0.24481053  16.33929209   1.73427967][ 17.93963957 -23.60871393 -12.17424732  40.09330198   1.3180109
   1.9523081    5.38444695  24.55778768  -5.38980857   7.27344795
  11.5344396    6.22621483   9.64666029][ 18.53342296 -23.94504128  -5.83886059  46.85931506  -0.78423127
  -1.00280971   2.16570172  17.55078956  -6.20179316   4.32883838
   5.44055981   1.80864405   4.22019237][ 18.51567768 -10.62368905   8.19077914  45.16860755 -16.28956978
 -14.43049074  -8.0359156   -1.46612235 -23.28302168  -6.44016074
  -4.468101    -5.5802061    2.12812457][ 20.62881998  -8.0581119   -9.54651729  43.26552993 -24.21979978
 -17.69009246  -6.48587484 -26.05261722 -15.1811025  -20.22439567
  -8.70339264  -3.02946174  -9.40081648][ 21.43567017  -9.06779542  -3.25917534  59.91263626 -25.46247781
 -32.02028865  -4.23002126 -28.17287134  -6.25847652 -30.53332402
   4.44697503  -4.58320322 -11.1917492 ][ 21.79977742  -9.17006034  -8.37514981  55.56743267 -30.19426107
 -34.74669979  -7.69806335 -27.71032943  -8.4973851  -41.20943215
   3.57079641  -8.55838764  -9.12145001][ 21.904654    -7.80236267  -7.73172261  51.91372488 -28.55908971
 -36.56764337 -14.18996539 -18.32566677  -6.58804201 -29.81580228
   5.8184909   -2.94221985  -7.59361862][ 21.61278881  -3.62206731  -9.64751741  50.85949812 -26.83041544
 -34.55692046 -16.30540082 -18.31097258  -3.53174944 -32.24821979
  12.61771346  -2.21902668  -0.41226114][ 21.65602003  -2.75011927 -10.53851287  52.34047373 -26.50103103
 -35.90446745 -20.94289691 -17.0094833   -6.45034701 -30.92638525
  14.94467154   2.0092826   -1.58421834][ 22.05445717  -4.8579469  -16.44703959  31.44143667 -25.77991914
 -29.56696226 -14.17122561 -19.11554526 -20.33084894 -28.53794271
   1.02506099   4.21506662  -8.3673766 ][ 22.41230573  -7.6731002  -13.24987864  38.87500591 -24.07251122
 -37.46333185 -20.57108079 -16.90862881  -9.66208505 -26.55175852
   2.31542172   8.81353072  -5.69025441][ 22.395007    -5.27795416 -16.94607655  43.9108808  -25.33164379
 -37.51933278 -24.37511964 -18.06156275  -5.9708898  -29.88250791
   4.48641254   7.39631497  -4.81589493][ 22.42395197  -2.70285886 -21.84379064  48.83106577 -28.59267364
 -36.51135228 -26.42617062 -20.2829012    1.16259806 -36.39183705
  11.30134486   2.53584323  -0.31646608][ 22.7214907   -7.13773009 -14.30067687  41.00065019 -18.54120954
 -38.00220732 -20.40010408 -12.16344389   1.58838054 -26.74124582
   7.70271545   4.65652426  -5.44772008][ 22.56202831  -6.37605474 -19.00279086  38.68647473 -23.74308455
 -42.54089367 -20.54611405 -19.1586504    4.83902345 -34.88397884
  10.54064998  -0.42227009  -6.34105956][ 22.3841781   -3.05598531 -22.48369599  44.50255    -31.2775825
 -37.93875702 -23.42439916 -14.89547624   8.50634781 -33.60462774
  13.74498684  -4.54835478  -1.60581667][ 22.34535039  -1.72520113 -17.77675121  47.88189044 -29.96741659
 -35.52060177 -11.99668633  -7.52971247  13.95393901 -29.55986387
  17.80235917   1.32712565  -0.63979427][ 22.30343865  -3.75679497 -21.40169769  36.2767856  -36.47609478
 -33.27236794 -13.38825779 -15.58650833   1.86709789 -27.34165919
   7.94450613  -5.37579717 -11.06830922][ 22.05684106  -3.3375811  -15.81918947  43.92467782 -41.90780615
 -41.16468064  -8.03466536 -12.82393146   0.18075456 -33.41771608
   7.30275743  -5.88524997  -8.59483311][ 21.90212715  -1.40414244 -14.48948151  48.05075037 -44.62303867
 -36.71766634   0.25528511 -18.40358333   0.18296699 -34.59702942
  14.41768325  -4.46860384 -10.12280775][ 21.68372783   0.24029876 -12.67243473  48.40196431 -41.12632893
 -26.82657604   5.31059547 -18.76290239   0.63598791 -23.67201972
  14.56843528   0.64181977 -10.6780824 ][ 20.86856056  -1.28113068 -11.39433774  41.89493201 -32.75922062
 -18.02100493  -5.68950436 -23.10824285  -1.94784057 -23.61766528
   1.32261474  -2.3051922  -14.87127547][ 19.81315177   6.36639445 -17.74868708  38.85370011 -28.94359936
 -14.91892378 -12.31913496 -26.06788626   0.24238004 -30.64204012
  -2.72241294  -2.94082322 -17.57804213][ 19.14106984  13.01858985 -17.11598271  34.51487658 -20.41446125
  -8.56171158 -21.54339167 -19.86995103   7.72772891 -36.89860347
   3.61146847   1.95101517 -17.08732259][ 18.796797    16.96632805 -11.78407913  24.64772906  -8.20073064
 -10.96279083 -23.71571687  -8.21933009   5.61783793 -31.48202633
   7.60691357   2.70687293 -13.99599555][ 18.74149468  16.27237937 -12.79425149  17.68449623  -4.45341504
 -17.33271068 -30.85517198  -3.41909572  -6.44714943 -31.68451557
   3.80579082  -5.17081168 -14.51616378][ 18.59722178  18.7558512  -16.72440014  19.66112672 -11.70838648
 -12.11402075 -38.09707237  -8.4491728   -6.49299205 -39.18725694
   1.1237601   -5.36691715 -16.90369911][ 18.4485216   20.3470826  -12.01113997  22.05381803  -8.01184573
  -8.45298301 -30.17207255  -3.38907102  -1.63492036 -32.30302525
   6.71391499   1.47594677 -10.53352383][ 18.29445517  19.23478262  -8.51566234  19.11002386  -9.56987106
  -9.49447094 -29.70375181  -5.64203387  -4.79260454 -31.99782284
   2.0385904    0.38877405 -11.55214284][ 18.27590795  17.1785512   -3.88981508  13.6069741   -3.70432131
 -19.31614873 -25.4337032   -1.33332104 -13.57756861 -25.96355429
   1.74423172   1.88892829 -10.99576133][ 18.10036649  22.12484343  -6.87997622  11.9425      -5.86861377
 -13.87080862 -41.52701479   0.51555694 -12.82450902 -41.08739499
   0.83398746  -1.56993295 -14.88960479][ 17.92974372  24.4281148   -3.35376885  17.31664384  -2.19528645
  -9.76671272 -36.28260605   2.42242271  -3.78286656 -33.84405038
   5.0508909    5.7455569   -9.03045172][ 17.58598549  22.48511542   0.0633985   13.81964005  -0.97747552
 -11.6227245  -38.18279985  -1.44895906  -4.31449944 -34.74394085
  -0.12308332   3.13969209 -12.52952508][ 16.96350813  16.09416978   9.96524885  21.57954399  -4.20237922
 -12.1261323  -26.29466855   4.77234773  -4.74203225 -25.38179972
  -4.67538674  15.79777232  -2.15947131][ 15.51249992  11.52901745   9.90122513   9.64166266 -11.3170608
  -5.53907103 -24.50346737   2.53231575  -4.4657191  -14.87146936
   0.55354675  17.24042395 -10.2980009 ][ 13.89191868   3.19167445  10.5464267   15.65686941  -6.66821542
  -1.29002752 -22.94586239   2.77884472  -8.39769414 -11.05169038
   3.72066124  18.7215607  -17.31148269][ 12.29094395  -7.44747738  -0.36160026   6.42395424  -5.74112862
   0.4203056  -10.44956922   4.33656156  -5.36592881   5.27442847
  10.70003167  12.190447    -8.57308154][ 17.13173628 -25.65121896 -18.22251726  17.60079271 -26.9194441
  11.12803626  -0.09283731 -15.33741386   4.71372399  -4.26845168
  -1.26634085   4.13989831  -3.87992461][ 17.42476796 -27.87484083 -15.99422659  15.081914   -27.10542719
   8.62502653  -0.63236827 -12.6246608    5.94539119  -0.07144023
   0.94406079   7.95861034  -1.69118303][ 19.43419402 -42.76250108  -9.30215503  12.4684001  -30.25719863
   5.11900376   2.17618453 -12.22113341   2.22784135   8.16275152
   0.9212559   12.14225073   2.44074537][ 20.21240439 -48.76640652   4.2950339   27.92414233 -29.88857155
  -0.20596583   4.87900613 -10.85893894   3.44316945   6.03388183
  -0.33986923  11.33012289   1.18930386][ 20.67136556 -36.69374537   1.62193987  20.77855054 -26.29712658
   6.38623351   8.5952638   -8.74577285   3.4219477    1.94057795
  -5.32386355   5.77493831  -5.20819033][ 20.65529153 -40.3405576    1.3674251   22.45832088 -25.79554466
   4.12636374  14.71540549  -5.97354886  -3.12291924   4.23262766
  -5.198318     3.53565174  -4.38133964][ 20.554582   -41.91139101  -0.41278099  25.2024824  -23.92398929
  -0.1209787   11.68725112  -1.63869721  -3.81975555   6.25491056
  -1.16228992   3.79909999  -2.2830408 ][ 20.62013995 -41.36496593  -0.87467853  25.94188411 -20.99003089
  -2.3306123   11.91030891  -4.2106002   -5.37602811   2.80362371
  -5.66491157   3.66189923  -2.96792456][ 20.63290433 -40.17328074  -0.35598928  21.41761419 -23.44471128
  -3.86241596   9.87286589  -8.21399322  -5.18575857   1.73752087
  -6.89748398  -1.81233038  -5.80307611][ 20.71972032 -45.05029296  -0.29400715  27.97443519 -19.52897387
  -5.85827833  15.53296227  -1.88819878  -9.18513322   6.35612679
   2.36329898   2.52429881  -2.48014991][ 20.79023714 -48.13338684  -5.56158261  28.40829903 -19.68395378
  -8.80040866   8.86925748  -6.10966668  -6.11500025   7.60710049
   1.2059439    0.28117998  -1.68149306][ 20.54221643 -37.84291939  -4.92668586  22.70355868 -16.40538136
  -6.9199773   10.75854946  -5.00837403  -3.0554984    3.90442569
  -0.37625528   1.36481079   0.66645034][ 20.31093242 -46.49853052 -10.28939057  22.9589102  -16.92189789
 -18.22306305   4.38008108   1.25927029  -2.41675015   6.8759524
   7.61176594   5.22896569  10.43475289][ 20.05140396 -36.38303508  -6.26827825  21.92961509  -6.59032592
 -11.41192173   6.89254471  -1.07733956 -12.14420096   2.42805652
   4.39548567  -5.44172917   6.93355198][ 19.81564044 -35.32820167  -7.21251282  24.12548785  -7.89824007
 -17.2159976    2.31338093  -0.17688174  -8.05083345  -1.51284905
  -1.60067695  -6.63015928   1.50606628][ 19.56110731 -43.17564405 -12.17389985  25.05186068  -5.7413798
 -19.19322405  -1.7215684   -5.28262884  -7.70388821  12.60065635
   1.7722994   -0.32696716   3.85254639][ 19.40715809 -41.27748227 -13.60030409  23.44183236  -2.53447761
 -16.48520918   3.70469757   7.38568436  -5.95123762  16.51568435
   5.86232253  -3.41468246   0.42586873][ 19.14371518 -33.92885218  -8.07204351  21.75922019  -9.57168546
 -21.75761597   0.41069036  12.34318618  -5.15866769   9.43202534
   4.44081084  -6.72841915  -8.36478211][ 18.6781336  -30.42418615  -8.69325451  19.59307398 -12.38260623
 -20.92761438   1.27595096  11.79642791  -0.10486009  14.4470163
   9.27873983  -2.41281687  -7.67432924][ 17.99629702 -22.27187822  -8.76027423  16.79513968 -11.26634122
 -18.08588153   4.40269886   4.55034305  -2.32983913   3.05945039
   5.43493098  -4.62802329  -0.82092668][ 17.01492014 -21.85727588 -13.53831031  20.43074429  -8.58362324
 -22.64667348  -2.90874099  12.32230162   3.68704214  22.07091926
  12.87098495   0.44049998   8.53470366][ 16.16190302 -17.68535638 -15.29496799  21.69686179  -5.93048463
 -22.06235628  -0.63278995  15.90614551  -7.26799131   4.33646859
   0.48215014  -5.9290862    5.4955282 ][ 15.51268385 -10.45873382 -11.79642917  27.21438336  -1.8383267
 -13.35669094   1.44348214  14.67724479  -5.51855906   6.73611251
   0.06391738  -3.6023674    8.99549285][14.86172137 -4.40292479 -7.38953103 27.37706359 -1.2972925  -5.90906387
  4.74202909  5.99921189 -5.61004737  4.80484864  7.68635839 -2.2696559
 12.39631511]