[ 13.70123685 -17.58896021  -8.89725025  11.82929394 -12.65419709
  -9.42733144   9.33467158   0.12684365 -11.91648525   8.47818195
   9.20132375   6.24078553  -2.44704069][ 17.03499876 -36.4780278  -10.69811738  22.17932075  -7.96426594
 -12.80944925   9.12180639  -3.21710427 -20.23141158  14.31053427
   5.05355818  -4.14017791  -2.47500097][ 18.57187865 -37.79244703  -8.86283192  21.642613    -8.52932206
  -9.69350679   7.98728647   2.0311058  -19.54121269  10.1241133
   4.432298    -5.34990806 -10.49727748][ 19.42587344 -43.03761897  -6.8681588   28.62115497  -5.79119881
  -9.72264514   9.61619413  11.9006477  -10.66458148  14.09930145
  -0.90933005  -2.72116508 -12.87152845][ 19.74287642 -50.90425341  -8.04729338  24.41942065  -2.60458748
  -9.4741285   14.63289092  22.92910901  -4.5555898   17.62449453
   5.09863496  -5.82021101 -12.7808366 ][ 20.18396952 -47.61590457   3.96832922  23.59497436  -9.84575033
  -9.65782187  15.58935544   9.88145218 -16.53556174  11.8307782
   5.59885686  -9.61806798  -8.91424937][ 20.78783013 -53.25310897  -0.60574269  23.77624409  -6.4099069
  -8.15703887   3.14901429   9.60695767 -15.27144345  12.89385663
   8.5909021    0.19914743 -11.7046578 ][ 21.38167384 -40.86810552   3.39410491  17.59440376 -12.57333712
  -4.96749796   3.55247756  13.42407165 -20.78645775   8.70503197
   5.6550136   -3.52344815  -7.42420169][ 21.59104821 -48.1964848    1.11835748  20.63884613  -9.26259179
  -7.64540273   5.98287356  15.20238316 -20.20939438   9.38413026
  10.46115085  -4.12723855  -6.93329108][ 21.72679819 -48.78846577   1.7365341   20.69874972  -7.45612663
 -13.4641045    7.40664338  15.76392239 -21.15751205   6.02640657
   5.08403948  -3.22857544  -8.09484462][ 21.87796857 -45.6787541    2.02072209  17.53428604  -7.64786584
 -11.21137675   5.14377365  14.57642712 -20.20383828   4.26414459
   3.68803435  -3.0268814   -8.73538809][ 21.962288   -47.25758489   3.5442816   18.30224225  -7.99218924
 -11.05392994   4.72896136  12.67670947 -21.0837652    7.02933704
   2.82009183  -0.89272423 -11.60192775][ 21.9540345  -46.30755058   3.87540992  18.74573563 -12.09562554
 -10.47135965  11.15109052  10.03334327 -22.15568955  10.49289678
   2.91040206   1.90788857 -10.3320765 ][ 21.86853756 -51.36498532  -1.62349709  19.61547576 -10.60547739
 -12.42379347   9.78286472   4.95105987 -24.06372614   8.66680841
   4.01622818  -4.97275794 -13.54851236][ 21.75098491 -45.13333428  -0.63114115  22.03215588 -11.26912957
 -13.02258929  13.27927318  10.31726226 -18.00485442   6.65286942
   6.8586769   -2.82344529 -12.11741513][ 21.376798   -49.52031325  -5.19486653  21.73815377  -9.28542442
 -16.4339339   10.44696083   8.93518553 -19.9306554    8.5743024
   7.88466764 -11.45083263 -18.20152624][ 21.30569659 -35.87000579  -4.66129835  20.40485183 -10.25721009
 -14.94869564   6.81789331  10.57841705 -23.28410666   8.71888321
  -0.32512484  -3.52638914 -10.76217223][ 21.13027064 -37.9640805   -3.5294451   24.16310564 -10.89636188
 -15.56482368  14.63319617   8.45570064 -25.21159453  13.04793949
  -3.1028975   -0.2965575  -12.0768594 ][ 20.50940105 -41.17933435  -6.02288197  26.86118161 -12.02578591
 -15.47912168  15.24023587   3.07453198 -27.69820692  12.21911125
  -5.15853354  -5.09745438  -9.5706906 ][ 19.12578367 -21.28823218   0.34028095  27.44599504  -7.04837973
  -5.5122975    0.29307128  -1.61516168 -24.31610337  10.5513237
  -9.36463978  -8.39131037 -15.15576531][ 19.73570096   1.04675684 -12.95340354  13.4736105  -21.31317535
 -14.75713315  -2.48758104  -6.70362364 -16.19691815  -2.24578905
  -7.10084476  -5.7506417  -12.06362045][ 20.71095578   8.115021   -22.80648104  21.62511469 -28.63876363
 -15.90746443  -7.34661541 -30.95044509  -4.40557029  15.26363295
  14.24587401 -15.07071635 -16.47989505][ 21.20637016   8.3132575  -22.27499024  22.75817561 -28.17780135
 -14.04693777  -1.25669342 -33.90699013   6.92755881  14.86036059
  25.11746993 -13.4899158  -12.90068382][ 21.36070053   6.63089288 -22.52393965  18.33236871 -34.06618356
 -14.40033253  -3.78832172 -39.36193959  10.46419749   7.6545406
  24.03705439 -18.89537347 -14.16766708][ 21.54499741   5.5585211  -16.41845567  17.23117909 -26.38808875
  -9.7624515   -0.42574915 -33.11144146  20.02512021   9.60706224
  23.88990003 -10.52887073  -9.21521522][ 21.66815469   4.24906366 -16.9667425   13.87625833 -28.1723172
 -12.34474097  -4.84101077 -36.23488066  22.47596012   0.7852896
  20.28624919 -12.9163316   -7.96126602][ 21.67682048   3.15801206 -22.11890848  10.27186132 -34.9453659
 -17.85477787  -9.68870028 -45.69773402  18.98839677 -10.79807028
  16.43022482 -20.89959569 -14.63321691][ 21.64329553   3.38222059 -18.10668885  13.35899863 -30.01852745
 -12.81119286  -8.66748131 -36.81785772  25.35572477  -2.21768441
  22.66333683 -12.66872132  -7.44741245][ 21.55755646   4.39761705 -19.85747325  13.6409784  -30.91973236
 -13.60998154 -11.01704386 -40.51759148  26.0978638   -7.58137493
  23.99669446 -16.18911935  -8.34553649][ 21.43217144   5.85699545 -15.56253954  17.46263871 -24.08079326
  -7.57589099  -9.69214056 -30.26445321  29.46733363   3.10351453
  22.24147212  -8.7791418   -4.49484782][ 21.38941193   4.88172474 -18.41783352  12.89050649 -27.63944126
  -7.87227853 -19.28296907 -27.90010463  18.56933775  -0.67653555
  13.68379973  -8.84921928 -12.19604082][ 21.49010042   3.89082167 -20.5313788   12.34654249 -30.14025685
 -10.40627513 -21.67308089 -31.45844549  19.31550348 -10.21070542
  19.0877607  -14.0255425  -11.86153203][ 21.49260188   4.78412828 -18.93897315  16.14410034 -26.7586477
  -7.79241834 -20.03609367 -27.90195025  26.4933396   -4.35252151
  23.95236656  -9.42995152  -6.85426782][ 21.47072934   5.45481465 -22.53255289  16.75782568 -30.23420418
 -12.03327839 -23.89476211 -34.38398443  25.09738744 -12.21444358
  22.6922433  -15.38988728  -9.90221597][ 21.47830043   3.88326952 -15.37177951  14.77392873 -22.22429421
  -8.44053592 -18.86329306 -21.39956595  18.93768107   0.59435228
  13.77374696  -4.96845254  -7.29393067][ 21.25061775   3.8171916  -17.10157465  17.21068085 -22.91327181
 -17.09925798 -23.60457587 -26.7697223   20.87421704  -0.60435302
   8.67026303  -8.92127061 -13.08989595][ 20.90884139   5.72624085 -19.54018726  17.17757176 -23.71171366
 -16.80895676 -27.06778815 -32.17863268  22.30955554 -11.36386993
  10.61803817 -14.1128905  -10.504997  ][ 20.59864478   6.94463567 -18.20255684  18.25913501 -19.53589355
 -17.29887899 -27.87454193 -32.80849014  26.46795201 -15.27396695
  14.73131607 -14.86791616  -8.55019187][ 20.51806801   5.88063255 -18.45526282  23.09195539 -13.41942874
 -17.01579559 -20.78385021 -26.59233669  17.71073193  -5.37738797
  11.50891661 -14.38135184   3.31214202][ 20.02115653   0.62544313 -15.55225078  24.77976149 -11.40904951
 -23.98196151 -23.78981114 -21.29589984   5.24620135  -2.41026303
  -4.90178049 -16.44800456  -1.73702773][ 19.61845226  -9.381749    -1.84724505  29.75357627  -4.09401813
 -23.15264641 -13.27709953  -8.36680954   9.04500962   9.98752478
  -2.58863516  -5.10412661   4.42693087][ 19.98073439 -22.73764169   4.30917508  29.73536432  -9.28685085
 -18.2415666   -8.47186299  -3.07335729  -0.91876262  17.25644761
   3.1477081   -2.53069101  -2.09670505][ 20.72509384 -37.28627634  -0.81382719  24.76885879  -9.05135778
 -15.89844821  -1.03928742  -0.44000465  -9.34380247  12.80683369
  10.40186114   9.36169271   0.50371812][ 21.11639875 -38.45545998  -3.43028576  17.18242234 -13.75272057
 -10.98354253   8.42831838   6.43539615  -7.82283037   6.92231404
   1.6496134   -3.98257003 -13.0383019 ][ 21.74509168 -35.27489393  -0.8958439   22.74618887 -14.40509042
 -13.42294043  13.36436211   0.51650255 -14.49287867   9.60191122
   6.8843057   -1.65559788  -1.60217302][ 22.09408926 -43.10899159  -2.10103232  28.22284633 -18.81055878
 -14.65668792  18.20621332  -0.87437906 -11.68918047  12.95707992
  -3.81779409  -2.21790189  -1.42877558][ 22.11147497 -32.8620671   -2.98408616  21.83739166 -16.09967571
 -11.26917437  13.98226068  -4.46765653 -12.77276924  11.07499669
  -7.59647403  -0.9385012   -4.67627529][ 22.02925766 -38.09252128   0.99235479  23.33362308 -18.38139173
  -5.53825662  15.33755533  -4.27040165  -8.83497159  12.89669066
  -6.78094788   1.24981766  -2.67304318][ 22.04911145 -37.34188657   1.2830558   20.87581999 -19.14665305
  -1.7243442   13.76355193  -8.11310059  -7.19594693  12.28131897
  -9.14770614  -3.3144718   -0.67578844][ 21.8355217  -36.59455766   3.50806817  18.86590422 -17.62199695
  -4.06355997  14.31121805  -6.49857022  -4.37898995   9.64737758
  -6.53577725   1.4596804   -3.61452158][ 21.72045759 -41.5032006    4.0174804   16.80402365 -14.98444508
  -9.43349327  14.31878424  -5.09221995 -11.89723823   7.94814023
  -4.06377275  -4.30730278  -4.39374136][ 21.79391275 -37.93987403   4.901429    16.0594622  -12.3694578
  -9.36231234  14.81435645  -3.28151028  -8.03630326   5.75567926
  -1.10206203   0.42183762  -4.78906068][ 21.89548047 -45.58722851   5.2052216   20.37568386 -16.37115687
 -11.36594675  14.94596118  -6.99293515  -9.12619035   6.8594479
  -5.16196551  -0.06733049  -3.02492119][ 21.88602363 -38.96098789   7.08982744  16.05338052 -16.32541827
  -4.59341541  16.61891658  -9.02612189  -4.55716066  13.42864314
 -10.48320684   3.1383971    1.13524813][ 21.77019857 -49.2549489    8.13056326  21.43616329 -17.7220727
  -7.35568111  17.25043584  -5.61629155  -8.17196595   9.02498537
  -7.51474331   1.25888047  -1.54731473][ 21.64251639 -52.75076208   8.33762962  23.82789199 -17.32916985
  -9.73499906  20.3644137   -7.24197179  -9.00547582   9.64497079
  -7.70926818  -1.46369203  -0.40588757][ 21.20417058 -42.44506523   7.3308069   17.05423152 -16.34482826
  -4.29153966  19.12043229 -12.58332048  -3.2844528   10.90624503
  -7.69858638  -3.78878246   1.06699679][ 20.55429361 -49.95498348   1.42642615  16.8014583  -14.46745911
  -9.74293631  16.41301327  -8.74312732   0.49146509   5.92863725
  -2.56740066   0.16619446   0.4734156 ][ 19.63107615 -48.0836477    5.02102036  23.11129946 -16.86278264
 -14.63222055  19.83265879 -11.06617415  -3.91044126   1.54207678
  -8.11497812   7.27862459  -6.52692735][ 1.69931540e+01 -4.11555853e+01 -1.73091738e-02  2.72178509e+01
 -1.27128286e+01 -1.68340784e+01  1.74638754e+01 -4.01694231e+00
 -6.02274247e+00  1.45641868e+01 -8.18125624e+00  5.59329650e+00
  3.09023630e+00][ 1.50759973e+01 -3.16205358e+01 -2.67230089e-02  2.59391225e+01
 -1.39001777e+01 -1.38188532e+01  1.13117353e+01 -2.03070425e+00
  5.44402319e-01  1.62139999e+01  1.64952172e+00  3.32043290e-01
 -4.74896879e+00][ 14.71511455 -28.50606957   0.60179026  19.87722853 -12.28129248
  -8.62273064  19.42748423  -1.95528785  -8.68683245  21.86403738
  -2.64047442   2.50093105   6.88798051][ 14.77323093 -30.22703859  -2.45072337  27.51374896 -14.54799466
  -9.02215483  13.98721294  -7.22497769  -0.57060704  13.22374178
  -3.15936999   5.36465651   1.23427594][ 15.89732047 -25.61707395  -8.64220448  24.98072325 -15.96652127
  -5.02677353  17.37536191 -10.33849845  -5.56704653   9.60121371
  -7.86610038   1.31353038  -1.05424803][ 16.92582745 -30.13703624  -6.46105875  22.39125569 -13.78562917
  -9.54440029  15.19845532  -6.81248448  -8.54380005   6.33048081
  -4.08239144  -0.27487041  -1.6809626 ][ 18.05551988 -51.63733867  -6.84324682  33.09352308  -1.88730005
 -10.39451393   4.21941163  -6.1602006  -11.65290424  11.90278765
   4.15619779  -0.92704362  -0.35248458][ 19.34240661 -52.27986341  -3.20184611  30.39142293 -11.85737196
 -11.56280109  10.63450705  -2.39658574  -7.08189864  14.42217144
  -0.40041245  -4.96329066   3.93422554][ 19.87967806 -41.05618106  -2.00332761  20.94478336 -14.1550654
  -8.63672129  12.25751328  -3.50635628  -9.5660501    8.19197004
  -4.90014508  -4.3481275    3.26853455][ 20.09916142 -43.2909292    3.52912947  21.57113777 -16.52396097
 -12.58868321  17.80035956  -5.35212371 -16.88110748   7.69850524
  -2.15258187  -9.15264483   2.26588502][ 20.67215843 -38.94944734   4.2455522   16.71116158 -13.63307282
 -11.51748333  13.72995061  -4.14321948 -12.59316526   6.7434679
  -4.41554425  -2.60487117  -0.97029166][ 21.36031232 -38.0448951   -0.11534609  20.16670446 -11.48639501
 -11.17774679  14.32179125   1.74803961 -14.78310939   9.72641288
  -5.32927699  -2.11175409  -1.01738807][ 21.74145363 -60.63492414 -10.50644039  21.92825616 -14.6644827
 -14.66320219  15.50722794   2.76178979 -21.2246089   11.10187893
   2.60511841  -4.45277956  -0.77729788][ 21.80050908 -51.2920803   -3.52715682  27.71258971  -9.80071435
 -13.47088794  17.44087238   7.27497808 -17.712637    10.82307885
   0.96407269  -4.59735218  -3.67634138][ 21.76031634 -41.19591117  -1.23774857  21.92328674 -12.50417856
 -15.16411325  13.91950401   4.83154683 -15.81293939   8.14129287
   0.49303035  -6.0960357   -2.33991916][ 21.45857732 -50.42901958  -7.71933079  23.23401615 -13.46908672
 -22.36283568   7.58960498   3.87479159  -9.39155249   9.8994348
   8.19168157   0.98406916  -1.77050415][ 21.13042769 -47.20200087  -9.24292572  22.43484471  -6.16343465
 -23.45160194   9.46135459   8.51624668 -10.45760916  13.98268481
   6.28798307  -2.12293261 -10.25843121][ 20.58012953 -32.22412229  -7.66002689  15.0862519   -1.51835491
 -18.65408012   6.07075945   8.25284042 -14.97023106   6.11503598
   1.93387675  -4.61804229  -7.83822651][ 20.2170106  -38.54921943 -11.75239713  18.52120133   1.34842711
 -17.87538822   3.69295293  11.20961946 -10.30259954   2.8496118
  -7.53331242 -11.04716184  -5.08535917][ 19.72886885 -35.26406776 -10.66743005  15.67837921  -1.49234869
 -18.57256972   3.2981558   13.07793702 -13.97956419   7.0799935
  -5.8047487  -11.45302445  -5.69608519][ 18.51264198 -28.47852138  -8.5070126   13.94646887  -7.91151129
 -15.81063345   4.19297618  11.96526793  -0.04083753   8.80582003
  -4.80474047  -1.0201436    0.89298587][ 17.73336194 -27.90900859 -10.70051049  14.45414772  -7.43162807
 -18.0913535    1.85496953  13.62200464  -1.70501406   3.42513361
  -8.02178008  -6.14684419   0.54310159][ 17.08743243 -27.1407416  -12.48213429  16.80607116  -0.32400522
 -10.40905714   1.44892468  16.46432181   0.19347457  11.50923356
   7.90338809   1.82207781   4.36400463][ 16.67847783 -16.78722556  -6.35992016  27.98366296   6.67213061
   1.15967433   8.23107046  13.09864204   2.45653461  11.89171161
  -3.23476075  -4.74564494   9.64409498][ 16.27638356 -10.76105684  -1.30338145  30.03661094   8.62039056
   4.78943037   5.38611371  13.47700768   4.02571346  14.10686815
  -6.5006565   -5.36522206   9.44184447][16.21276637 -8.56473205  1.01934226 31.92313857  8.84900291  1.46570951
  6.71915598 14.5479242   4.64542374 13.29167216 -6.5343706  -9.23258928
 10.43100083][16.06595504 -4.68676223  4.61587623 34.02936694  7.36658671 -3.47936655
  5.85998887  8.80438642  6.10528685 20.19572547 -5.67268648 -7.80624123
 11.1874677 ][15.7727329  -0.46236143  5.89379868 34.74285077  2.72280388 -4.96570693
  2.27412396  4.42767312  6.16900737 23.97994608 -5.49567577 -8.97841551
  5.89492036][ 15.38658136   1.32354005   4.71333798  36.1089137    1.67786726
  -9.04203483  -1.05571144   4.36331196   6.70121723  14.86045431
 -19.42001974 -15.97223231   1.49730647]