[ 16.55886045 -24.2128327   -9.208518    34.27817111  -4.86475702
   6.43697147   9.18254292 -23.52690683 -16.77544896  -2.91035327
 -13.92125183  16.41859243 -13.80174807][ 17.83098936 -25.87444797   1.45845933  19.7261417  -10.3119208
   8.09719157   8.23988003  -2.9426912   -5.69325404   9.60506153
 -14.24436125   8.13093671  -2.58307209][ 19.64515981 -34.99159913  12.86181964  31.60395215 -12.31429606
   7.44871988   2.68753866 -16.19554973 -19.5241355    0.90540918
 -23.19035822   5.05315154  -9.7995001 ][ 20.23384502 -38.4268734   24.89739874  49.05748371 -16.70286162
 -14.68309503  -1.46223613 -15.34341778 -18.70015906   1.50523534
 -20.42143457   8.46130186  -3.17809014][ 20.49892757 -25.09707517   3.13449215  22.29171866 -14.16094864
  -0.3168231    7.61197899 -13.6352391   -7.50664108   5.61358643
 -16.608058     1.51440527  -4.63202198][ 20.56996485 -27.31912684  13.22264268  39.84208406 -15.15792919
  -9.58385921   0.34423275 -13.79735116  -8.40137153  -5.26428569
  -8.00554202   7.86805327   0.22756026][ 20.80575593 -21.8203225    3.43464833  40.21528585 -11.0649412
 -18.97906182 -10.98879821 -13.81636668  -9.6697567  -11.61979963
  -9.50181246   4.58776085  -1.58884342][ 21.11381192 -19.2951162    4.01328152  47.45418473 -11.07778378
 -25.26664048 -16.1560078  -17.81085353 -12.35687415 -15.46334274
 -11.79268005  15.51453725   0.22853212][ 21.43983103 -16.06164523  -2.7230048   50.5530887  -12.14294095
 -33.50046499 -19.82969845 -28.60791235 -11.11323486 -20.92470221
 -17.8775601   18.70068647  -4.94588506][ 21.73010187  -9.52356537 -11.35455946  46.72831846 -12.4232281
 -38.76724728 -23.76104255 -28.74006199   5.35367765 -16.84120984
 -15.11221691   8.77955796  -8.60292507][ 21.84369292  -4.02614847 -19.17705379  41.5717756  -13.66810864
 -36.2068766  -19.47168384 -26.62634507   2.25268551 -20.29795243
  -7.97270325  16.70368687  -3.53895113][ 21.98988267  -5.19332399 -19.2091052   42.16211162 -13.93112305
 -43.66683059 -29.89787773 -24.60457388  -1.58962306 -16.84351321
 -11.94768868  13.28226365  -2.13640931][ 22.32903315  -6.28379661 -23.10323148  31.81389676 -17.99974369
 -40.28480878 -34.47372367 -25.63867291  -7.10052839 -14.65564184
 -14.27080399   3.72105667  -5.18133032][ 22.36012723  -5.08055777 -17.85644319  37.04883371 -12.32907816
 -37.22972464 -28.1038907  -16.9316143    1.66403134 -10.34504806
 -10.06097756  13.28151309   7.35437481][ 22.32185946  -6.68410706 -17.69961309  38.17893728 -11.54697871
 -36.73265591 -30.02569881 -19.60953183   1.23884497  -8.95323519
 -11.8668934   11.54562272   7.71081165][ 22.45894291  -6.26787652 -22.14993282  33.35154015 -14.69489142
 -38.33882628 -29.01808335 -23.64082238  -0.75970039 -15.55255144
 -14.25693321   6.35840179   1.57511426][ 22.1896795   -2.91006589 -21.68088451  37.88184305  -9.32890273
 -32.72626107 -24.35752918 -24.45332654   5.16711098 -15.53870787
  -6.21586804   9.13704461   5.85801525][ 21.94761061  -5.52459641 -21.51930736  39.53323465  -8.50146356
 -36.42877555 -28.86945886 -29.59774939   1.53205814 -22.43765707
  -9.95558097   7.10121756   4.39158529][ 21.536605    -3.58993677 -19.98774175  44.29351035  -4.78719998
 -34.0793374  -29.73308367 -31.40334795  10.28110791 -17.5528202
  -2.17445875   8.62470655   3.64811789][ 20.38413726  -1.4682066  -14.95506726  39.82282641   4.67246269
 -17.0477337  -30.4060841  -20.49625529   0.24610651 -13.41862093
  -9.98664878  13.93723776   4.18939726][ 19.45851468   0.53556265 -16.82042006  34.09862      3.64492607
 -27.15295693 -37.37448298 -27.98577117  -2.34532597 -12.13171398
 -23.91565023   8.30756888  -5.70095557][ 19.17566467   1.19858665 -13.38144001  36.14214587   8.31014933
 -19.27846845 -37.71701533 -20.72038344   2.78374193 -10.97076244
 -14.83520876  16.19038675  -0.28506686][ 19.18841844   0.17362548 -12.93711898  36.96681543   5.06487463
 -21.47905858 -39.86941101 -19.97831612   4.52014224 -16.91912658
 -12.48777062  15.66054898  -2.47352992][ 19.54487704  -1.101115   -13.66506815  39.31892105   4.2805689
 -25.46386676 -38.25537457 -20.36147296   4.50716873 -23.26228481
 -12.35283016  17.48406868  -3.30465108][ 19.95504514   0.53078802 -16.2787047   38.42698556   0.19099016
 -25.3048017  -25.37452081 -16.62816435   8.97234288 -27.55749474
  -6.58168981  17.73540817  -2.39157015][ 20.78588093  -5.63847252 -13.43546161  40.38661872  -3.18777188
 -26.56888448 -23.80600918 -16.15971151  -0.95462025 -23.88207843
  -7.37087501  18.50112755  -6.54007168][ 21.22502546  -5.3605205  -15.09370043  51.45594308  -4.85572009
 -30.31201164 -23.58952034 -29.39573013   5.68916081 -33.10658693
   4.37385395  12.92636795  -0.6615799 ][ 21.55873195  -5.70735327 -15.99730521  51.74477822  -7.99685854
 -32.01157803 -22.36661635 -28.20752546   6.59723812 -33.00782967
   6.16848984  15.25689772   1.79361214][ 21.7772877   -6.6648355  -19.16786362  52.56713783 -12.42790165
 -35.15642643 -27.56774662 -33.51884623   4.09739929 -36.94324714
   5.490756    11.68533348   0.90009014][ 21.91385711  -4.47459033 -17.46306808  56.29774143 -12.00839552
 -29.69297769 -22.19828142 -22.52499911  11.88811631 -30.59984518
   9.19260761  14.48907783   4.54116226][ 21.79658108  -7.06953852 -13.19953684  47.50899287 -12.89996077
 -31.09337589 -25.94513285 -12.07368633   3.25445289 -21.19143402
  -2.06855633  11.96976228  -4.1628272 ][ 21.5799899   -5.36224535 -18.96714877  43.99517757 -22.26306388
 -35.87487436 -28.55856397 -16.67755053   3.4414695  -25.18887085
   2.11516725   7.99335843  -5.65912307][ 21.31727621  -4.35441363 -16.93501162  48.16171064 -25.99543394
 -42.41540367 -28.92454465 -14.71807066  11.86293264 -28.99391978
   3.8420182    2.5362041   -7.84232627][ 21.28646454  -4.99387925 -12.45136852  49.08827056 -26.79542348
 -43.14505416 -19.74075404  -9.2622962   18.19707422 -29.2914574
   7.28309855   4.70675375  -6.93271019][ 21.26064852  -4.84697086 -11.8922979   46.41004283 -27.13047507
 -37.59148082 -10.82305947  -7.98920107  14.90366706 -30.68171206
  10.21836016   8.40091109  -3.12645493][ 20.99439246  -6.88645339  -9.27871136  35.8826371  -23.82842016
 -26.68636456  -8.98454617 -11.41672474   1.18512677 -21.88436834
   0.33270197   2.98350129  -7.04768823][ 20.49962207  -2.04263433 -13.3344344   39.82128582 -31.34778512
 -27.47264996  -8.61269332 -21.12510417   0.55123341 -26.15684327
  -0.5423669    1.76811594 -15.72266322][ 19.82256005   1.1657157   -8.72824132  42.54219175 -31.80605161
 -29.13849646  -4.5268042  -22.11719345   2.13845074 -30.65638338
  -0.50238588   7.18608134 -12.84529484][ 18.96688281   8.18670967 -10.92792357  38.34447176 -29.79802478
 -12.06588172 -14.95217519 -24.76419305   9.27276204 -33.53166191
   2.08499267   4.91459598  -3.8633616 ][ 18.28747788  12.55295779 -12.33457854  28.53788002 -18.03927737
 -13.81383429 -26.8145712  -15.09773591  -0.91118123 -34.3375927
   3.16814727  -2.90040111   2.5414716 ][ 18.26096142  14.02353129 -12.90432882  24.51686099 -12.17516726
 -14.58228223 -24.97350121  -8.10749008  -2.42927097 -29.60347907
   5.12344597  -2.59786603   5.81895712][ 18.15852142  15.56905846 -13.12070909  20.69152453  -9.93551516
 -13.70530141 -24.30955579  -9.95177153   1.80647045 -29.41945881
  -0.9040369    2.17466558   3.34907842][ 18.12531496  12.34175526  -5.97186291  19.65371004  -7.62599883
 -19.89094659 -35.30897029  -6.2995231   -3.11492899 -25.9020799
 -12.49719526  -0.22182697   0.77189576][ 17.9142084   14.20830628  -6.81131069  19.59192229 -13.66467237
 -13.83416146 -38.83691887  -9.3124144   -3.79748498 -30.50120018
 -11.97890979  -3.06321577   0.76245721][ 17.48440665  13.87897889  -0.62360226  20.09827981 -10.13093679
 -10.01009771 -32.67417028  -4.592423    -2.7893941  -22.24443876
  -6.82156835   2.11405635   6.94272843][ 16.63330231  13.88503529   1.10127644  21.01683356 -14.27942682
  -8.17558794 -30.56210951  -5.29794695  -8.31407341 -20.94726061
  -5.36173893   1.89392373   1.81907851][ 15.26156982  13.28936506   5.80282218  18.65094913 -13.37758913
 -10.65232764 -20.80506051   8.7988496   -0.38406011 -21.90193935
  -2.74893083  10.48752427   2.68072348][ 16.76009781 -15.03101886  -9.36768923  31.56734037 -18.13898297
   4.27307711  -1.0123943  -17.31511711   3.18343756  -7.69107577
   0.05822097   8.6343849   -6.82845729][ 17.17303376 -26.64342663  -7.89471579  22.86924272 -17.75862812
   1.4520763   -3.93812141 -20.51161207  -6.03090495  -9.97941562
  -0.46126377   9.2842247   -2.11453768][ 18.33684517 -35.74564826   0.68940194  17.2455428  -24.47336688
   3.42013033  -6.0220026  -16.77931497  -9.72354831  -8.28367228
  -6.43907501   7.2083834   -5.97204143][ 1.94030667e+01 -4.32611270e+01  9.90324996e+00  2.65399458e+01
 -2.65542764e+01  5.00419321e+00  1.80844098e+00 -1.20685644e+01
 -2.39415945e-01 -4.21041897e-02 -4.91763454e+00  9.95407540e+00
 -6.17217241e+00][ 20.27545936 -36.96263605   5.69185602  19.91306153 -25.50098003
  10.7389448    8.69494725 -10.2166429    9.43942279   1.70014101
  -7.99368215   8.42535214  -4.73636256][ 20.80482596 -40.8845103    4.4266915   22.19612554 -25.12928664
   5.49282177  11.18820327 -10.12624793   3.84472306   0.77415217
  -5.83274389   6.68113228  -2.08309863][ 21.24497963 -39.45142938   1.98608874  24.15667279 -24.72787439
   1.42918211  12.95662383  -9.21800641  -0.92511928   5.3019309
  -3.96554146   1.12062279  -2.38294079][ 21.41146672 -49.70400696   2.79243411  31.42310657 -20.95417228
  -5.55233733  14.64533201  -4.39606766  -4.37502054   5.26315265
  -6.33815357   8.77906949  -2.50038114][ 21.44334703 -44.94012633   1.21626825  29.07698901 -16.74915015
 -11.81675774  13.07058575  -2.6530762   -6.80630676   4.97173343
  -3.44278198   7.44460858  -5.52146864][ 21.7546364  -44.52075784  -2.34024067  26.68472151 -14.63071586
 -12.23103277  18.81106714  -4.65357926  -5.16291893   8.51908808
 -10.02652523   5.39979644   2.19201907][ 21.6436707  -44.98100426  -6.59787849  27.32280142  -9.00013444
 -15.05905608  13.94259498  -6.66813961  -4.91882961   8.37497394
 -17.94574909   0.93669965   4.28711587][ 21.28182269 -36.70924     -5.93377381  23.65110416  -8.12492145
 -13.93708693  12.65425297  -0.05896421  -4.89383359   6.96506168
 -10.29455225   5.78395807   1.70466767][ 20.90793741 -42.52587084 -13.33020749  22.25108013  -4.92054925
 -19.81413689   5.76385347   6.07724466  -8.0700193    7.51087508
  -0.26927443   1.03816675   1.45724694][ 20.87357735 -46.25299767 -15.90813439  20.64230725  -8.05693052
 -27.37113233   1.56282597   5.29216537 -17.47053724   3.89671936
   6.43272749  -2.36152654   1.88017087][ 20.5390077  -41.0564158   -9.8016376   23.72688926  -7.37667661
 -24.98373044   3.57539298   6.4676153  -16.90521827   6.00996859
  11.67165732  -6.38442821  -2.66287105][ 19.83982594 -38.75930779 -10.2942695   20.48151529  -9.71225491
 -23.24896544   3.30756901  13.19556911 -12.00193366   6.18170089
  12.22135559  -6.34003908  -2.0091485 ][ 18.95449987 -38.78962221 -14.51670555  13.57149838 -10.74891434
 -23.04593859  -1.20420978  13.30301516  -0.48836672  16.46739623
   9.10505581  -5.22436372   1.64903704][ 18.07452188 -34.64769825 -14.84854925  14.83862672 -10.04329023
 -19.910679    -5.1485112   13.47458918  -2.22769609   4.94303688
   3.37648301  -6.03581877   3.55866846][ 17.25511219 -31.00149216 -17.68959678  15.74203847 -10.70484984
 -25.26997999  -9.42446769  10.32954218  -6.51108667   3.92212288
  -1.00361055  -1.55023923   4.15919815][ 16.58534073 -23.96954165 -20.01098828  18.45990899 -12.1149254
 -28.46854099 -14.65668604   8.14432137  -2.53815734  -3.22873492
   3.53640754  -7.49121625   2.10647502][ 15.81047801 -19.44010631 -25.03207567   9.5119669  -13.57559616
 -22.72420709 -15.18844893   6.43054907   0.79625111   4.28358538
   3.29047282  -1.55606426   8.61617315][ 15.36317662 -14.44481709 -24.13435116   9.65397603 -10.98387871
 -19.74016355 -17.79911966  -3.72216999  -8.02279621   3.82879727
   1.36611543  -4.55939886  11.78184729][ 14.93237396  -9.25822716 -18.06299673  17.42263611  -3.29769637
  -7.28772509  -5.60823498  10.04372999   0.45954463  11.54561188
  -0.18350505  -9.37900916  12.36657514][ 14.77204663  -1.94041208 -15.79556268  19.42140121   1.87030685
   0.30837977  -0.63189022   3.22857796   3.82232067  21.54252428
   5.25185643  -5.92925494  19.84252405][ 14.6045594   -0.11338315 -15.53286671  20.41294753   5.91890841
   6.5463535    2.07076081   0.73996494  -5.76777897  17.92415909
  -1.76410875  -5.66878804  12.9895478 ][ 14.24625594   0.1918462  -15.5079465   16.81705997   6.45927261
   6.98171257   2.72288263  -7.30007212  -9.73505065   7.68823037
  -8.15318105 -16.42827191  -0.98819451][14.18248194  4.09922769 -6.90812772 19.97023943 12.32217331  9.50291107
  2.59710909 -5.3481831  -2.28263841 15.5363112   5.83044354 -3.91828931
  5.08309445][14.12294536  5.60335782 -1.40925777 19.72137067  6.98870391  2.15652708
  2.57331826  3.4519843  12.86303039 19.97463324 14.89090211 11.75528282
 14.51023689][14.0529575   7.40859517  5.78908771 19.793286    4.9069046  -0.2331681
 -0.11982297  5.46399479  2.8461286   6.15493066  5.65412765  9.33185168
  9.26736121][13.4172194   6.93691691  3.48405488 18.58444422  4.47420919  0.99328905
 -1.85004286  7.51709408  3.49839086 -3.82386246 -3.27073431  2.18552046
  2.55709781][ 18.87416584 -24.13814095  -0.55027515  25.68155216  -4.86713538
   0.56091191  15.73994695  12.15592055  -7.14508612   3.313215
   6.22211044  -8.5028873    4.94063244][ 20.02909341 -30.94002717  -1.07103512  31.07119962  -2.4720784
  -7.8638775   23.9563323   10.00314329 -12.1593834    8.62545865
   5.19980981  -6.6692898    4.90964639][ 20.47188486 -36.20199088  -6.26100935  25.2464745   -9.85379343
 -17.95548636  15.10707079   5.97424741 -12.29213882   3.19942376
   7.10420297  -8.88781434   4.05952302][ 20.20949726 -35.12250068  -8.48920411  20.46513411 -11.63320147
 -18.08218224  13.22233267   1.91300752 -13.14390187   1.15349717
   5.81994489 -11.47196975  -0.75385281][ 19.97299804 -36.88956875 -10.4230592   24.03552008 -11.57300417
 -18.86292087   6.1477168    3.16167748  -8.61615381   4.23147177
   5.48862313  -7.59996046   6.62293141][ 19.55627362 -36.14996886 -11.81053747  24.8400398   -3.01765025
 -13.49127053  11.80938578   7.0008277  -11.53751439   1.87878627
   1.48661305  -6.47892543   1.20979558][ 18.84777156 -32.19711778  -9.70263881  19.48178895  -6.02771013
 -14.02053258   4.70930793   8.02790197 -12.87997622   0.40080825
   3.05437569  -2.36588664  -2.13861831][ 18.32335003 -30.28735182 -11.55367221  19.19502278  -6.73680932
 -17.55558101   8.30506413  10.47999902  -8.68573317   5.31311213
   1.74234541 -11.02941358  -0.3433162 ][ 17.47080405 -24.42150379 -11.68390808  15.8705881  -11.27484944
 -18.28202704  -3.38918912   8.41453577  -6.28434024   5.11117311
   3.36294567  -8.75534982  -1.1565177 ][ 16.63374808 -24.93207314 -13.56797866  18.8028102  -16.58702376
 -26.88003131  -9.43803611   5.22727511   0.43993347  15.55129833
  -1.02271983  -8.23452683   0.29444037][ 16.01242615 -20.93227837 -18.65538097  16.6704316  -14.06874571
 -19.59896366  -1.20196371   6.26970815  -1.18715056   6.16812564
  -7.36981857  -3.61011479  12.27988876][ 15.40392654 -16.11024624 -19.0247115   17.54890254  -8.86301887
 -17.39096945  -4.19485566  11.12049324   1.7289992    1.66752295
  -6.90605504  -6.478331    21.61964767][ 14.83753604 -12.66052069 -18.15709788  16.77263953  -7.08851174
 -11.37176462   5.85038882  11.86561119   1.35642798   4.13446584
  -6.65121582 -11.33281846  19.0398892 ]