[ 14.84004917 -20.61366109  -2.5713191   15.04645363  -6.22578852
   3.63706272 -16.79948026   1.18552427  -8.26906531   5.61694537
   7.1960872    3.19117501  -7.30094054][ 17.22281778 -29.09239169  -0.52514205  20.51969222 -17.25471587
   3.42288216  -6.7398152    4.40797887  -6.11367726   7.66856704
   0.44292537   3.57822784 -12.17892839][ 18.68948611 -33.40610359  -3.95648828  19.81987038 -22.87575021
  -1.89826638  -5.92250039   4.09032437  -7.90032848   0.30593046
  -2.71527958   8.32933682 -11.43763107][ 1.98265480e+01 -3.80040336e+01 -5.03554730e-03  2.39623823e+01
 -2.34404983e+01  2.90649445e-01  4.11286501e-01  1.08851434e+01
 -1.47295932e+01  9.53071004e+00 -5.49982430e+00  5.10828440e+00
 -1.04755892e+01][ 20.62802275 -43.22935445   2.66367594  32.38059796 -19.24578904
  -0.67167467  -1.17648156   7.56284975 -11.29301113  11.82789643
  -1.64473474   9.49304943  -0.55551997][ 21.20458696 -38.13389881   0.66341232  27.02679948 -23.28799042
   1.49145997   3.83548654  12.65027126 -15.65450615   8.72616314
  -3.64370846   0.7130101   -2.00396141][ 21.31400113 -38.77543569  -3.44940572  28.78799349 -20.23638599
   3.63129751   5.40329679  12.75097283 -13.23343126  11.21037048
   1.47847796   2.90411722  -3.87841714][ 21.62591691 -38.03800654  -1.58811479  29.34212387 -22.88494783
   0.33783051   0.18131166   5.50675532 -17.73175024  11.80196024
   1.21372811  -3.96527343  -0.33693202][ 21.72206066 -38.83632268  -0.60540232  29.10855922 -17.15230738
   2.49681677  -2.67514602   7.12597363 -24.11834016   9.43275232
  -6.87857361  -8.51401117  -5.24527423][ 21.90198693 -42.2712777   -1.78102742  24.15198951 -21.19063426
  -0.89036905 -14.59224834   3.06774254 -24.37463392   3.60699822
 -12.10232923  -8.92584157 -15.65850841][ 22.06458337 -39.92841739   0.68357     30.74510564 -23.67140262
  -1.90593477  -9.93970408   6.69351908 -24.74185796  11.29885822
  -6.04679626   0.82157344  -7.10807908][ 21.96626804 -37.56720818   1.25096102  28.94010355 -22.6703104
  -1.03558566  -2.19942828  14.85874268 -19.39058548   9.62206443
  -0.22388407   5.27077746  -3.54952404][ 21.43049086 -34.44183273  -1.02992041  29.99696565 -18.68723906
  -2.25077214  -6.68315016  12.42178244 -15.51762552  21.86551006
   5.97219146   4.04337016  -2.57488825][ 20.83884097 -30.8791901   -2.47965188  28.85531108 -16.037253
  -0.4939515   -5.61862574  15.34711574 -16.53241877  14.36357554
  -3.83472579   0.40736824  -3.0801747 ][ 19.76771176 -16.08076741   3.47394923  36.6994752  -13.25341377
   0.06538919 -16.63660527   7.23960947 -21.44888986   5.86219792
  -4.97245369  -2.6397325   -8.35570893][ 19.68040391  -0.96957197  -4.93928615  48.00587057 -13.61364194
 -24.19446654 -25.9293561   -8.90233623 -16.41618244 -12.97105773
 -11.7103685    9.05396842  -6.81204097][ 20.59079715   6.2266065  -14.0921772   44.62878047 -14.91060744
 -30.26143369 -30.8004626  -11.47531894   1.13186125 -23.44091161
  -3.97326943   3.90261749  -6.08270345][ 20.8968967    6.95146859 -15.82770649  40.86534719 -16.8382409
 -36.36084622 -34.19600832 -11.51225073  -0.64765244 -24.11730557
  -3.70591946   8.10352895  -2.35190787][ 20.98796754   8.08603572 -20.07685403  39.27401095 -18.70412858
 -34.98222973 -33.82247942 -10.65119688   1.72976651 -17.97901494
  -2.53704602   5.60855747  -1.55547265][ 21.03120059   8.56214578 -24.38543053  36.84738332 -26.9885011
 -35.04613954 -36.48863204  -9.86743997   8.65173873 -17.7185724
  -7.75091381  -8.72947582  -4.18346916][ 20.83965726   9.84893487 -23.746887    36.2845606  -27.73376594
 -27.7210206  -33.68444308  -7.35279411  15.18829393 -15.57168461
   5.71238255  -9.09916957  -3.86841507][ 20.93512192   6.3143154  -16.92566284  29.84380614 -23.06118969
 -25.47472007 -28.40565653  -1.19462744  17.30009389  -5.97242634
   5.54940598  -4.89292901  -4.49914415][ 20.93836902   8.78372153 -23.58709195  33.33171038 -30.49694662
 -22.34392746 -30.72300635  -2.95585793  20.6438445   -7.40124407
   6.3159185  -12.18264585  -6.08594812][ 20.9257991    5.55644716 -17.11604934  27.54840436 -20.7277289
 -21.25921092 -23.53344992   0.39259882  20.2278831   -5.02638143
   1.29126537 -10.73898802  -1.93980721][ 20.6550705    8.54923522 -25.45138314  27.69936213 -27.03945543
 -15.99428104 -26.94328241  -7.21515677  13.93390739  -8.03033323
   2.2065727  -22.4194961   -2.03349072][ 20.60014756   8.33004735 -23.06846561  29.21396157 -25.077499
 -13.89503329 -25.77529632  -5.89251574  13.01643524  -0.06235971
   2.50452554 -20.61015783  -0.04786186][ 20.4988186   10.72813883 -22.69414529  31.96936374 -25.89451844
 -15.42742893 -30.23475042  -9.69038029   9.37573123   1.67870706
   2.60737536 -18.08201602   5.24516892][ 20.21695937  13.29506068 -20.22564339  33.1409397  -20.36268976
 -12.61089324 -27.24228667 -11.27666329  13.11829825   6.34154562
   7.55323635 -16.25162225  11.88926512][ 19.32486468  10.37605912 -13.23444098  21.91286979 -10.10991666
 -19.79908123 -33.57924623 -14.76960346   0.31143086  -1.45799345
   3.62131478 -22.61285077   6.483461  ][ 17.48213641  11.32754522 -12.69415958  23.21098492  -1.42674859
  -3.68752031 -23.05001909  -0.71175183   0.22002293  -8.11440064
  -1.81645123 -27.5117894   -0.74236418][ 14.92893895   8.23686566   2.86664738  32.65860422  18.34373758
   3.42227856 -17.14877179  -4.17676474  -0.51224831  -7.66067587
 -12.86463137 -15.72946269   7.26297028][ 14.62041762  11.98970708   7.85811208  36.34571068  24.59965356
  -3.98866642 -13.69778652  -9.39730538  -4.0776296   -7.91004202
 -18.61769142 -11.63523626  12.53366273][ 14.48759924  11.94335597  13.15223338  32.9128897   21.0449949
  -3.74278417 -12.79793517  -7.56827     -5.36606375  -7.54266697
 -20.49783924 -15.90681317   7.86039425][ 14.34171249  15.37345611  14.8098425   25.36009067  14.71030705
  -2.55006374 -11.03020588  -8.71352319  -1.2256494  -10.9395176
 -10.83100328 -11.03961957   2.82493494][ 14.17630141  15.0578078   17.29221505  27.31342301  17.86458811
  -4.04620303 -15.34636946  -3.73377801   8.10787557  -6.21664101
 -12.92488242 -11.60339871   9.67696927][ 13.94669068  10.48156137  17.26175784  18.92636724   9.06762149
   3.80748372  -9.73045161   5.61342249   1.54545114  -4.63091691
 -13.36344484  -8.5257729    2.15791603][13.68500747  7.61483019 20.36329858 22.46367909 12.01118654  6.81029322
 -8.49508725  5.24753874 -6.06235022 -7.52145454 -5.82431674 -8.39088799
 -2.92643699][ 16.40071716   4.23111743   7.66647928  16.44943743  -1.84563625
   9.60706335  -4.60251299  15.48056779 -14.08093389   4.31829304
  -1.20851245   0.43572431  -5.65529442][ 18.65701448   9.62977857  -6.66561864  20.35398232  -5.28035523
 -16.91292885 -27.93938264  -6.56186409 -11.00380106   1.89576736
  -3.93957274  -9.31760342  -3.58924896][ 19.54366488  12.82853307 -10.85547209  25.31418904 -10.42127956
 -23.47811233 -29.2683185  -13.26021305   1.19529366   6.63559709
  -4.50445838  -7.73869464   5.14789773][ 20.18689057  15.49666177 -14.64019108  31.34451848 -17.93998013
 -18.83507195 -24.28068998 -13.11914591  14.27536343  11.17282981
   2.94752319  -7.51465799  14.76857825][ 20.32006078  12.56808094 -18.08203714  28.7664898  -26.58727295
 -17.2191513  -28.67127758 -11.99622975  16.06759553   6.49041252
   7.23707897 -16.97875263  14.04141369][ 20.30767161  12.38034391 -16.39548599  30.75723417 -23.59444368
 -13.41040418 -26.62441572  -5.64986185  22.62985885  12.51198516
   7.49065668 -20.19115881  12.83647754][ 20.12312617   8.72341989 -18.09943063  15.31505905 -17.97534187
 -13.04018053 -16.52047838  -7.10601565  14.51719446   4.66916536
  -2.38372344 -19.3785127    2.72850959][ 20.2275271   10.52787262 -20.62875401  24.17724266 -21.55604983
 -16.23618748 -22.83796622  -8.26327905  19.89763912   6.73534924
  -4.23767961 -25.12550236   3.22904187][ 20.23707029  10.73620619 -22.76548887  22.85722153 -22.12776837
 -16.37242599 -18.54365239  -7.67806286  22.1323164    4.63830773
  -3.05094696 -26.12557009   0.96092277][ 20.15916635  11.11205292 -22.28699444  22.64208997 -19.0985706
 -16.08155674 -15.85421191  -5.95281245  23.01582416   7.53542039
  -5.40276662 -20.62481912  -0.77462498][ 20.0423099   12.15686323 -22.36980495  21.67502722 -14.58093779
 -16.87430296 -12.84047494  -4.24072046  23.3208377    7.77055229
  -4.62706109 -20.20571236  -1.22868913][ 19.95365163  13.11848926 -24.84620791  21.84554563 -13.0705632
 -18.71792569 -12.56759425  -6.83621368  25.29021979   4.88584865
  -7.20165858 -18.23341     -4.42300617][ 19.59357345  12.14208173 -22.88792047  18.83431145  -8.98705562
 -10.23101012 -11.19698541  -8.60722071  14.67905677   6.27246364
 -10.57113659 -15.43716457  -7.62634847][ 18.83686677  16.60548541 -20.55525025  23.2847028   -0.89628382
 -10.25177109 -12.98336182 -13.52122942  16.85141749   4.25899845
 -12.17168835 -11.76154203  -1.70241934][ 17.98718676  18.56220054 -15.94334182  24.7346167    4.57915232
  -6.96514171 -23.46595654 -11.19513254  10.91237655  -6.0730997
  -7.23551863  -9.76445604 -12.61156982][ 17.5073754   19.08298188  -8.9312327   34.55122184   7.86182608
 -16.37156897 -23.75703806  -5.48127143  11.61385496 -21.45366053
   0.8550172   -6.39309196 -39.40065348][ 17.68377477  15.97836404  -7.06247135  31.11770578   7.21179221
 -13.79250127 -24.93894742  -1.74116891  12.76532576 -28.14965221
   2.19395117  -5.44566716 -41.63609393][ 17.72238923  17.26199879  -8.55735374  33.83312871   8.87678358
 -10.61311964 -24.05854396  -2.65984592  14.92232827 -25.9122187
   2.26739485   0.41085143 -46.48085628][ 17.84488334  17.59450012 -12.5273598   34.19926994  10.76940701
 -11.53934257 -21.14373857  -1.92511027   4.99262237 -24.39981011
   1.55896968   0.24172933 -43.46772671][ 17.7735157   15.62004521  -9.66919147  33.0793389   11.09131702
 -14.43417751 -21.3157477   -1.26838221   8.80562857 -21.58422969
   0.36558258  -6.06729773 -36.3994123 ][ 17.65797648  16.96365702 -12.36771131  33.97964581  10.17729706
  -6.88974906 -13.48613644  -1.81007513   4.64657536 -24.62315213
   1.35973561  -3.22873975 -33.04137972][ 17.56553811  16.28696101 -14.36669069  37.04773484   7.14595491
  -9.70060236 -16.26409158  -6.12836488   7.45006917 -14.46025185
  -3.34711325  -7.29111839 -38.14992723][ 17.67486403  14.38267385 -12.20334513  42.14808383  10.17257428
 -13.60872435 -23.98805601 -10.77145537   8.15866441 -16.9688742
   1.33991177  -8.72187698 -46.17198437][ 17.57361075  14.68528016 -11.84620628  40.0041864    5.39668156
  -9.73120628 -21.70235733 -10.16089164   4.3676962  -17.35636221
   1.41036023  -8.31047998 -46.48242647][ 17.42086868  13.88982496  -7.95880692  39.85623678   7.06079303
  -9.00562598 -16.92857671  -7.19643421   2.25644253 -13.55851793
   2.50577354  -5.55932329 -39.67165499][ 17.41036093  14.05019235  -5.80860484  32.79404145   9.76102663
  -5.52998698 -20.53561307 -16.03951991  -9.24196661 -15.88126297
  -4.22994926  -0.92608739 -23.51323092][ 17.46473575  14.7119655   -4.29105899  28.02329772   5.8608771
  -0.06032481 -24.32457037 -10.03515796  -4.89880686  -4.39270533
  -3.05351187  -3.71467862 -11.35796486][ 17.42205121   8.63506466   0.85572702  28.15278397  -5.55773034
   7.28451204 -18.18934009 -17.40974931   4.93137036   7.67281261
 -12.01441535  -4.90725964   2.54262849][ 17.12214282   5.04439809   4.38164449  31.23118284  -4.74541255
  10.70793281 -11.24394076  -8.99172867   8.4468503   10.78701451
 -11.54930972  -6.85572428   0.6655502 ][ 16.59016992   8.16801897   4.61471328  22.39328347   1.38310093
  24.79016207 -12.77140673   4.47286127   5.65026635  12.98509497
 -16.1478872  -10.48570945   9.90385026][ 16.07953057  10.05792031   5.23063482  15.90963656   8.14414613
  32.87830892 -19.13158927   5.4646829   -1.05485406  11.86698717
 -13.48202483 -15.20738017  21.07967099][ 1.53751913e+01  1.02681519e+01  1.88637989e+00  1.03322067e+01
  2.54606731e+00  3.29870636e+01 -2.26728377e+01  2.68834414e-02
  1.16562242e+01  2.29421841e+01 -1.13326603e+01 -1.56333582e+01
  1.22948672e+01][ 14.77165392   9.35587351  -3.1901335    3.72888588  -2.01888039
  30.43117357 -22.64220659  -4.04711778  13.98930816  18.99842035
 -17.68746721 -13.32787236   9.8782588 ][ 14.18011067   9.47235583  -1.05246018  -2.2680449  -10.41632982
  23.84670222 -25.13560553  -3.83358765  19.0902088   16.51237695
  -6.73625827  -6.84747424  15.70583537]