[ 13.51414662  -8.43102513  26.00959853  23.36607637   2.10991514
  21.99008445  -8.87496074   2.79598965   3.17855082 -19.67136144
   6.60699728 -12.64170756 -12.92390581][ 15.92857783   9.5001725   14.54062869  24.80349724 -15.3905592
 -10.29322269   3.4517763   -2.13798626 -17.92416709 -13.96366736
   7.96025965 -20.43225502 -11.81699426][ 16.60302547   5.85793236  14.80885393  46.56317886  -1.46291976
 -22.08389897 -15.19733396  -7.86383615  -9.16575604 -18.05292036
  -6.24378043  -8.62157789  -7.97365741][ 16.87014603   6.70619931  14.50341995  53.42943445  -5.26933836
 -23.79632285 -12.99622981  -2.46515455  -7.65683611 -22.68905186
  -8.93697548   5.75619229  -1.88442838][ 1.67033302e+01  5.21810576e+00  1.20369487e+01  4.95502802e+01
 -6.12683367e+00 -1.47483965e+01 -1.26334596e+01  4.38988964e-01
 -6.78580772e+00 -2.36494797e+01  4.79884004e-02  6.68813366e+00
  4.02025896e+00][ 16.32123133   1.54498743  13.4203931   56.85300765  -1.66247637
 -14.73356728 -12.64868053  -1.74381575  -8.13498114 -28.5703143
  -1.0429459    2.20374976  11.17844511][ 16.25131125  -3.68388303  13.24519414  43.88085423  -1.48068588
 -12.92094803  -6.61609898   6.4887077  -11.11268253  -6.75625123
  -6.3015109    9.17970415   2.49538084][ 17.26226239 -18.33969839  21.63842473  46.25879936   0.76639912
  -8.86582046  -6.68559859   8.10640943  -3.45064632  -9.22734777
  -0.33069264   3.58048074  10.48225466][ 18.63134794 -27.32147896  24.45645043  34.20791335  -5.25509968
   1.16716102   1.85770775  17.72949996  -1.45432348  -7.72758261
  -5.73650167   5.97876498   5.16134258][ 20.33133984 -29.40519557  14.86834593  16.38894438 -10.24200599
  14.92463653   7.96508621  -0.04834514   8.56672304  -3.65454413
  -3.20732718   6.24650688  -8.39861359][ 21.19275369 -36.65450331  17.65927486  28.4112482   -5.96079644
  20.45512688   2.55936168 -14.59548353  -9.06096667   2.73327024
   4.82810288  14.19441331 -10.50555263][ 21.64250235 -37.11934888  16.41009696  28.58360313 -10.00223182
  16.49948689  -2.14094432  -7.24885043  -6.21357603   4.51107704
   4.18865912  16.68431925  -7.32321881][ 21.57787077 -33.44473106  12.70567722  34.97245556  -6.21531071
   9.42588208  -6.785919     2.00464066 -15.73809102   1.90820509
  -4.18990486  14.9768097   -7.87019808][ 21.24797522 -26.47582195   9.93638304  37.94515864  -5.77227839
  -1.56427434 -10.53733202  10.724988   -19.02565569  -7.29517382
  -8.55700735   9.77237702  -0.18231329][ 20.69474456 -14.25005887   8.68535531  37.78375469 -14.63749296
 -12.81971956 -13.0899521   10.5856166  -16.44771165 -12.18606575
  -7.08147005  10.42914304   5.13570341][ 20.62554175  -7.04818289   6.89945307  49.14836743 -10.09056593
 -30.34662482 -24.5215372   -2.23312583 -19.78161627  -2.27453462
 -14.51837387  15.59659527  -5.47632202][ 20.87533374   5.94878311  -9.03141847  53.95293226 -25.73107867
 -29.36982541 -14.77521513 -12.40718347 -16.86081175 -12.61135016
  -5.17039476   9.38943209  -2.30056239][ 21.08961252   8.12446455 -11.47700672  58.10781347 -27.58014522
 -26.42208466 -13.65667798 -12.22207075 -12.03421555 -16.02499149
   8.48793199   7.51149224   8.79300383][ 20.98536034   7.85880762 -13.20530157  56.48469382 -26.85117893
 -26.77439164 -20.23500574 -14.1626157   -8.36496605 -13.12026793
   8.50789017   3.39629291  10.32204169][ 20.88823754   9.60779863 -15.20132762  52.40778753 -26.98412258
 -28.48737472 -12.90417366 -14.13223292  -1.05405107  -6.46437167
  12.82713493   2.20074821  14.49657987][ 20.72552328   5.9989846  -11.71728411  40.71482271 -22.86655625
 -28.54618189 -13.0507821  -12.65473278   0.73671915  -1.28418261
   9.32615704   7.85806766   7.89467323][ 20.43470007   8.51053776  -9.7587456   37.67691569 -22.35764215
 -24.30295716 -11.58489763 -18.69375666   9.40200875   1.52500275
  12.42213209   6.60264652  10.94238235][ 20.66094102   8.72693805 -14.18881231  34.64957718 -20.86922094
 -27.98225162 -20.69766499 -13.58463295  11.91934874  -2.56081711
   2.91553065  -3.32958292  10.91510998][ 20.78635353  10.65186772 -18.41602064  36.46517884 -24.64332046
 -25.60123859 -23.60991693 -14.94327853  15.09839546  -2.00417868
   3.93744886   2.41486902  17.14761753][ 20.79258606  11.02349053 -16.59173842  40.04499019 -25.70297673
 -23.7147044  -23.19493286 -15.56776557  21.56234272  -0.30174907
   6.6972395    4.94837324  21.42733826][ 20.73604941  10.86941312 -18.01392774  39.5991283  -26.9123448
 -24.09272666 -24.93247978 -18.48767731  16.47663456  -3.64680429
   5.53118775   6.94669753  18.32408462][ 20.65308193  11.91843783 -18.5012783   42.17726478 -25.5165526
 -23.40263339 -25.44738122 -23.23384083  15.90265699  -9.06740533
  15.22409327   2.57617482  17.90300919][ 20.36661563  10.94784684 -11.75932521  41.95334956 -18.76906271
 -25.83078772 -24.04007378 -16.4703543   15.25096192  -2.60976697
   8.0005708    4.39482669  17.66182499][ 19.46695415  11.04117818  -9.50330139  32.75557921 -16.07036372
 -22.19610904 -25.68114065 -21.74685835  12.14592024  -7.30586967
  -4.40042996   2.43650784   8.02144215][ 18.40981074  13.55551615 -11.35554585  36.57518593  -9.8998162
  -8.99861687 -25.38143068 -15.96549956  18.95377715 -12.94553161
  -0.17780816   1.80946309   5.85317381][ 17.13799621  10.23610066 -12.0154632   31.65447019   3.64270224
  -6.59119308 -18.18714702  -4.01362144  11.58547751 -15.80188564
  -5.63615298   2.52911996   3.93526608][16.01796257  1.85671857 -8.39040854 42.60817214 13.2083098  -4.32669402
 -9.95271949 -6.2139348  12.32557033 -5.54397655 -6.19575685  4.62631075
 -0.45435678][ 15.50912861  -8.10463794   4.66375226  36.37525769   8.92815538
   7.74145812 -10.04105492  11.45230556  -3.58328061  -6.59475401
   2.64197207   0.87016653   7.50425744][16.23790025 -7.76907291 -0.14195703 22.34711514 -0.58256558  6.07468282
 -5.00995706 19.52293601  1.05762948 -5.40403253  1.15682026  3.93939004
 -0.79033662][ 18.06492434  -5.22777194  -7.67373812  37.13160278  -4.64782871
 -10.26012594 -10.44381976   3.18812441  -5.23061887  -5.02263819
  -5.61404441  10.68534924  -0.48986799][ 19.47427301  -3.26100455  -8.1482362   55.1866645   -2.74527651
 -27.94018131 -16.7421882   -8.78564453  -8.18556335 -17.08472993
  -6.36026389   9.95972523   0.25058988][ 19.96527544   3.07894944 -10.77748466  52.80281028 -11.35704556
 -26.54379138 -17.91469026  -6.57514502  -7.99674472 -25.13971925
  -2.68702442  10.81800868   4.90713205][ 20.28166098   3.70608972  -8.91383478  55.15024738 -12.20856626
 -29.10013171 -25.34062009 -12.14399835  -6.63155396 -34.08342814
   6.05972889   5.207157     9.15974763][ 20.33080094   6.9913656  -10.61331187  50.36143369 -15.48403819
 -26.1954556  -29.34654458 -10.54932584  -2.43967857 -38.48940151
  14.9242722    0.69438819  14.32215246][ 20.40473555   7.20339439 -11.43516227  37.28618232 -10.10473958
 -23.02969135 -23.07340967  -6.07798183  -3.60850046 -19.8714355
  12.13447922   3.17911352  13.66207312][ 20.81152475   8.01552169 -19.18012341  41.75232539 -16.85600062
 -31.43196236 -27.74165771  -7.30832342   1.43029934 -22.11103092
  10.27903218 -11.84752472   9.09916722][ 21.08181025   8.28784455 -23.18539989  37.44908877 -16.27029646
 -28.36125778 -28.2636473   -3.40851962   8.2974732  -16.26075368
  15.54401201  -7.75852277  12.70088126][ 2.13604498e+01  5.08072487e+00 -2.09740854e+01  3.37403183e+01
 -1.14715557e+01 -3.47441173e+01 -2.93848516e+01 -4.32805082e-01
  1.34862832e+01 -8.86925051e+00  1.09901265e+01  8.85911193e-03
  1.06438629e+01][ 21.51464275   7.62948294 -25.54036789  36.88172977 -13.19774317
 -33.62094813 -26.18999534   1.05411714  19.74685029  -7.48287722
  10.05662956   1.3342664   11.39817274][ 21.49956336   7.9649055  -27.63199356  36.97837142 -14.28975425
 -32.81734019 -25.48321104   1.74826997  21.09635829  -5.29218311
   4.33228992  -2.19184312   6.01653372][ 21.36264526   5.66020299 -22.91576738  33.84876102 -10.94116614
 -29.50394295 -21.1658917   10.08148017  20.92013677  -1.12264862
   0.59338608  -6.55142367   6.44205107][ 21.00127455   6.02593532 -24.24886824  29.39297641 -12.1424331
 -22.63528169 -17.03416287   7.62004929  23.73105219  -8.04615752
  -0.58754883 -11.37296796   7.38815521][ 21.04756846   5.01319118 -27.36883604  21.4357125   -7.20106505
 -11.79698157 -12.8347578    2.98220577  10.12447732  -9.43497799
  -2.52101086  -8.22298697   6.05817225][ 21.09991369   7.18865274 -29.76557342  26.15638941  -5.12280214
 -18.50547523 -13.64021668  -0.05290058  13.44924779 -10.57716498
  -9.29851507 -11.15230439   9.55831007][ 20.9040879    7.36131618 -27.77323561  23.98896285  -3.48295303
 -12.91859267 -13.73817327  -2.24672724  14.19191528  -7.7301423
 -10.89577054  -9.79246102  14.15759407][ 20.76056124  11.29672101 -31.93844312  27.11957415  -7.5854161
  -5.66656821 -16.40828152  -9.13956358  15.02532091  -6.84690762
 -12.25729465 -11.89716343  14.32505963][ 20.39668195  12.37461288 -28.91914807  24.43822442  -8.49411077
  -1.6033055  -12.13337797 -14.67770054  12.62043726  -0.94996755
 -15.61624586 -10.08653872  10.98907964][ 20.13619428  15.00568189 -29.25727684  21.44259688 -10.08187165
   2.30726509 -12.72402058 -18.9658336   10.20265667   3.93374342
 -13.76807689  -8.67794173   6.32516166][ 19.79143501  15.31828943 -22.44004669  17.43080932  -8.35786572
   8.94405325  -6.77968371 -29.07942807  10.22386256   5.52729127
 -12.3875615   -7.54107002   8.03704645][ 19.51931804  15.26534875 -19.16316954  17.62184232 -14.61138301
  14.07149885  -4.33491174 -33.52126191   6.18295906  -0.37159168
  -1.74691521  -3.69444944  -3.75627453][ 19.41833307  14.56884564 -16.08653113  19.21724202 -15.08911112
  16.64329035  -0.97678317 -32.41610187   1.47113285  -5.39941289
   2.64794392  -0.92448995  -2.1421406 ][ 19.29105098  14.48055206 -14.44351836  18.85280649 -15.32331313
  17.38603865  -9.25113711 -29.7695256   -2.78626913 -12.6128997
  -0.35445821  -1.96288956  -1.80414019][ 1.92011697e+01  1.71409440e+01 -1.67404613e+01  2.67450584e+01
 -1.67455491e+01  1.53518308e+01 -1.15620126e+01 -3.29633124e+01
  6.23062558e+00 -1.97653808e+01  5.49901798e+00  6.06519484e-03
 -1.69313988e+00][ 19.19434951  17.77605247 -17.63282565  30.35978628 -10.71625791
   8.81282586 -15.80443472 -31.11550119   7.34582313 -16.99768054
   3.1318827    2.23999855  -1.4674733 ][ 19.2205115   15.57432647 -17.85235925  34.16285048  -8.27696937
  -1.18191192 -19.75970503 -32.82669275   6.86466094 -15.45278646
  -5.62942308   4.35556414  -0.10902073][ 19.12374865  14.39135991 -17.25013321  36.62336352  -7.32311412
 -14.44712294 -18.24414062 -25.27308621  11.81473812 -10.81674138
 -11.48152329   3.66722727   1.91729149][ 18.57191298  12.00334848 -12.83114996  40.8740669   -7.05040562
 -17.37600461  -9.35733882 -20.17392983   7.49900589 -14.36037066
 -10.00972143   5.91955072   3.2750914 ][ 17.66282278  14.50579829  -4.17550155  39.29417096  -5.66174916
 -22.09171069 -11.77992091  -6.23831807 -16.82193799 -18.37100608
   7.02755018   0.0520813  -10.3297516 ][ 17.19490401  14.5175279    4.83851722  30.74543496  -2.28732601
 -20.24271507 -11.8164797    1.84084641 -16.45082092 -16.92978924
  12.3024301   -5.60554175 -14.98307491][ 16.55643776  16.64789427  13.17346453  24.87833667  -5.65183331
  -9.5194098   -7.26151847   0.66548238 -11.41782895  -2.58597222
   7.06266997  -2.38635614  -2.96621484][ 15.74671084   8.62024481  16.23149308  29.55465298  -4.02549386
  -6.65703163 -15.65592735   2.62013785 -13.02253984 -11.52657217
   6.3264867    6.70102795 -11.45639252][ 14.55089009   1.50425176  11.20659184  28.08257313   2.47495228
   2.85229559  -9.62302754   2.3667218  -14.02300225  -9.78337535
  15.09487941  18.01170403  -8.26638132][ 17.23295563 -14.99106236  -9.97734632  25.62186208  -9.96154659
   0.85358516   7.50823717   0.10943151  -1.81425761  10.79276614
   7.20727074  10.54839012   8.81149933][ 18.10540526 -25.18415843  -8.13752592  15.40760703 -16.35218105
   7.82507887  10.18117036   6.71438065   2.63724002   7.22212593
   5.77445832   4.66980157   4.6525369 ][ 19.20292314 -31.84241354  -4.73105817  16.86964478 -18.96325843
  -1.53439518   9.88647255  -0.75163176  -4.23542434   8.6499338
  -4.00692205   7.31131069   2.5238467 ][ 20.40350487 -37.06839138  -4.35274459  22.24212845 -23.61530897
  -6.52598188   7.26103409  -1.33603332  -8.67391446   5.82230823
  -1.09227476   4.41020953   1.75314751][ 21.17330235 -43.04351296  -4.7789408   23.19432528 -20.48116746
 -10.61539466   8.68373959   9.57195849  -6.30127378   8.95040555
  -0.4150362    4.54853696   1.18574832][ 21.43016929 -45.62177239  -4.60971478  27.00309014 -20.41518119
 -17.15107155   1.17556281   6.21506545  -8.48766358   9.0671759
  -2.02223293   5.26469305   3.07548986][ 21.14490058 -36.72232793  -4.24629854  25.04097334 -13.79099947
 -11.23108238   2.75250094   8.13133061  -6.09229221   9.37073361
  -5.36578181   1.85133458  -3.09624084][ 20.36219652 -32.54097731  -6.37346135  19.8614621   -8.58839984
  -6.73905753  -0.09715617  16.43658224  -6.93979404   5.28605511
 -15.59467819   4.05456527 -11.10790501][ 19.6314283  -30.68186138  -5.53704441  24.80690702  -2.56650466
 -15.30204235 -12.65160762  13.53349916  -9.08300168   8.78686991
  -6.3639003   20.26441827   3.49940452][ 18.3536084  -21.01485892  -6.78175167  23.25367968  -3.40558628
 -17.40473928 -19.40665761  16.88943786  -0.37399706   6.78145783
  -2.89205455  14.92010508  11.69693646][ 16.84656467  -8.71266943  -2.89700846  26.23876907   2.85549201
 -11.38191391 -17.20823106  20.47009011   8.25360791   2.45452298
 -13.57752699  12.60867807   4.87762942]