[ 15.97876839 -16.16203745 -29.41870423  17.68958721  -7.68016264
 -15.68984538   8.62509133  17.3803746   -2.88156444  -5.53122681
  -1.22193886  -5.51022442   3.37418079][ 16.15087653 -12.43037197 -31.64716898  26.46741526 -11.19379823
  -9.92907902  -3.86484596  11.84225132 -15.08382703  -0.95976479
  10.40085462  -7.09495212   7.07099491][ 18.27734783 -20.5414987  -22.9970535   14.43151685  -7.61944969
  -8.85883125  -4.92383372  17.6930033  -21.72727654  -0.10899614
  -5.3197209  -10.34798307   7.13489355][ 19.86304165 -33.88900433 -12.41565696  18.77577973 -18.2233039
   4.17850346  -8.55912396  16.54029674 -18.86565389  -1.34411335
 -12.25222284  -5.38716757   1.16909511][ 21.52712898 -40.12873452  -2.82224604  27.39212015 -19.83864707
  14.24471666  -8.06592831  23.16194993 -14.95857338   5.16179258
  -8.34369269   1.99632305  10.44519689][ 22.6052902  -45.42008264   4.44105825  34.24298278 -24.44732647
   9.53633822  -6.89486169   8.78142574 -12.41331694  10.36150398
  -9.94138976   1.10608307   2.94617354][ 23.18944853 -38.15278845   5.4586624   25.89333928 -27.88870107
  12.90236764  -7.11145167   8.52904985 -17.19129457  13.66723432
  -9.20592787  -0.05403693   2.86005941][ 23.40419673 -47.3172352    8.45646134  33.07767994 -24.85415568
   9.25862975 -10.27053434  15.07905292 -12.79342871  13.93085948
  -9.87493375   2.24449466   5.00922729][ 23.34095335 -39.39571408   4.90399915  18.28333505 -27.85679903
  10.71352379 -12.06085032  12.96860651 -20.50892827  12.36553432
  -7.2737468    2.0145084   -2.55090707][ 23.36808011 -39.80069331   8.22560951  20.68047828 -21.23211216
  16.27343332 -11.32893603  11.41851502 -10.92670584  17.15599746
  -9.85933941   4.2779842    3.58055313][ 23.3880877  -38.98263924  12.22052027  14.10221023 -21.84979786
  12.98418054  -8.20386191   7.62026811  -9.13100982  17.92171847
 -12.14759562   6.68272682  -6.53361253][ 23.07407341 -38.28763826  17.64243853   9.19396107 -19.61476561
  13.14033792  -6.83282804   7.56841655  -7.77119816  11.5198391
 -16.11170473  11.07947136 -17.77087808][ 22.23975383 -34.86148022  16.74055203   3.05236416 -14.11296237
   7.86431237  -4.97041785   7.07080166  -2.8366688   12.10833008
  -7.07763023   8.16396212 -16.22166516][ 19.65167716 -35.0465242   15.58809605   0.15521522  -6.34963797
  13.5005356    5.75827774  14.25639396   5.08849167  10.5306091
  -0.25072822  18.73181797   5.94145573][ 15.01067946 -24.55098437  19.88158519  29.6592977   -1.37939571
  14.70554155   0.39077398   7.48448526   4.22534954  17.5813141
  -6.5246052    1.44434326   6.19637919][ 14.33604553 -31.35934301  14.47643171  23.21457945  -9.72983966
  14.34210926   8.07391073  18.06472559  -0.83412508  30.24740558
  -0.2233348    3.92595005  -3.01439051][ 13.89173042 -33.59380726  14.62436126  23.13937585  -7.40249049
  12.88119188  -4.2822027   15.72045731   0.50504567  21.26326434
   5.44995787   4.82897265  -3.21269571][ 13.53459054 -36.46677828  10.49068291  18.09224026  -8.61892267
  11.90031013  -2.71368707  18.14886596  -2.68061646  19.60556447
   0.86857335   4.19175219  -4.70078309][ 13.28863673 -33.05122506  11.84529565  15.7578898  -12.26534379
   9.80811034  -1.70220653  19.14079075  -0.6243532   22.34172115
   0.39968357   3.15471115  -4.33578692][ 13.38469231 -30.20751624  12.18557273  12.31746004 -20.1558798
  18.63386782  -8.71017183   9.11540281   4.05049219  11.40927428
   5.08989155   4.58877716  -4.0965732 ][ 13.16626275 -25.09130459  13.19502715  12.04261031 -23.25973616
  16.32775616 -14.1440646    2.66623512   2.05437329   1.99088218
  -0.12297334   0.53964475  -0.40864446][ 17.01025323 -11.65462128 -23.1319759   18.40738042 -19.49176509
   9.93553324 -10.49538531   5.38685627  -2.51111971  -3.73963567
  -4.16809827   1.52414398  -0.63524738][ 17.88430332   0.10882827  -1.91481847  26.35855527  -0.91584278
  14.46003075  -9.15724658   6.0943146   -7.33108735 -10.39964677
  -7.22443464   3.8154838    9.94367071][ 20.30368707   6.81306111 -11.91903048  31.35277504 -13.35581277
 -21.90867915 -23.85460209 -11.86512686   6.15270258   7.85419914
  -0.89711489  -2.06210916   5.04293392][ 20.67983438  12.87160034 -19.2328368   39.44727571 -17.78534773
 -24.44139813 -24.99374129 -17.11198553  19.46727527   7.30144489
   2.83465638  -4.73049623  -2.1790198 ][ 21.23627603  11.78961096 -24.13191794  35.02068465 -21.38077696
 -29.40728056 -24.49537164 -13.54852391  16.40493094  11.07574718
  -2.56951297  -8.99376247 -11.24616704][ 21.11333542  11.50736065 -21.52078841  22.87043997 -15.39565615
 -20.6785727  -14.90521781  -4.75370132  12.5002167   11.71084273
  -2.23345933  -8.22153747  -5.3934473 ][ 21.06358817   9.82785315 -21.08556727  22.83502223 -15.27151939
 -27.81782808 -18.85094441  -4.16808675  18.79587739  13.03580363
  -9.29088318  -8.37769213  -6.18813038][ 21.13216086  11.57506377 -27.37535924  23.48651366 -21.71918072
 -24.02550925 -18.33978919   2.88549115  14.13876373  14.73724942
  -9.96609938  -9.84117998 -11.89815025][ 21.17073183   7.89311676 -19.12398382  18.5077976  -12.07023004
 -30.00510519 -14.77559162   4.21687983  22.17310873  14.20142927
  -1.17888745  -9.02976206  -4.42789236][ 21.22507354  10.41304684 -25.59408068  21.5278344  -18.11864371
 -28.48277731 -22.61118743   9.80646603  18.53278572  17.93295207
  -5.34736716 -10.39472089  -4.75780917][ 21.2806101   11.08093815 -26.98458894  22.39287288 -17.84610219
 -29.01815616 -21.30090231  13.3888604   20.75865306  17.67397324
  -7.2016465  -10.00389823  -0.92550779][ 21.23363682   7.65109745 -24.11259169  14.42871172 -10.62432724
 -32.13482072 -14.38901129   7.05038473  19.83592571  17.87320879
  -6.39064391 -13.09186372  -1.66576299][ 21.03046274  13.32007072 -27.94554604  20.93945192 -12.24418491
 -26.48871156 -16.61417157  12.5423614   22.3744504   15.83410597
  -0.56162578 -10.31725604  -2.73595808][ 20.92774065  10.13228155 -23.45423831  15.62861447  -7.95374825
 -29.94977571 -15.64236416   6.80147345  13.11294278  11.04068548
  -0.7983982  -11.27138077  -6.45565578][ 20.9973007   11.79188058 -27.03989227  23.42725345 -13.16262759
 -28.94722531 -19.91982687  12.98860077   9.83616655  13.13650911
  -9.50845428  -8.24202626  -9.888627  ][ 20.94130113  10.18190654 -25.00613455  20.20713353 -13.47803435
 -27.35495244 -19.47629117  12.96295173  12.8781817   15.95797618
  -3.40927829  -5.54725786  -6.86750152][ 21.02562018   8.96990538 -24.43666267  24.00123037 -17.6182339
 -24.56982412 -24.84667915  16.5582301   13.39706066  16.55181965
  -4.15982379  -3.5555624   -7.21743659][ 20.95829281   8.50396858 -22.60777251  23.95422171 -17.44568332
 -26.91911458 -23.55822669  12.29392316  16.7084197   14.90600741
  -1.86000925  -4.74473244  -6.14144197][ 20.86980044   8.58698822 -19.59878516  22.16605776 -12.10667157
 -34.93469983 -18.67195933   5.29424561  17.91477632  18.52180718
  -3.28123293   0.08345229  -5.07312131][ 20.63110614  12.0109658  -20.92481266  27.04464088 -11.0999115
 -37.13069169 -20.22311118   2.53330701  11.84553698  25.17803959
  -7.50537684  -0.50272826   0.60125493][ 20.10464834  13.63958804 -22.17375846  24.48505615  -5.89064594
 -37.9096569  -11.50269216  -1.2922361    6.15930658  28.50203282
 -12.13725287   3.76649703   4.29540115][ 19.11026693   8.63237843 -21.20841358  20.76296949  -4.4686243
 -28.56529987  -4.88426004  -6.06505996   4.3889411   24.82354746
  -5.43443003   2.36560557   8.22625171][ 18.36163233   0.11392501 -20.85106943  38.15506586   2.09156018
 -21.2137152   -5.47334898 -19.14238482  -7.70614757   7.13367263
  -5.55320492   1.79870286   4.35032985][ 19.57365199   8.90516784 -19.6083059   44.74980076   4.47712807
 -30.7652531  -11.68473048 -14.73747724   0.65567731  14.27357629
  -7.30926065   8.0144842    5.32274129][ 19.87759482  13.71724444 -21.725762    40.64967846   2.40011477
 -33.76045441 -13.79516431 -12.04659745  -2.14242326  13.58653312
 -13.49927033  11.6024658    2.18134459][ 19.80758831  11.71336088 -16.08247816  26.68830974   3.42522701
 -29.45742554 -12.66256171 -11.24118429   0.1612302    5.14632183
  -5.89082581   8.71550236   4.21341549][ 19.95000982  13.51325447 -18.20475194  37.2071393   -1.50167564
 -39.38139496 -19.42691336 -17.979963     5.67199458  -2.36042171
 -10.50541614   1.80490859  -4.30112574][ 20.21716747  14.35641414 -21.3140359   44.71670209  -2.44314076
 -37.18064156 -20.65835994 -24.79739034  10.41994012  -3.24878427
  -8.49139483  11.01736616  -4.66505771][ 20.38553663  13.41188311 -19.13627329  45.27768893  -4.62545806
 -37.87036681 -18.92659246 -20.87079464  15.32018512  -7.59589026
  -4.54685327  12.8068656    0.7063005 ][ 20.55225389  10.45909841 -17.4486359   42.25190954 -10.74396982
 -34.97660893 -23.11811092 -14.57607783  12.17632039 -10.17751316
  -1.64789786  10.12283401   3.47546738][ 20.5962265    9.21920244 -15.89470578  44.68426553 -12.69198702
 -34.54502682 -24.25779842 -17.32256937  15.5753231  -12.73776299
   2.30912341  14.61927975  -0.4565466 ][ 20.64701033   9.88497547 -15.26092093  49.50272313 -10.30265476
 -33.83418374 -24.99918261 -17.86019916  20.10668883 -13.02555286
   1.92862717  17.23982781   1.27831423][ 20.52418123   9.15201816 -14.91327113  43.86933492 -11.97138779
 -35.20297051 -22.2316004  -17.55499945  19.91224005 -19.66830324
   1.72188844  12.30199098  -0.7721388 ][ 20.69024868   8.4847713  -17.874829    31.57841406 -10.85485649
 -26.04510054 -23.2245098  -11.82451719  12.06652139  -9.93207063
  -4.1857901    6.41830264  -5.82946329][ 20.74258352  11.10637368 -20.2556409   43.91473415 -14.05474594
 -31.7196405  -23.27045243 -15.11570195  17.60190482 -18.15917469
  -2.834198    13.46894291  -3.30615033][ 20.77859349   8.69430568 -17.16263262  40.9453616   -9.55890207
 -33.75464896 -27.08589425 -14.31692607  11.25531476 -15.06150084
  -3.94542562  13.92571962   0.28541523][ 20.7155552   11.91282688 -18.28973152  47.19750496 -11.20502342
 -32.481225   -24.45707844 -15.89877501  19.78361156 -17.70772858
   1.87925968  16.74510756   5.41181357][ 20.70107313   9.61006388 -16.97917308  42.31180735 -12.70045294
 -32.48691939 -28.60163329 -12.06515572  17.01570875 -16.52445259
   2.43472979  13.33800458   1.39358616][ 20.61724969  10.59217881 -19.1283357   47.47452148 -15.78854868
 -31.75191861 -28.6471029  -11.48603574  21.89610772 -21.4291237
   6.1793461   10.1527792    5.59247671][ 20.48325643   7.67944868 -15.70801833  43.12755107 -11.56434821
 -30.40303631 -21.34745985  -3.40611956  18.4454515  -17.06232968
   6.25387066   7.86972204   4.22373491][ 20.15368992   8.70962425 -20.49516428  47.38872999 -11.8575768
 -23.94277488 -21.5915205   -3.17933315  19.04759108 -20.59426074
   0.83843233   1.52422885  -5.62809392][ 19.9142528    4.77965505 -15.4974721   34.19910653  -2.26289921
 -16.91236636 -14.25269455  -0.48629895  11.71096269 -20.0690186
  -0.0754114    4.94453001  -3.38867011][ 19.57547165   8.66909199 -17.77065858  41.34343779  -5.79987498
 -18.77414364 -22.33397304  -9.60181673  22.00332333 -26.92641019
  -5.8870391   -0.66415366  -1.40886406][ 19.2204073   12.2878338  -18.63355876  39.65425321  -2.78623621
 -12.83306401 -26.9929168  -13.84520269  22.59343518 -26.35072779
  -7.31298125  -4.01604116   8.6266133 ][ 18.74906163  14.7471816  -16.40250606  36.16025354   1.60250617
  -8.13902011 -29.00017858 -10.74718815  22.14841346 -24.09920195
 -13.46941199   0.76531232  11.05035497][ 18.05173116  14.63781041 -13.6827167   33.78514414   4.05741334
   0.60825709 -33.66133089  -4.4869743   15.67287236 -22.74907517
 -12.53118784  -0.82942497   8.57219701][ 16.27023158  14.57287683   2.81346463  24.2068903    1.07951989
   8.76841768 -18.40095812  -1.39043247  -6.0300744  -24.65244561
  10.48324339   8.48310605 -13.78532252][ 16.47164001  -0.30646748   5.93945623  49.21513788 -11.70577472
   0.25142331   4.84749067  -6.87906337   4.54129456 -11.65798505
   0.17606403   5.70729967  -5.15907314][ 16.35563441  -2.47394923   8.83150517  50.62252133 -15.85770631
  -1.23995485   9.22004559  -4.21021753   8.56320595  -4.30147
   1.64164781   0.73854278 -12.814503  ][ 15.8803847    2.00281326   6.41080947  37.0259722  -17.28698099
  -1.24927999  12.08014041  -5.10127536  -8.13395877  -8.68219739
  -6.26635877  -0.74686772 -10.85571662][ 14.99699756  15.38907307   2.82067906  11.47314353  -3.88984824
  -2.37225727  -5.12942353   6.27313769  -2.72487184 -14.9688997
  -0.50269332   5.45645696 -16.94652094][ 14.88829686  13.25650753   0.920284     7.72594844  -8.3687944
  -0.29128284  -5.47755308  -3.88007698  -0.99997439  -9.57644998
   1.08201495   5.45510581 -11.07695091][ 14.3016164    8.61050092  -4.03751766   3.94082464 -13.10940465
  -0.58162513  -6.22067858  -3.85589248  -2.80453819  -9.31793942
   6.2098809    6.58921609  -6.8908022 ]