[ 11.34556604 -22.87639495  12.01371587   8.46577149   0.6929612
   3.00273554   0.49841303  -2.33259807   4.79948738  13.09623338
  -8.39827593  14.68940109 -12.83863555][ 16.84666014  20.65060513   4.13832587  -1.44765355 -24.49338503
 -12.31441241  27.87686128  12.6530519  -15.75223044  -8.15645889
 -16.97151218  -0.24707523 -16.26438939][ 19.34687594  19.71056653 -12.14773981   3.35128558 -45.56161066
  -9.51142524  27.77408108   2.09610982 -19.85846496  -7.71963277
  -6.75861358  -8.97575648  -9.89336435][ 20.15544991  20.31468575 -11.22805585   3.44040858 -45.07025281
  -5.97700731  35.09793309   7.68856747 -14.43011917  -8.86661992
  -6.0427465   -3.78135364 -11.43745192][ 20.72819369  18.15549461 -12.02993686   1.87370248 -53.56705931
 -14.00077163  36.5884226    9.49191252 -18.05756117 -10.46738961
 -13.95596242  -3.07634945 -15.28634974][ 21.1926076   13.80309071 -14.41182443  -6.10450526 -51.75837776
 -25.65345812  25.8529473   -1.37278238 -15.83744685 -13.03995361
 -20.11904945  -7.40350552 -18.3585294 ][ 21.26987364  15.60031927 -12.55411552  -1.46435173 -45.806477
 -21.43634431  32.78040628  -2.54194544  -3.14490332  -4.19746706
 -18.63587487  -1.89146926 -20.04086641][ 21.2683972   16.46563033  -9.52295837  -0.6785519  -48.62080307
 -19.48725017  31.41129635   0.93658402  -6.39414821  -1.57963379
 -19.68692885   2.96460203 -19.35797735][ 21.36084144  17.19132922 -13.41920382  -0.84281112 -52.0376009
 -17.95203067  24.0947434   -1.77101075  -9.15722828  -8.54355088
 -19.43140062   6.30863497 -18.12606748][ 21.16835396  17.77395768 -13.84806212  -3.28462043 -43.3448136
  -9.59666577  17.4444754   -7.76352578  -5.2700121   -5.46706439
 -15.30955341   8.40215393 -21.0546683 ][ 21.1277018   21.68012516 -13.42658937   0.23332913 -42.81834939
  -3.47437587  19.77733435  -9.13546346  -4.57693795 -10.53612272
  -2.43246014  17.92666263 -20.897932  ][ 21.17038611  22.30030699 -15.18794611  -1.26329388 -43.63634203
   2.30497955  12.23971998 -25.63192569   8.599522   -16.92153197
   0.44746167  19.17352213 -21.87165869][ 20.92783392  18.76545299 -16.31657582   1.82353899 -38.51750223
   5.24658036   1.0323249  -31.35692545   8.56135522 -11.78275359
   1.90302867  11.37798066 -25.47479823][ 20.40479659  21.50434095 -17.16027005  11.63363924 -40.95680541
  12.47085361 -11.46101808 -35.76609865  14.04529674 -12.3227029
  -0.95980834   9.41828532 -21.72991131][ 19.88053743  18.4545757  -14.82756958  17.7962332  -24.75237063
  13.35691515  -5.65812152 -27.59075709  15.4364618    1.58510898
   6.21614659  11.80778386 -16.92926798][ 18.66325849   4.42738476  -0.53354776  20.32257113   3.84784347
  11.51139209 -24.84207449  11.52866293   1.05175731  22.47050339
 -11.78383331  -6.8266856   -8.24873187][ 19.75247295  -8.59037832   1.03376689  26.49675602   4.61058455
  -3.99321836  -9.53051248  21.30328036   0.28249227   2.30352761
 -19.32744851   4.28571777   6.40124296][ 20.78969036 -17.39678535  -0.11328567  27.71789742  -3.52723681
  -4.83705552 -16.16687267  16.04756096  -0.31112196  -2.40059066
 -22.03526318   7.51655925   9.86872643][ 21.57235297 -23.18835679  -6.68185502  27.4669312   -3.77072689
  -8.38556486 -16.89299524  17.20391117  -9.32640078   4.68063391
  -4.7816126   11.56919971   5.74676353][ 21.96676648 -27.87243662  -7.13386095  27.39428721  -3.72063945
  -7.83764087 -15.76896365  16.04408798 -15.76780292   3.7118372
  -3.40580042   2.29190492  -4.38526264][ 22.18273163 -31.56446169  -5.11431642  31.88484281  -7.25677587
  -8.34165103 -11.85258793  15.69209446 -25.10624265   2.30849823
  -1.49658563   2.06875803 -12.24086473][ 22.27161348 -32.58434276  -3.51326691  32.96261303 -13.52953151
 -10.74998012 -10.98340577  20.05116234 -25.81969972  -4.3907453
  -6.11538164   2.59266234 -12.37503716][ 22.3675368  -33.37408144  -4.97738127  34.92021225  -9.50552928
   0.06351732 -10.73415441  22.77116032 -25.54802187 -12.62159441
  -7.3296806    2.13506676 -10.52348461][ 22.4934703  -35.22409716  -4.77414771  37.43389982  -9.67598465
  -5.04027618 -21.75554165  23.70908506 -22.51104164  -9.89489866
  -5.81115228   5.53084304  -3.52244047][ 22.38546816 -34.99472615  -6.0661753   34.83555168 -11.85677651
  -7.00014914 -23.43536813  23.63194928 -18.08881409  -2.8549147
  -5.37197818   5.88721863  -3.23581603][ 21.94541029 -30.83680065  -5.97666172  28.97456954 -14.38039945
  -7.95401999 -20.74657152  20.40772226 -19.05290695   2.82449929
   2.68596939   8.55330873  -9.91005658][ 21.39922722 -32.13718452  -8.5347585   27.51530691 -13.15694091
 -13.90755384 -20.23715943  21.41928689  -9.57613173   7.13275541
   3.27030596   6.20143844  -7.11261373][ 20.40409559 -22.65580676  -9.24933618  26.86921695 -16.07508337
  -5.67483422 -15.74500042  24.96984652 -13.9342536   10.35685793
   5.93511387  -3.47286351  -1.31583505][ 19.04090058  -7.19822      1.28693791  28.2007848   -7.31647574
  -1.37690054  -5.31980045  10.50926211 -14.13268132  -3.48198312
   2.99807396  -4.22211441  -8.45800023][ 19.45946058   8.96444296 -15.92854195  42.358556   -11.51624189
 -19.05758388 -35.63787942  -2.42438318  -5.08403471 -11.29390568
 -10.50212658   4.95350023   0.16302736][ 20.23525827   9.57643013 -20.86316092  46.62126409 -10.77015215
 -26.57453022 -35.25593484  -6.32461421   6.25632828 -15.01523113
  -6.21584973   5.94379665   4.69528805][ 20.60856584  11.02666422 -24.84682779  44.4962916  -10.72822862
 -31.92686607 -29.93587916  -3.71558484  16.50265163  -9.02735609
  -0.32974477   4.33449137   6.17412405][ 20.72998478  12.54119905 -30.74596825  43.39229559 -13.96204374
 -35.11100167 -32.87428775  -0.61482023  22.90872532  -2.71341257
   3.94534982   0.22160262   5.53065949][ 20.7934014   11.63030157 -32.26236129  28.85873906  -9.80569684
 -26.11632725 -24.77185368   5.66833549  17.07719642   3.99864271
   7.18038491   0.56261201   1.74224994][ 20.76817149  13.80770361 -37.2795696   32.95030489  -8.50330442
 -31.27055817 -26.85806672  12.51306244  25.02581103   7.92681096
   9.81211716  -9.33539353  -2.06722481][ 20.81917559  11.46934207 -37.23026273  25.1465185   -2.29833607
 -34.18029677 -21.96498781   8.34850293  20.80989078   6.35085796
   4.89393642 -12.03681753  -7.35630481][ 20.77197793  13.24687765 -41.73410798  26.98935007   0.14923909
 -30.18952901 -21.44101127  10.87407273  15.91338757   9.02961962
   4.3698702  -15.55289428  -7.18345815][ 20.55218336  10.71507013 -36.31257339  21.74346157   9.5810499
 -30.88176743 -14.29339719   5.54814878  13.3009385   10.68263941
   5.67246042 -14.08574897  -7.07808444][ 20.03820579  15.48334776 -38.97455756  25.35014485   4.78680642
 -23.62416221 -16.5795396    0.79848805  10.09456602  11.23406738
   7.18277969 -12.02507836  -7.88764593][ 18.9973646   17.7165035  -35.86096895  22.28012752   7.84073636
 -19.73790334 -18.65575872  -4.17361452   4.61851772   7.86763485
   5.79785517  -7.54504357  -9.6605511 ][ 17.811503    14.72464643 -24.49578374  23.45450577  20.60277891
 -16.94035201 -16.83716672  -4.61000932  -0.35012009 -16.27256978
   3.36960505   2.62852965 -13.24297913][ 17.73557902  12.04578857 -18.79533041  37.84646419  26.8612285
 -25.41066999 -17.03629199   5.61692213  -4.76085317 -24.52763725
   7.56514403  -3.32556755 -25.35393423][ 17.70165269   4.95786129 -11.42453869  40.8307911   27.40826724
 -25.43778614 -20.93151246  -1.17284328  -7.71798709 -18.25628011
  12.95681468  -3.76276382 -28.92815898][ 17.60384324   3.41090442 -10.19869724  40.53469529  26.12477063
 -21.52351668 -20.7851149   -1.15812114 -11.21744293 -15.2759117
  14.41255346  -5.08517322 -26.58702688][ 17.42887595   4.55378315 -11.69693172  39.13992483  24.84905432
 -20.15830999 -18.18477145  -2.56208702 -10.24707912 -10.94552691
  11.51405412  -6.38401682 -20.41175823][ 17.24834029   9.17024865 -18.01612046  35.04894821  16.96720925
 -13.64528208  -5.11589637  -1.36823855 -12.50353338 -14.85538474
   7.35900638  -3.50619327 -15.36425153][ 16.99596101   9.81059518 -17.30046032  37.11183144  18.49523946
 -12.74705761  -7.08359226  -2.70927431  -9.63249461  -9.54255873
  11.76438439 -13.49349972 -17.25279017][ 16.63051701   6.83535857 -13.95668022  44.58980405  23.26706838
  -8.91617454 -10.55287295  -7.30508598  -5.79835154  -5.07939297
   7.74204589 -18.49667587 -19.23417184][ 16.07913395   6.75398602 -10.30166241  41.3174653   20.99919468
 -10.56458836  -9.58346644  -5.39724073   0.88128913   0.08774519
   4.48622525 -18.32714373 -18.44787305][ 15.50517163   5.53914973  -5.85686035  39.20205389  14.74437093
  -4.28618215  -4.25367331  -9.14397054   3.34341291   3.02333604
   4.06975922 -10.93796682 -15.7796361 ][ 15.01930436   3.29302209  -0.65478815  39.11301563   8.2096168
   4.51381803  -1.47432689  -7.3433675    4.52663897   7.68277282
   2.72935602 -11.5644276   -7.48356712][ 14.77381743   1.66588999   4.63273377  41.90266836   6.62671249
   6.42216783   0.81653996  -4.10170178   6.21961653   6.87437057
   1.84104384 -10.27726379  -7.87541491][ 14.19958947   8.04005133   6.22024517  29.46541718  19.81158731
   2.25875763   1.27709768  -3.63170872   3.92362014  -3.3946576
   1.4456212   -4.21906655 -18.80390371][ 13.70365923   7.73711181   7.31190191  25.64102907  18.82378661
  -0.2262248   -0.67541124  -4.38614805  -0.22275433  -0.50313698
  -2.04618542 -10.34169305 -16.84879427][ 12.99824243   6.02638661  -0.33070598  20.26407614  18.57376667
  -5.222105    -3.4189297   -5.09622593  -2.40559003  -0.18341158
   2.50585285  -4.06494745 -15.43704642]