[ 10.09962053 -19.42010083   1.48535805  -1.0409944   -1.40375969
  -4.72731456   2.21314578   3.30853881  16.85059426  15.95111658
   9.29437779   1.07337615   1.94341182][ 18.1123432  -19.64908754  -8.23831737  -0.60763956 -26.14938979
  12.80532665  -3.14218841   3.33759998  18.97126401   6.92302107
   0.11389335  -4.73803953  -6.44307068][ 18.90429939 -16.97520955  -4.82035381   2.86770631 -16.5397565
  11.6666785    1.47373439   2.5979966   -2.92941596   4.64020419
  -1.19303755  -1.08907594   2.64707097][ 19.80272156 -22.42869049   3.62059952  -0.06301282 -13.13536094
   4.67223336   2.6024931    0.4936979   -3.42374343   1.52718535
   8.01569638   6.574758    12.55319903][ 21.67475698 -30.50220333  17.51480013   3.47077591 -15.96802875
   6.55462063  -6.94028539   4.19372642   4.84357709   0.03285412
  -2.91459996   3.04420232  -0.55438087][ 22.46965692 -33.31425436  18.89787156   4.44550905 -22.22014083
   5.81996608 -13.82016471  -4.46295512  -1.2469117    1.55990608
 -15.22483704   6.04154108  -1.63996318][ 22.99506073 -35.95522199  15.51285256   4.55082104 -22.35689119
   8.60855034 -17.9658831    0.0432997   -3.98640383   2.78162157
 -22.75244656   9.43346243  -0.30070634][ 23.1119148  -38.97471963  12.09705585  14.61784355 -23.98280632
   7.20850313  -9.82686159  14.24753394  -3.05372058  13.0485644
 -23.17126189   9.69346789  -3.69178386][ 23.30371439 -39.95283912  13.88756119  20.82770866 -24.43754743
   7.26343498 -10.041945    12.13485258  -4.26092479  14.36937275
 -22.63843582   3.3149817   -3.01190253][ 23.12239054 -34.13577362   6.17226549  16.14937269 -21.36308477
  14.0556079   -6.31925776   5.2812435  -15.39828332  14.82850223
 -16.21544689   0.44883783  -2.01244332][ 23.18035168 -41.47292184   4.31614282  23.38097589 -24.35892164
   3.36818151  -8.14253303  15.29594184  -3.4764712   18.27759288
 -29.27530096  -8.36349017   1.5120329 ][ 23.35780416 -39.5454411    8.29248477  24.97234796 -26.38249469
   2.736176    -6.31609499  15.15950902  -9.9874412   27.03898379
 -21.03058713  -2.61397913   7.23435165][ 23.69300695 -39.9470865    8.17560334  26.06500535 -24.36157853
   8.50115428  -7.75072957  10.18985325  -9.70701398  29.06672584
 -25.35162034  -1.87300536   7.74826169][ 23.77167787 -36.2892643    2.20995782  19.53109364 -25.58519127
  11.50640772  -5.57729334  12.9636857  -11.76143004  24.03921843
 -13.5998267    5.50002951  10.0475239 ][ 23.69659178 -41.87046031   4.78036173  23.71966559 -26.87034998
   8.4345571  -10.66831224  18.00306876  -3.13584835  25.86499461
 -18.73198122   3.39511291  15.0534363 ][ 23.73553806 -39.80280016   5.16117056  21.71480031 -24.63863927
  11.32742024 -13.94800637   3.89054761 -18.25020163  20.28086749
 -20.0730619    1.847678     7.15104047][ 23.62637817 -34.49673272   4.09344711  15.821364   -24.7400371
   6.70102726 -12.20353578   6.53933358 -22.70764916  17.9764451
 -14.35761279   1.30087363  11.03946662][ 23.31753103 -32.74154781   5.39245325  19.74760662 -22.53407744
   8.17671854  -6.44957343   7.56392062 -17.48810433  11.68420694
 -18.13855909  -6.45009858   7.23757774][ 23.06432061 -37.56445703   6.85602174  26.45834472 -20.6415402
   4.77282639 -12.93555171   3.87952287 -16.24044627  16.70426564
 -17.90693851  -6.20535464  11.59462548][ 22.73908404 -36.49954359   4.86536599  22.72001508 -25.60795771
   6.31658452 -21.82513446  -1.99469783 -21.02423338  14.75867137
 -26.26068177 -10.14944628   8.80964638][ 22.22974786 -35.14456429   3.54839421  26.10056215 -28.40759786
   2.72391165 -19.86596433   8.93847506 -22.79380184  10.05754171
 -18.93245212  -8.34843573  -0.19540308][ 21.33029814 -26.37554038   8.90525416  35.5412445  -15.43414477
   2.7165436  -13.94293805  11.80136475 -12.69999719  21.12135087
  -7.11173289  -8.07432667   1.81884121][ 20.63311962 -10.01732325   4.74903779  37.0283033  -21.84128322
  -3.85086395 -34.35049511  -0.91085797 -20.39120998  19.79304779
 -20.69649945   0.27806465   3.72147083][ 20.19654281   6.24558655 -10.53909215  27.34649663  -3.8162545
 -18.82838039 -45.75863402   0.80482824 -25.2485897    4.47120908
 -20.03091351 -12.8182285   -3.61648168][ 20.52831898  14.84984117 -15.83968879  32.15732768   7.13137506
 -26.2644754  -30.56165374 -10.00801601  -9.24313811  -4.67914759
  -7.3926605   -8.41698685   7.81915046][ 20.43513959  17.85866934 -17.51288237  34.63771228   4.75706586
 -24.58769152 -27.6187791  -13.34217993   2.44104058  -8.65199277
  -7.19832948  -2.69269959   6.46983834][ 20.55790166  16.56592141 -20.52524151  25.79921701  -0.89598475
 -21.43000376 -22.9418069  -16.59400889  -2.12232185 -13.88324105
 -10.86025482  -2.54321182   3.14991207][ 20.7393318   16.32443454 -23.93744818  38.42176447  -6.1110609
 -31.53189263 -24.52790319 -23.27788474   6.35908272  -9.95060908
 -15.18744666  -5.91663689   2.18631976][ 20.88176644  14.05645003 -22.93815827  43.48974332  -6.97641366
 -31.01687906 -25.52877935 -22.12811475   9.16489148  -8.52946103
 -14.21127444  -0.56918946   5.41270935][ 20.90144233  12.19938552 -21.53268803  42.46651522  -5.58385729
 -32.02007717 -25.12590214 -24.77678833   9.48870377  -8.42501624
 -14.26576152  -0.06678615   5.81676464][ 21.01471055  13.50675255 -24.22570308  38.32533792  -5.93829294
 -22.53985432 -11.78228302 -20.06699125   7.52921535  -4.84655177
  -7.38709121   5.08521546   5.69353252][ 20.82903725  12.82871985 -23.21951576  42.04699886  -9.51826357
 -31.87405233 -23.65020065 -20.81539763   8.1929506   -9.68327438
 -11.99907934  -4.32372494  -0.60476915][ 20.52271407  10.66458558 -14.99915501  40.01155069  -7.12177708
 -27.18463438 -23.78518346 -17.84102106  12.97106426  -7.53340959
  -6.30645354   5.23372017   2.89236281][ 20.34224362  15.4872979  -19.07818757  44.85818064 -12.47991872
 -25.80151182 -21.47540415 -19.22255628  16.00327821 -11.28794662
  -3.93946097   6.16248918   4.43992653][ 20.31510969  14.64830737 -17.93984874  44.3652779  -12.23017173
 -28.24904692 -23.5997967  -17.03637482  19.09644245 -11.78421811
  -3.06153784   5.98640707   4.99843369][ 20.30568553   6.509489    -8.55654991  26.68414952  -4.90462878
 -23.69282188 -19.8645561   -8.30369247  11.19162716  -9.61714684
  -5.13680317   8.87010661   2.09926144][ 20.3772566   11.79023307 -17.54930975  37.62575065 -11.11062734
 -24.56890776 -26.939209   -13.30931355  14.16393525 -11.35738295
  -2.40266073   1.63447031  -5.65921724][ 20.34934447  13.05401046 -18.50553369  43.83594013 -14.38331526
 -24.02954367 -29.14880463  -9.41931795  19.15029424 -14.36140908
   3.49436882   3.2557996    1.52781495][ 20.28889255  13.88037192 -18.81625022  44.65006992 -13.34777592
 -21.24533884 -29.75019738  -5.74070344  22.46102301 -16.99073254
   5.51510027   1.15943306   2.68240245][ 20.17648989  13.67802042 -20.26363632  43.80518294 -14.64870575
 -21.0621809  -30.6975994   -5.27475569  22.19590373 -21.51393666
   0.98680064  -4.22846864   2.67734541][ 20.01382846  11.38479248 -15.38979478  38.49066076 -10.42457255
 -18.43770474 -22.28429131  -3.08873186  21.41175124 -16.73450062
  -3.11320852  -0.15769256   2.66137479][ 19.74913204  14.6736517  -21.37715676  36.68681576 -14.51589125
  -7.64380111 -20.02754844  -9.2653835   13.96174043 -22.60616811
  -3.57744118  -5.68232172   2.62206901][ 19.70011383  14.45023476 -20.56798214  40.18217672 -10.38598559
 -14.13912059 -27.65099284 -13.42468737  16.48170477 -18.60443099
  -9.84739121  -6.70461136   1.28694982][ 19.53354914  11.17323207 -12.53602709  32.84955993  -2.49354274
 -14.25628218 -27.19350654 -11.1677632   15.52592947 -14.28688006
 -16.15604766  -0.18452045  10.78588155][ 19.42216453  12.56138408 -13.63265247  34.48748291   0.35632296
 -13.83268384 -27.46567261 -14.16705377  13.95771139 -10.18882932
 -22.56232064   3.23096498  11.92745623][ 18.99107828  13.60016443 -15.04063771  32.84887957  -0.53186278
  -8.18367342 -30.39338567 -19.71542301   5.94481176 -10.35478856
 -20.65294216   6.88871446   8.93763823][ 18.36442497   8.30768869  -6.80521831  36.82864416   8.98620408
 -11.99642248 -25.14099306 -18.72006611  15.39784563  -2.48308623
 -20.1301313    5.91907058   1.45048517][ 16.82344479  11.36856135  -6.97638464  40.84491081   1.11975475
  -9.62377961 -12.60450313 -18.92097815  11.25581582 -19.98834785
  -4.64403761  -1.68752687 -27.3209028 ][ 16.00064411  12.91884921   1.40580332  36.93262179   4.22840524
 -12.92498036  -2.55962067  -5.08589416   1.54369838 -20.89139535
  -4.29402842   2.05230932 -28.81119594][ 15.6389349    7.74177188   4.81146574  35.03002432  -1.66424869
   4.69517071   5.40117979   1.02718309  -1.3512404  -10.79513381
   0.08734461   2.37058916 -15.59613572][ 15.49635699   7.97489009   3.94268202  22.77085298  -8.27245583
   9.21949065  10.79648063   5.76130078  -1.18859171 -13.67318168
  -9.74416768   6.98216214 -12.3326853 ][ 15.36541107   9.39335837   4.66285963   7.57734563 -12.92936068
   6.86983926   0.39349461   9.134304    -6.60772246 -11.78424659
  -1.76691556  -0.07681229 -13.66068921]