[ 15.75470616   6.65115931 -22.04980788  -4.49966458 -44.41675412
  13.03486011  23.78298163 -18.58327555   3.30643926   6.26915552
  12.97749883  -2.43920803  -1.80544641][ 20.43786931   1.77645366 -22.0554055   -8.67884598 -47.10303878
 -21.36233841  45.47981383  -1.33152684 -13.14331807  -9.69294967
   0.94702271 -21.08305658   6.35521085][ 20.99821782   2.66909206 -21.75998445 -11.88337924 -55.41145364
 -27.88792854  45.22656389  -3.28871307 -20.58670442 -13.16480886
  -6.49280958 -25.74445811   0.23211421][ 21.22201371   6.08742453 -18.75901416 -11.41616852 -44.91550907
 -22.11527268  42.87975429   2.86406001 -12.50229015   0.36191402
  -1.53301912 -16.49178634   6.3784729 ][ 21.10507836   8.60502712 -15.54942767 -11.92535598 -45.94403431
 -23.12423214  37.98487814   6.24782778 -14.96607496   0.30661827
  -3.32780639 -19.80130076  -8.91403773][ 21.20963343  10.20348506 -14.67859835  -6.11852196 -45.71479566
 -13.8950675   34.68124613   5.73756598 -17.62827573   0.27055587
   1.84996829 -18.38617455  -5.54196942][ 21.46163846   4.97884001 -18.78188379 -13.42665532 -51.13351971
 -26.20916535  38.387754    -2.08342587 -20.64346966 -10.39306944
  -2.87372258 -21.69349435  -5.96501658][ 21.37808593   7.42580216 -14.7991425   -6.92135191 -43.2746877
 -15.59599305  42.43001413  -1.71890545 -18.25617643  -7.48774018
   2.84640512 -11.07494823  -1.76899233][ 21.53041408   6.03463314 -18.48145515  -9.09676893 -45.49554773
 -19.44441844  40.97496954 -13.71040216 -22.20621735  -6.04392204
   9.23223934   0.33196822  -1.99037612][ 21.09390985   7.5884872  -20.58537605  -5.832084   -50.53643737
 -18.75894865  30.25236935 -24.97012155 -28.6247525  -12.33377314
  11.47341299   1.68775432  -7.64487103][ 20.76322623  10.48547597 -28.90944636   2.59983479 -50.51768338
  -2.67640179  15.48808624 -34.21348524 -17.93514278 -10.51435609
  17.87415772   5.83093577 -16.36884299][ 20.30544761   7.86547978 -22.93387099   7.16640127 -44.07021221
   7.03794014  11.93132146 -40.36722603 -16.20600938 -12.97513361
  27.0673129    4.25317748 -21.03488612][ 19.62978217   4.47202358 -15.39478111   8.6888774  -31.36963018
  19.2858902   10.69556427 -32.8966437  -13.0750683   -8.55728474
  20.0597066    0.66618551 -23.91371242][ 18.20298092  -2.32440541  -5.6273757    5.31655901 -17.50254519
  22.82754481   1.04737728 -17.41277587 -14.76994243   0.60722734
  -4.15790501  -5.75500168 -19.50823014][ 18.33544207 -11.78785817  -1.61403174  10.06884786  -9.71731702
  10.60695551  -3.45771124   5.07990339 -14.27480466  -1.59467001
 -14.0482449    4.21062151 -16.37869219][ 19.39381041 -22.56110264  -6.78667676  12.93885272  -9.31805343
  -3.60939879  -9.23972103   8.44188601 -20.51536712  -4.1766003
  -4.77244257   2.07816314 -15.70480514][ 20.00614803 -29.19971021  -5.36934473  18.18168379  -8.45521496
 -10.54189527 -11.63886011   6.61063308 -20.11779699   0.5818088
  -7.69730802   3.15603152 -10.30862581][ 20.35700587 -34.36115681  -8.42012406  23.21728323  -5.78060893
 -14.26044288 -13.02507936  15.43373759 -20.8853821   -4.63144404
  -4.96815029   9.70554927 -11.27957626][ 20.45188399 -34.66704596  -9.19970138  20.40981549  -9.67348879
 -16.05574504 -13.45997661  21.4337528  -18.46409942  -5.69207145
  -2.18622649  12.94465096  -4.51027496][ 20.61278605 -38.35623665  -9.04220574  25.97265379 -10.49108301
 -12.09583839  -7.41997936  12.95767406 -26.088441   -10.08449582
  -2.72660748  13.83560313  -3.84739542][ 20.49742801 -38.36669165  -8.45124189  24.0803254  -12.09184295
 -12.67865544  -9.54041623   9.37040978 -14.00921535  -4.77493429
  -9.47953202   7.29786016   0.86200954][ 20.47571424 -46.30941735 -13.78146198  28.45738664  -6.29352932
 -15.25797243  -5.89672296   9.08051852 -19.18839227 -11.39517107
 -16.66318876   2.45699318 -10.03021556][ 20.2753394  -36.52605718 -11.41571327  25.5245832   -8.96533289
 -15.96026214   3.34779567  13.57903401 -17.84742031  -1.9699249
  -4.09557528   8.12586321  -8.83870758][ 19.84971507 -42.3656044  -13.1490266   24.59481519 -13.18517349
 -19.75534705   2.66706458  19.62995856 -22.4670543  -12.63308349
 -12.62884296   4.03830467 -14.13646822][ 19.0466023  -29.76498251 -11.2869765   26.60317861  -7.60710362
  -9.45884732   3.80621243  17.58841425  -9.96089806   0.49465465
  -5.51972791   5.27694426 -10.36797333][ 19.4664196  -13.15027361  -6.49596797  41.54114695  -8.23780167
 -27.31570955 -18.93934518  -2.51313432 -15.75776885  -2.93439936
 -12.50478973  13.23821883   1.92772973][ 20.73291949  -6.90156252 -27.38243521  29.40616719 -16.24296937
 -43.32236735 -21.37575695 -21.14652479  -8.83967237  -8.93422314
 -21.29432533  -1.35392425  -7.36865495][ 21.01833596   0.14519205 -30.57808576  43.38489897 -16.65752604
 -47.19794096 -20.24549561 -17.11056462  -1.69714122   2.33632707
 -13.74717208  19.10199585  -3.03452099][ 20.73655781   1.88609874 -33.40819383  36.66035061 -18.20502382
 -53.03526836 -21.12427692 -13.75604119  -3.69402871  -2.76691508
 -16.29769895   9.38589318  -4.60682651][ 21.1091612    0.60156346 -33.38221869  29.25855144  -7.06808358
 -44.77119266  -9.65617937  -6.45198327  -2.31947218   1.67100241
 -14.09250503   2.84686106  -6.27431343][ 21.2526074    6.58252624 -41.48135969  37.25560998  -9.97850643
 -44.61531492 -13.72790656   2.8003806   -0.41722585   7.06679734
 -20.33686057   0.53304001  -6.45426871][ 21.45880727   1.3309928  -36.85433771  17.43381259  -4.68716606
 -36.58394945  -7.44370583   2.7337553   -2.90064458   3.87240937
 -11.96210724  -7.85701717  -3.59017835][ 21.77711598   6.32614411 -45.58611698  26.20596615  -2.28167366
 -39.79512989  -9.05551612   3.2553503   10.35250853  15.46394804
  -9.11608643 -10.35271063  -5.31270932][ 2.16470132e+01  6.19433159e+00 -5.01023066e+01  1.85349126e+01
 -6.29030308e+00 -4.13883694e+01 -1.60904504e+01 -3.31362769e-03
  4.73229486e+00  7.66930098e+00 -1.97400121e+01 -1.85819136e+01
 -1.30896083e+01][ 21.77208595   5.89273214 -48.93226221  17.21546083  -7.76288598
 -36.75448531 -15.46988295   4.85305628   4.11979548   7.40080606
 -20.8586717  -16.43647622  -4.15380193][ 21.70715371   5.0214745  -41.16228969  16.74723382  -0.47104701
 -32.1095498  -11.0611057    6.41013532  10.17506168  12.57385535
 -13.87275688 -14.39533052  -2.34935003][ 21.56295597   4.80316287 -47.4000043   15.07249084  -2.99212929
 -35.38424387  -4.50309061   2.95577949   7.71303066   5.54394083
 -17.65824078 -20.72248793 -11.93123646][ 21.58730484   5.20467881 -47.55912625  13.5363816   -4.59740016
 -34.13668842  -1.67013821   1.23134309   1.35755163   9.42479381
 -13.98135688 -20.58015162 -14.57454897][ 21.23514781   7.11221106 -43.25887069  18.04789297  -2.19727655
 -28.16634903  -4.99835934  -0.38212738   2.01313827  19.1589962
  -8.96373967 -14.76745901 -11.79045406][ 20.52185852   7.60341895 -42.7088968   14.77691674  -4.67296483
 -29.08685585  -3.43574314 -12.9458481   -1.4175811   13.04609798
  -9.41028371 -17.4681365  -20.12544274][ 19.51374533  10.03418411 -38.26733108  14.51636407  -1.7405602
 -29.76364386  -5.15339999 -19.40794627 -12.97523552  10.37054809
 -14.08850537 -16.49413586 -21.04077919][ 17.25272711  11.32199907 -22.93250117  18.40368225   0.06179914
 -23.73685522 -11.49363831 -21.2898955  -17.90879324  -3.57473111
 -17.29314015 -20.11903359 -15.9943467 ][ 17.17852133  15.12609869 -20.81246577  25.47858168   3.28414048
 -21.60671034  -6.1654093  -18.83872645 -17.59701911  -4.08065986
  -6.64669753 -17.63805217 -20.50124103][ 17.10058321  11.97616054 -21.98503942  20.33433366   3.97038549
 -17.05746195  -3.14459203 -19.39449533 -28.43530016 -10.21820513
  -5.3935772  -22.39606783 -28.02310147][ 16.76469381  14.58219944 -19.61107554  22.01782168   5.54283075
  -7.98409055   0.98933099 -13.79322437 -21.77609594  -7.15244445
  -2.77848751 -14.71196777 -26.55857353][ 16.82866872  13.94643668 -17.56500914  21.18377165   5.56390042
  -9.20125457  -2.81439865 -20.99117585 -24.98281189 -15.80893408
  -4.11785843 -10.30366494 -18.45785397][ 16.63464222  12.34420157 -16.53763321  20.32491536   2.85210079
  -3.78669973   1.63761482 -21.15344393 -29.28680206 -21.59728996
  -9.21470339  -4.39964456 -16.39847727][ 16.67554853   8.55597074 -10.7414144   22.99666272   7.85885851
   2.1357285   -4.5306179  -29.40622578 -32.25404774 -17.66228843
  -4.25988002   2.93058191 -12.56763166][ 16.69602407  10.33895003 -16.0993809   22.2731824    2.58218331
  -2.25434115  -0.13414529 -30.39466201 -36.47575194 -12.09725215
  -6.55742258   1.31512968 -17.79192282][ 16.73921287   9.45704542 -16.14353087  26.2009219   -0.58628474
   6.02820721   5.40099966 -29.53129279 -30.3954403  -14.41097216
  -1.99267142  -2.46528189 -14.01559275][ 16.73098853   7.99257872 -14.6167192   28.49142603  -1.62265202
  10.37472306   4.65664069 -27.32642118 -24.90788254 -18.5099648
  -3.41394756   0.56749053 -10.99516445][ 16.1952083    6.57667422 -12.56665363  25.88537392  -3.18184042
  17.47954897   4.49657457 -25.15838847 -23.69854155 -25.69928012
  -8.21223916   0.14042346 -11.19644924][ 15.44892547   6.34899063  -5.25757827  29.01603466  -2.3946208
  13.26240108  -3.95973012 -11.05289543 -11.82384526 -31.83131605
 -11.51393824  -8.23626892 -14.85054575][ 15.05175602   5.83575466   0.55998224  21.31143525  -5.63013439
  11.54166858  -9.37213649 -13.18604666 -13.92093149 -22.36074295
  -4.36539264  -9.80683532 -14.09158118][ 14.73578717   1.13687738  11.76994236  28.50281087   6.94270894
  18.71187217  -7.96882916  -3.13107081 -25.49568007 -21.92172842
  -7.28703686 -12.65600701 -13.11436773][ 14.36131841  -1.92563916  12.6152546   23.23151209   8.23294723
  13.88413943  -2.75927529   6.03958636 -18.79050461 -16.07733344
  -3.98385839 -10.72930755 -19.81049437][ 14.1143505   -5.23998735  13.12723288  24.73386143   6.72686521
   5.90036939  -6.53113279   1.60914719 -22.43312602 -16.16665226
  -5.12598878 -14.32090103 -21.17684748][ 13.94871698 -10.03675693  11.31458292  28.62742512   5.88994911
   4.8179787   -3.74511239   7.65446723 -21.00768458  -9.76074078
   5.88855336  -7.55235224 -25.12593579][ 13.870269   -12.38052949   8.17726422  26.3834388    4.3929299
   8.97812256   2.76722061  14.12496565 -23.23752684 -13.95116423
   8.34785568  -2.68845997 -21.32690981][ 1.37851900e+01 -1.23864438e+01  4.76649385e+00  2.25643335e+01
  1.03860180e+00  7.56107976e+00 -5.84955098e-01  1.36553217e+01
 -2.30228463e+01 -1.70352590e+01  2.88979124e+00  2.01996054e-02
 -1.60578829e+01][ 13.49869388 -11.75670904   4.61656865  19.56324761  -1.52473022
   2.85185835  -5.53699923   6.33211632 -22.9394541  -15.09816268
  -1.51681815  -0.85228997 -14.51139234][ 13.12804449 -11.44468997   3.69748724  16.62466849   0.14118453
   5.05481998  -7.76248436   6.10372713 -19.36625471 -16.18032793
   0.46490852   2.74147572 -12.23119939]