[12.25905464  6.03345973 21.5528948  12.58905171 10.5125697   2.52504605
  0.82117639 -4.71730799 -2.96819991  0.3948811  -6.71711606 -9.62841901
 -7.19041123][ 14.32955887  16.29104591  21.1443715   11.5261947    8.51009
  -1.73288187  -3.61434926  -6.50379751 -12.30710352  -8.02954863
 -10.19279949 -17.72495753 -13.5871815 ][ 15.18535728  21.66726584  22.54806954  18.04907083   3.68257523
 -18.53468688  -7.8893912   -3.17856808  -7.17800375  -5.16261758
  -2.83733539 -17.49968515 -21.75894821][ 15.65530662  21.06890563  16.31471033  14.37167813   0.31077298
  -8.77003313  -1.47867856  -6.86545359  -6.34559901  -9.57332069
  -4.04075411 -11.06687169 -16.11223444][ 15.64303586  22.27623249  19.31418323  15.75765047  -2.41240942
 -12.30683784  -1.03863976  -4.98670611  -5.03301448  -7.90371555
  -8.42842275  -6.66045524 -11.46253436][ 15.7838868    7.43940904  10.44435441  22.6221732  -10.12969552
  14.83395706 -23.52191142  -2.38305949 -17.11242835 -14.7578692
   5.44459577 -24.64507887  -1.83034732][ 17.32092582  -5.82925763   6.05136688  20.79035351  -6.05686112
   2.88623285 -23.87702975 -17.66044727 -26.7105425    5.25664399
  -1.80505805 -15.66627078  -8.69718241][ 17.95801653  -2.61284661   0.83216094  16.92900627  -7.16891736
   0.5424459  -19.74218449 -14.37818    -25.55673498  10.21611378
   3.93328467 -12.02940309  -5.37607778][ 18.16280028   1.00763458  -3.69073654  16.25706484  -3.41904636
  -4.78669343 -14.94028523 -20.86559698 -30.08839628  12.64726734
   8.50246557  -6.67851793  -2.29688237][ 18.0749993    7.93042461 -11.56966534  13.49699188  -5.18680253
 -11.60506514  -0.66508809 -22.21445834 -25.02497191  11.74352679
   7.4456579    3.61268573 -14.86217935][ 17.81312178  11.47574662 -12.15834605  10.65249558  -1.66138151
  -7.59467779   0.03776543 -17.16445201 -35.87987427   9.11080127
  11.04823314   6.41767199 -18.4990149 ][ 17.6955613   11.19145075 -10.41776703   8.42998234  -0.69119653
  -0.94661403   4.28517067 -11.99208514 -37.44460604   4.79934519
   9.31217669   7.35754983 -13.71013848][ 17.44702027   9.63941046  -7.0149463    8.37781212  -2.46380901
  -2.92373679  11.17213597 -14.09521237 -43.37737003   3.5838232
   6.54829292   8.59329178 -17.88785657][ 17.23249275   8.75839832  -4.13872481   8.24342716  -5.22070103
  -3.81744761  15.00927403  -8.0398855  -43.07312458   0.68445522
   8.5761106    7.25212488 -16.60129276][ 17.20292415   9.97725336  -4.66327336   3.58149298  -7.83756308
  -4.94871396  13.89315343   1.41474615 -44.23561041  -6.59726521
   6.57419656   6.70511391 -10.38443462][ 18.05452223  13.93021946 -13.15294063   0.38889399 -14.48757552
  -3.90940239  15.14015046  -1.46012876 -43.331193     1.45676293
   7.50173113   2.44100033  -4.05758535][ 19.35205087  12.38910031 -22.22215674   0.72972104 -25.52022917
 -15.23900249  31.97192424 -14.9662935  -42.3419627    4.51410663
   7.82742539   1.28877016  -6.33725026][ 2.06011738e+01  8.25854422e+00 -2.96111708e+01 -5.20660162e+00
 -3.02784604e+01 -2.18656375e+01  1.69731811e+01 -1.10160662e+01
 -4.59839786e+01  8.34388523e+00  4.72372013e-01 -1.54837886e-02
 -1.47565110e+01][ 21.19357539   4.98905856 -25.08618091  -9.17418928 -27.04088923
 -17.15585643  26.45194562  -9.28282091 -29.33467557   7.42678924
  15.82786253  -6.44686818 -11.26934378][ 21.61624638   7.10276685 -26.27875206  -9.79761484 -24.77196755
 -13.08553197  33.55457171  -1.46736333 -24.64507578   3.58390886
  18.47364388 -10.78361699  -8.86693319][ 21.94338091   6.17185895 -30.31259436 -15.06296525 -30.87109942
 -13.66684375  36.11584196  -2.24270926 -27.12151271  -5.54030049
  11.4902693  -13.80164263  -9.87441988][ 22.01658307   9.51246312 -29.31408278 -12.95763882 -26.62174383
 -10.56802349  34.67242696  -1.41861634 -27.57225995  -5.30458629
   5.4186753  -10.31375449  -5.82702149][ 21.75404301  11.69916995 -36.69775885 -16.03569962 -26.10528662
 -11.26822373  37.80131716  -0.15854134 -30.35183441  -1.15317143
  -2.53636195 -18.25168978 -14.79803147][ 21.44217265  18.1084252  -36.06754895  -9.74819714 -23.19285364
 -12.59981462  47.37027335   6.06729467 -27.70047247   5.92157487
  -0.23737342 -13.17385095 -13.95256357][ 21.30822659  18.63317808 -37.72150189 -10.61602198 -30.33145463
 -19.7944935   34.34379288  -3.07375306 -34.77124302  -0.44546613
   2.51696487 -16.14978963 -15.70398406][ 21.27918217  18.39992079 -36.00922435 -10.03965504 -25.55678197
 -14.36715553  42.40123629   2.47986175 -23.28864284   2.69938825
   9.03533693 -12.94869338 -21.73066644][ 21.36769982  12.67582906 -29.30696688 -13.50838619 -23.50703556
  -7.72857825  30.42730544  -1.28413732 -20.06702469   6.60433341
   8.87669137 -12.51309387 -17.7035878 ][ 21.4233154   10.60040453 -29.86086446 -15.41356515 -23.81734551
  -6.93777405  31.23625963  -3.35084215 -19.17126995   7.64088929
   7.4860661  -14.40970528 -22.71251726][ 21.38967948  15.14270408 -36.10066091 -10.90525635 -26.50594671
  -5.93999478  37.90555802  -4.81757908 -18.91941204   7.79663383
   8.47396058  -5.55889857 -18.94480672][ 21.31741197  15.17142493 -36.32549453  -9.17524728 -26.26891986
  -0.62635776  42.12247908  -1.56125688 -21.03221732   3.71851378
   9.20343394  -9.98375155 -25.78126062][ 21.29325852   8.76380323 -31.49401979 -16.08350654 -21.15499742
  -4.66067195  32.00976721  -3.57918873 -22.4517681   -1.01226229
   6.01928409  -8.77759168 -19.36542385][ 21.21952607  11.89446068 -35.96294829 -15.71329263 -23.00508315
  -1.3182663   34.08032787  -6.12382561 -23.25665425  -2.44479099
   5.35762933 -11.99855026 -26.93760628][ 21.19253363  11.61785109 -35.63609591 -14.75930115 -23.24383234
  -1.89338002  31.5019872   -8.19833531 -21.68564449  -5.25018997
   3.66168754 -15.09368322 -26.91518849][ 21.21962889  16.84056947 -38.80780059  -4.97629444 -29.46222219
  -0.99452262  43.68359318  -9.16864491 -16.45144665  -6.70813313
  15.55662891  -7.26197184 -18.44345172][ 21.22277015  16.63418836 -36.292406    -2.32420037 -26.12311598
   1.43873399  42.16620859 -11.45202622 -22.64046573  -0.2483286
  10.51606636  -9.85235352 -21.10372713][ 21.20652592  11.35390736 -31.04119787  -3.62882222 -23.06082827
   4.51401934  29.15877377 -16.25874617 -23.62380783   3.85368967
  11.55203203  -9.56569744 -15.83621829][ 20.90797667   8.58851009 -35.68919179  -4.73864319 -29.04060742
   5.5821662   27.44479322 -16.45018137 -30.82984484   2.76141131
   1.69251449 -19.84047832 -22.57242975][ 20.33051361   8.14962414 -27.50949858  -1.29378756 -26.43494868
   6.79138776  25.14539199 -15.61381879 -24.63788274   6.03386724
  11.33689018 -11.74012764 -15.52406588][ 19.75863721   7.51490576 -25.03599231   2.02361841 -26.38567662
  12.35142806  21.61819013 -15.24639463 -15.76914378  -3.79347209
  12.77511615 -11.57506809 -12.64459105][ 18.6923043    6.53318966 -23.25324921   4.91453438 -17.89222897
  24.77253315  13.2542183  -18.85847317 -14.02211753  -9.82363417
   9.65512351  -8.03178298 -19.86700132][ 16.85237825  11.71469261 -16.36289094   4.23344894 -13.87541278
  17.03558887  10.87545726 -19.35172589 -10.01752421  -1.21474053
  13.2511682  -14.61962763 -27.60895129][ 15.34038408  12.43476637  -8.54293065  -0.70442444 -10.74765944
  15.95673268  22.26974719 -12.46582588  -3.27597225   7.33174817
   3.11178632  -9.40075422 -18.76678146][ 14.16223107   6.54422793  -4.92039897  -1.36716539 -14.0677245
  13.06700713  12.92890545  -7.15523436  -8.74697931   3.60396499
   2.25472833  -3.62181913 -20.41917995]