[11.99179273  5.58854629 14.64348954 10.11044876  3.51579303 -0.66110959
 -1.07042343  5.24057749  0.31150787 -8.92801133 -8.58299998 -4.51696758
 -1.67314757][13.56547184 11.28551179 21.22355057 19.81562924  7.64028073 -0.63877285
  1.36905907  8.70950775  6.00819614 -8.93312786 -8.08555973 -6.99479489
 -9.24610838][ 14.61133963  17.72660617  14.11160376  12.43520373   6.19088766
  -5.59757439  -4.44537566   3.61274702  -1.65527554 -11.06938126
 -11.6217156   -9.83682319 -10.42247962][ 15.15325317  18.73885956  15.3034874   23.11262559   9.41190074
 -17.04234445  -2.63565272   4.18300934  -4.7276398  -10.47961322
  -9.91858837  -7.19503493  -8.87791174][ 15.22099535  17.40498988  13.24919477  23.81506892   9.62604648
 -16.63820754  -4.1431156   -4.04710549  -9.01650693 -13.62205565
 -17.10462108  -9.09582455 -10.32316716][ 14.91963621  15.479336    15.62718182  24.67195952   9.78855072
 -12.36433385  -0.99835736   2.23334672  -8.9896445  -11.70425014
 -14.12463691  -9.38746194 -17.08635935][ 15.46266317  -5.67092459  20.49250932  27.42241808  -4.50455406
  11.79783181  -2.10510819  -8.33573625  -4.16031553 -14.27797482
  -9.79207662  -6.48635658  -6.13030835][ 17.25396303 -18.35119787  26.61591523  27.28252654  -5.01108556
  12.89689867   4.93970437  -5.71782352 -18.03172904 -14.75288241
  -3.40502216  -5.22683069  -7.58085945][ 18.70872253 -23.56122551  19.59098131  36.14062361 -11.38621172
  -0.64303111  -2.3410216   -0.42148264 -24.30168768 -17.8504117
  -4.13829542  -0.32002263  -2.03055566][ 19.8286532  -15.8457383   -2.9197639   27.18373089  -6.27070315
  -7.98147891 -13.8711222   -4.4994044  -10.13540355  -8.00514407
 -13.41606311 -12.54987528  -7.36289619][ 21.23201296 -14.20755047  -8.88780337  50.28691725 -12.31465094
 -41.39807611 -24.28821191  -7.93522163 -35.31260082 -17.32676259
 -14.28097835  -4.0085573   -7.71614628][ 21.96541575  -4.53407865 -21.70779195  54.75570398  -0.21457954
 -46.79150489  -9.97756612 -18.3323548  -35.08782458 -17.08720085
 -15.77213474   7.96684815   2.05707555][ 22.41919514  -1.92109643 -24.59917978  53.30359041  -0.83054709
 -49.72127928  -4.81711595 -11.72108847 -28.50192779 -10.49104548
 -12.86827135  13.15718961   4.63670363][ 22.95141157  -9.22390445 -25.20198231  38.3946869   -1.83464831
 -52.29200099 -12.39347429 -10.96497193 -39.68731702 -17.29444928
 -15.32220247   5.09955571   3.43085481][ 22.81343681  -7.50890142 -22.44908147  38.71021904   1.03040188
 -48.44514707  -5.70679537   1.76936481 -28.45218801 -11.3549984
  -9.15129836   7.11727882   6.90337303][ 22.74544518  -7.04457465 -26.63467023  34.89948751  -2.1074693
 -51.74620909  -6.04176016  -3.19322065 -25.1902973  -12.74290889
 -12.00767343   0.89115887   1.69906005][ 22.83726255  -4.98163747 -33.86959392  37.71861337  -2.83302394
 -54.87020782  -4.23363906  -8.54383255 -13.64931073  -9.61980264
 -14.72057336   0.47768536  -4.32917517][ 22.44640099  -2.88022908 -30.80065756  40.44685485  -1.8720425
 -46.63575282  -1.24148252  -1.08898054  -7.05235852  -1.64672715
 -10.77090826   5.26106054  -1.41873382][ 22.27958598  -5.04469732 -28.58689356  32.14593668  -0.90470014
 -31.46813968   0.50037229  -4.26899761 -10.28100445  -2.38590212
  -5.88257765   0.27922559  -1.35890279][ 22.2327948    5.16370948 -40.86200923  52.45098254  -7.39719079
 -44.30354507  -0.16812639 -14.400739    -0.69789605 -10.64726404
 -10.37632484   3.17302945   1.95560806][ 21.62166836   1.28237233 -33.13517518  42.91679215  -1.881017
 -41.18514368  -7.07054162 -14.32802824  -7.9728726  -13.75850586
 -18.29596725  -1.18200261  -0.74884314][ 21.07630465   5.72928134 -35.60403382  48.54451804   1.5273263
 -36.85657372  -8.17423263 -20.25086695 -10.53641654 -18.43255233
 -17.32536136   4.84140369   2.39909981][ 19.61764641   4.10080389 -29.94795661  36.53179072   9.44673155
 -36.41426192 -19.24376284 -25.58552704 -16.16422094 -14.33274099
 -20.26550084  -8.55536313 -12.00647446][ 18.20550248   6.91812805 -19.40664385  33.45467489   3.54626901
 -24.96960068 -19.84158691 -15.95550683 -15.25206748 -12.8254627
 -15.86476893 -13.75215707  -7.67812392][ 17.71670668   5.28237462  -8.90543581  30.4939708    6.5054933
 -23.76094834 -17.22989786 -12.05905631 -17.64190671  -3.97847275
 -10.54824123 -10.54120336  -5.94073847][ 17.30240925   6.0719502   -3.93479888  26.06680879   6.67946047
 -25.35039623 -19.16624051  -4.19526734 -14.55365883  -3.11637673
  -7.50040296  -7.83641215  -5.95090251][ 17.07465744   1.89464873  -2.2299012   25.90330646   7.76286288
 -28.39593071 -34.99038186 -22.56266017 -26.69228591 -14.26752196
 -17.06145992  -1.55758444  -6.95552289][ 17.43386887   3.96044682  -2.38105396  31.03331463  10.95303179
 -28.44531269 -23.72728823 -14.19757797 -16.39813218 -13.94460384
 -14.18155644   2.35292629  -6.93778165][ 19.47483886   1.26105784 -18.33310311  34.99930881   7.84380805
 -23.33472579  -4.07984074  -6.06417157 -15.40382858 -20.44967653
 -17.21890419  -7.34221794  -6.85682646][ 20.5567499    1.54052015 -23.18353345  50.80094852   6.13259626
 -43.48206896  -3.04141024 -14.37678515 -26.80319023 -20.00633106
 -16.04486184   8.47843541  -3.67844708][ 20.94153762   1.38571084 -27.12554349  55.76736014   1.94013345
 -50.23961906  -3.39836702 -19.91834094 -30.46740593 -25.3895058
 -20.61496555   8.85544873  -8.0382438 ][ 21.45092766   3.39491819 -31.24203017  51.96244193  -3.76756995
 -40.67160864   1.96129757 -14.9373738  -26.69283895 -14.44237243
 -16.57182078  14.38316181  -7.07159488][ 21.47800587  -6.92618939 -23.64645191  42.27089257  -6.59742243
 -50.01762714  -6.01907284 -17.20918298 -26.86803453 -19.96033417
 -13.78585295   4.67767943  -6.87170461][ 21.51832066   0.76039968 -31.11030947  50.58156528 -10.97426617
 -45.42573731  -2.96072629  -8.47421799 -19.77745907  -9.37674107
 -13.97765089  18.27812588  -6.40512878][ 21.62827731  -4.38578903 -27.02601558  36.37730675  -4.92066459
 -38.07101549  -0.13416819  -4.34377286 -10.16492506  -8.7105731
 -14.6256849    3.74074503  -1.10575631][ 21.3751563   -3.03805301 -31.30756177  36.94499486  -9.31489575
 -49.53055057  -2.57488152 -10.31876234 -10.70694024 -13.76391104
 -16.70763381   1.13090752  -6.56138106][ 21.34067714   2.99719005 -33.67258548  43.31623545  -9.4460235
 -47.52211537   4.3757481   -5.70297902  -5.13491572  -6.53695688
 -12.41630507   9.04946321  -2.46130202][ 21.41969295   4.25197789 -37.1611852   39.22386991 -13.20495341
 -30.27003375  -5.74951043  -4.92489778  -9.17308715   2.41437586
 -11.82325636   1.38505904  -5.3316522 ][ 21.38484798  -3.17176286 -27.22785577  32.02257299  -5.9097052
 -37.19464647   0.25228795  -5.18464287  -7.07163324  -2.08971616
  -7.44638694   3.88426439  -1.62367665][ 21.37745977   5.96212091 -37.62147568  49.00402612 -16.47050219
 -43.58637844   4.18829544 -10.28354523   0.82207516 -11.00608816
  -9.28292986   7.1582257   -5.69570611][ 21.49320492  -5.03717573 -26.36376614  33.17262221  -8.82260348
 -40.81497481   1.96171317  -4.60129177 -13.82408047 -11.38741491
 -11.51068279   1.7814747   -3.61415031][ 2.15442674e+01 -5.49813542e+00 -2.41040746e+01  3.55423935e+01
 -2.52782426e+00 -3.30381090e+01  2.84944629e+00 -3.19401025e+00
 -7.26100579e+00 -2.45063641e+00 -5.97108177e+00  3.28691681e+00
 -9.79240328e-03][ 21.16559878  -0.8016012  -28.59503476  46.05823473 -15.13481299
 -47.86809747   2.86260641  -6.27205113  -9.82411456 -15.53889736
 -16.2818358    1.4095751   -7.63420553][ 20.86710474  -1.66870836 -22.71210091  48.04498905 -13.17977592
 -42.85288318   8.82519652  -0.54584387  -9.96150975 -20.85011396
 -18.58117209   2.93719466  -4.05060974][ 20.45191768  -0.56430882 -27.10233231  45.71276056 -13.38177597
 -33.5696905    5.32110686  -9.94423424 -11.11839357 -19.50202236
 -22.16004045   0.53278125  -7.23228177][ 19.04067479   2.74054645 -19.22980871  42.47125896 -12.41959729
 -33.91723477  10.79575798  -8.14213672 -15.63319098 -22.72319685
 -28.31673699  -2.61901147  -3.94751471][ 17.66302569   8.88255939 -17.07432645  38.33682478 -14.20922532
 -19.41826517  13.19008368  -7.95754352 -18.88309195 -31.2887424
 -23.80934426  -7.31410309  -3.55989128][ 16.71557592  17.26051457 -11.80040772  28.48098352  -7.47786706
 -23.3075197   23.65905157 -11.78828482 -21.83560688 -13.56868566
 -21.31164985  -6.1436617   -4.16019696][ 16.47741634  18.31739003 -14.24071937  26.22999981  -5.94086654
 -21.59292891  20.57682995 -10.00026387 -22.80778188 -18.20475768
 -21.15006749  -2.95010919  -4.11938761][ 16.43503892  16.0503242   -9.02513848  21.35419511  -2.08257291
 -21.68032058  15.77157683  -3.181495   -24.10637525 -20.20029492
 -21.50592126  -4.01115027  -0.47680708][ 16.42405982  17.60455264  -6.52937826  20.20205232  -3.09306759
 -26.16365005   9.18492263  -0.92777942 -15.43298108 -20.58067062
 -25.71013436  -2.75421071  -3.55261395][ 16.28897803  18.89279838  -6.87997041  22.15430816   1.30932395
 -25.53606232   7.10101643  -0.57100858 -13.41597001 -23.8339073
 -27.58326499  -6.22240667  -5.5546009 ][ 16.05670321  18.45299705  -1.43509695  24.42424139   2.18619758
 -19.36126755   1.0390899    4.76847711  -9.02840232 -22.10825236
 -21.87709488  -7.48729721  -8.25388698][ 15.75582968   5.23759948   8.43374857  31.25946133 -21.31971577
  -8.20161637   1.8096348   -4.34639489 -11.2845021  -18.2269986
 -17.80163967  -0.67132535  -6.33073702][ 17.52580974 -14.0138823    8.46158159  25.39027228 -15.62022363
   9.34982791   4.47839153 -13.56850466  -0.76441294  -7.58978355
 -12.36631685   2.82717778 -12.53366943][ 18.66268428 -30.61710691   8.6901837   35.79015131 -11.06873048
   1.5464294    8.33820998   2.06707763  -5.29328353  -9.19309611
 -10.98456901   1.71892007  -9.17367831][ 19.41446785 -35.47328143   3.82093755  32.40422867 -12.68676466
  -1.92899333   9.70949915   6.01473018  -5.79567979 -12.14857626
  -9.137194     0.84567455  -3.54450495][ 19.82136183 -40.94546381   3.10052758  35.89494423  -8.01771342
  -5.7659064    5.79357736  10.3248119   -3.85469621  -7.29601732
  -8.49422709   3.49110655  -1.8023137 ][ 19.87436362 -42.07614199  -0.65995655  35.33338773  -6.41786564
  -8.41905392  -0.63013609   7.9593529   -9.74771097  -3.11279743
  -6.63424035   6.908264     2.52210473][ 1.94288990e+01 -3.43317707e+01 -1.39897035e+00  2.72048834e+01
 -4.07236573e+00 -6.86267553e+00  2.69665763e+00  7.10919063e+00
 -9.63234215e+00  1.46613983e-02 -3.71423517e+00  1.63718110e+00
 -1.55306209e+00][ 18.897532   -33.53308948  -2.29833594  23.79444383  -6.31514976
 -13.04112416  -1.5081612    2.87513454  -7.07639032  -2.65387348
  -1.33087695   9.47866057   5.65358743][ 18.39951266 -35.26487326  -5.79772414  20.43262808  -5.03125738
 -21.19831577 -10.37507302   5.65647222  -3.78687887  -4.10336983
   2.2510515    8.85761288   5.97850917][ 17.93541528 -27.58980161  -6.41576326  18.26414897  -3.28249045
 -17.63264373  -9.0078354    7.80526694  -5.65053389  -5.25335148
  -8.53465272  -0.76123455   0.58295958][ 17.5263405  -28.88342201  -6.52053798  25.46207959   1.1964962
 -20.54950513 -16.24412831   9.95541446  -2.1303629   -1.89409393
  -5.60421899  -6.88666543  -7.27209428][ 16.95310102 -26.559833    -9.80860142  24.52294594   6.43961669
 -12.79395326 -14.65511749  10.50949772  -4.13059852 -11.11775779
  -6.24536769  -1.63832332  -2.56108554][ 16.30913308 -23.12301267 -13.21727202  22.46535822   2.98114213
 -11.18685495 -14.78763887  10.78989829  10.57057325   4.75148321
  -2.02859959  -4.70734968  -7.16508758][ 15.70245466 -15.91172208 -18.6439711   17.03690245   4.91391201
  -7.6122683  -15.7052094   -2.97743822   8.7111563    9.11469063
  -8.14245211  -6.06331958  -0.59829403][ 15.17561946 -12.2772724  -17.68083203  13.89231053   8.81900905
  -1.6062551  -15.13771249  -8.93900619   6.51942231  17.32178702
  -8.33522189 -11.1632564   -1.49342537][ 14.64825542 -10.29653543 -16.98943604   8.99557332  12.92871496
   7.77258868 -12.21032726 -12.56171237  -0.79019038  19.47556676
  -0.80662435  -8.42950847  -3.45092279][ 13.53043659  -8.24964343 -12.01939907   8.2249044    6.56112174
   7.58572538  -4.31264441 -13.22604681  -9.12577817   1.66137291
   0.15765257   3.71684767  -7.30982043]