[ 14.61065433  -8.80578467   3.75416486  40.6822928  -10.65820713
  -4.07586546  13.78332609  -8.32701091   2.68501608   2.00600236
 -14.52718073  14.03874359  -3.68834076][ 15.52047405   1.66883436   7.92925513  60.77543656  -8.17608986
 -32.44274015  15.46651188 -26.97304383   7.6219433  -15.84815768
 -20.41023972   6.50540462 -14.85846121][ 19.34252696  -3.47304112  -8.42770216  63.76259782  -3.75020611
 -47.4703713   25.01749504 -33.88911108   9.65737472 -12.03484677
 -23.18789366   6.54861551  -6.2568071 ][ 20.02977565  -1.213992   -15.62780515  50.56343989  -9.17929936
 -41.3072227   28.58883667 -31.23160326  -7.15610944 -21.6030575
 -27.36261869   1.73021748  -9.97889449][ 20.64713102  -0.98688941 -19.08970497  52.42180325  -4.29043564
 -35.68767179  14.35617808 -30.50413725 -10.68864145 -17.18560716
 -21.68322311  -0.82224745  -5.42777537][ 20.69790079  -1.3229213  -18.46939317  52.72144454  -2.13456756
 -43.93691455   7.13451568 -28.99644297 -23.2020476  -22.30629078
 -27.14313966  -0.49990861  -6.11413591][ 20.87694722  -4.22277143 -17.216816    46.22370752   5.24946517
 -19.35718302   3.37557503 -21.57663802 -31.47262332 -19.52253869
 -19.01422074  -0.48960216  -2.4078164 ][ 21.3228173   -0.42395133 -20.56742397  51.71730161  -2.71944585
 -46.97407271  -0.08872846 -21.92072205 -18.48162272 -13.63011667
 -18.56735371  17.09085609  -3.38901256][ 21.34347819   2.48982549 -25.11508562  51.71727207  -4.92299181
 -53.0052662   -2.96748567 -25.80883532 -11.53933492 -13.36321394
 -12.22023032  23.22958413  -5.30828088][ 21.91558614  -4.37670438 -19.29851688  31.49665458  -0.79955622
 -56.58378507  -5.83267055 -12.5032862  -10.19930236  -7.3358183
 -12.17174201  11.51563938   7.78796139][ 22.04176292  -5.24725693 -22.71246126  23.83830627  -3.64881039
 -50.81969526 -10.46304583 -10.10508276  -6.63349152   1.92324015
  -2.20040488   8.12081267   8.48281626][ 22.00919766  -4.5976635  -22.82131334  22.77091689  -3.54927497
 -53.93162999  -9.44959905  -8.84662078  -3.09340956   2.29403719
  -9.80541934   2.34964287   3.44674726][ 22.00014706  -1.06465991 -32.89424749  23.15910783  -5.92877075
 -53.08686245  -7.3306844  -10.34810492   2.11240814   7.10587402
 -14.8816416   -7.6080573   -5.64677646][ 21.75778387   3.94532247 -38.92540448  26.02814206 -14.31631979
 -49.52798941  -8.96388505 -16.89910422   8.24358578   3.72650581
 -14.68703127 -11.50700502  -9.36526494][ 21.6323872    2.48705263 -32.79720813  23.22994601 -14.9404066
 -34.24384208  -7.0840253  -12.97139252  14.37591534   7.42979939
  -9.37048386 -11.58599117  -7.47885229][ 21.38528877   0.15491685 -28.28922171  17.41788999 -16.56090572
 -26.6536617   -7.06429232 -15.82458292  16.22430621  13.11137336
  -7.83878635 -11.51474433  -3.4566834 ][ 21.04704322   2.81315043 -33.76998685  22.58228857 -26.5145901
 -28.85479991 -18.0353018  -30.16736721  11.89522431  -0.59865412
 -12.60858109 -22.06758605  -8.17717685][ 20.68006246   1.5533649  -30.91585305  20.80826856 -23.29543967
 -24.1940003  -21.57233477 -27.24918828   1.87659756   3.36315685
 -18.30357807 -25.24595167  -5.37992896][ 19.72309695   0.61673413 -22.63925808  24.71975433 -13.41388524
 -16.17397817 -18.37579627 -30.72902112  -2.93034269   4.67435432
 -15.9408652  -23.67633981  -2.0620682 ][ 18.01150971   2.24886466 -12.64842142  24.44391557  -6.41163696
 -11.02458289 -22.59478007 -30.45436861   0.07440859  -0.19880805
 -18.95011756 -20.77219266  -1.26061891][ 16.4994228   18.50890414 -14.19422611  33.16493211  -0.90679585
 -16.58545281  -8.6404384  -24.23011487  10.3477806    6.4734402
 -18.50334919 -13.26087296  -8.03070633][ 16.02646342  18.10742625 -11.17560963  30.7695117   -4.37034136
 -17.38508457  -4.6325049  -22.51031855  10.24113426   5.15300992
 -11.99156308 -16.02800573  -5.17968107][ 15.54232782  16.86385406  -8.61607106  27.06116548  -4.11738059
 -20.2821447  -10.59704683 -27.65734976   5.61738612  -2.95545608
 -18.33545886 -14.3893157   -8.82911833][ 15.21419205  15.78694347  -7.67779582  24.10810191  -7.74175392
 -20.69565351 -16.40702033 -27.97442395   0.45455401  -6.7320691
 -25.50208602 -20.8758955   -6.99255019][ 14.77871261  15.31414659  -2.65035829  30.44810597   2.00113785
 -12.26465795 -12.72637674 -18.26357137   5.9196283   -0.24048156
 -21.8695585  -22.52913702  -0.61417683][ 15.60930389  -2.93370845   1.46002016  15.76259193  -3.86549547
  10.02903467 -20.50169235  -9.88753931 -13.1998441   -8.23396965
  -7.95280958  -6.28799432 -10.24572637][ 17.33347521  -2.18182715  -2.98873568  21.00702181 -11.33984494
  -6.10763341 -27.37139869 -21.99147768 -25.8951121   12.16642441
  -8.78356203 -13.67277842   8.21382317][ 19.07884756   4.77761945 -14.37445848  19.41426303 -12.13727456
 -10.3924305  -18.56432916 -16.12369121  -9.63973947  18.92918663
  -6.54903508  -9.18941471   9.00765132][ 20.24207448   3.85627192 -18.48827177  20.26506224 -11.78175812
 -14.9204844  -13.45396759 -21.56819227   0.40440355  16.27633448
  -9.31542857 -15.95558955   3.64466036][ 20.85441477   3.50828506 -26.28127182  14.66393608 -12.90803984
 -25.15854295  -9.63245606 -25.09157796   1.9887938   17.80962051
  -9.03248274 -14.43668378  -4.14878374][ 21.03192509   6.87235844 -32.42772066  18.37653285 -16.86140825
 -22.93207728  -8.9597921  -24.11896447   3.691057    18.6728451
  -7.66971428 -16.25813377 -10.13856386][ 21.04717326   6.61829752 -29.57873815  15.9104023  -12.3600715
 -22.40873224   2.75034392 -15.01569532   5.02001671  28.04391354
  -8.86584696 -17.00299533  -6.1125721 ][ 21.18446383   7.06793669 -33.75448832  15.27391604 -16.01995417
 -24.04939875   4.06627016 -15.68579533   4.52124108  23.75580273
 -12.39943094 -19.93224552  -7.26795761][ 21.00295478   6.08334952 -37.23378261  15.69891334 -19.63002682
 -22.68016327   1.6719794  -18.02872751   2.97149478  17.6411027
 -20.36593363 -27.4078934  -17.15198566][ 20.92691918   7.20491309 -40.58539231  17.96415814 -25.97207892
 -18.65350694  -2.91211719 -18.57502809   1.15172289  13.77517918
 -20.94857889 -29.31603907 -17.61858821][ 20.9460819    9.37699791 -39.35975647  19.80823961 -22.65526853
 -15.3086231    2.17594054 -17.71957063   3.26921307  13.25956369
 -15.94953748 -19.66235591 -12.77934186][ 20.7086132    6.6846473  -36.89341892  18.4183812  -20.89411402
 -13.27115997   0.69046778 -19.43333875   5.34090438  14.13611349
 -15.49547621 -25.20377305 -13.99349832][ 20.51616072   7.14903748 -39.24550215  18.85157979 -25.02509977
 -12.0963913   -5.03960168 -23.26191734   5.39794373   6.12488082
 -15.51159099 -28.02557605 -12.88876059][ 20.36149842   4.53603931 -32.88246795  11.74567772 -19.32102265
 -12.54114891  -3.84692907 -23.45997987   0.30694479   8.6426191
 -15.64701051 -25.90394832 -11.28783208][ 19.95549437   4.3480664  -35.78047378  13.26494518 -21.63035465
 -16.03900695 -15.8844445  -32.64100854  -5.80464297   2.20724658
 -16.47731925 -32.32738039 -15.85642355][ 19.26735827   8.89922504 -33.12940792  17.3824755  -23.28361369
  -5.97969249 -13.68922618 -37.85671964   1.52632397   4.19605437
  -8.2828579  -30.45963253 -13.34605741][ 18.35458984   7.26323359 -17.257464    16.82256038 -11.83540901
  -1.86653402 -10.17346687 -30.31962342  -1.46387747  13.96425991
  -1.79643025 -26.19260777  -0.74388909][ 16.94332049  15.86155911 -11.79621406  15.50380403  -9.50311917
 -20.06493758  -5.28376681 -24.6019374  -11.26305871  -1.1940712
 -18.70592733 -21.26837116  -8.94226188][ 16.63076787  18.56592745 -15.44104148  21.59602343  -7.40593253
 -18.28254529   5.64073585 -25.66042578 -20.59604042 -14.851094
 -18.36742955 -22.66290841 -14.35564937][ 16.64428712  16.24592883 -13.03032475  19.80020564  -4.99455754
  -6.23989236  11.18107308 -25.98539404 -26.09471797 -14.24989056
  -9.27016151 -23.50863764 -10.95535484][ 16.75360165  18.03344334 -16.10490908  18.80452711  -5.8764076
  -5.03437808  13.83354348 -30.67460162 -26.12852619 -13.10712749
  -9.3181907  -20.10488342 -10.92272391][ 16.63050274  13.55154946 -13.64311523  16.48645639  -7.931954
  -1.60220793  13.16237342 -35.1251036  -30.73009438 -13.00883527
 -17.48129177 -23.34342856 -10.49093065][ 16.64691764  16.02986682 -13.92726752  22.41029275 -11.43187895
  -1.12754427  17.71992247 -32.78522137 -20.91271033 -13.0936622
  -8.71326714 -15.12033451  -3.613631  ][ 16.79307943  14.96965168 -16.48232325  24.65751191 -11.79737028
  -5.08019042  19.58077861 -32.7508831  -18.70512417 -14.42141756
 -12.35890949  -7.70902067  -6.7029422 ][ 16.90469647  12.21760643 -16.57521361  26.21826152 -15.17745513
   0.19443587  23.40091112 -29.85829364 -19.856555   -14.78127004
 -14.95511128  -5.78615562  -2.51734159][ 16.82518227  11.56735808 -16.34286148  26.82868248 -14.9967122
   0.51558883  22.55583894 -32.33352034 -19.91011213 -16.74207105
 -12.44810199  -3.43441272  -2.80919627][ 16.6470365   10.05417459 -12.73253931  27.11854841 -16.74248568
   3.55233955  20.32273522 -31.06971231 -18.40388832 -26.67204334
  -7.01338638  -6.00161754  -2.29174676][ 16.24993408   6.39014364  -4.48388025  23.05169977 -18.22851182
   7.89306566  19.57069049 -23.91828811 -10.61713371 -26.97333399
  -6.64256746 -11.99232631  -9.23486193][ 15.64392997   7.26612535  -2.53640739  27.98016818 -12.77554482
  16.00004305  13.29754164 -26.41029682  -9.07882839 -35.40958636
  -9.53909214 -16.74051244  -1.30617779][ 14.99369857   8.92952426   2.75625259  23.98164598  -6.5425854
  19.9900275    5.90371911 -19.57115455 -14.80528159 -26.61418287
  -8.74266775 -10.57294241  -2.55610898][ 14.41608714   6.32815171   9.4973546   21.41909862  -0.4184307
   8.28632144  -8.37142034 -18.49431414 -11.12712583  -7.19777649
  -1.3948762   -5.41256835 -10.21419956][ 14.00197331  -0.0290231   11.53923072  22.27724473   2.45549725
  13.02850173  -6.4492007   -2.11109673 -22.03419813 -15.28156353
  -3.16079097  -5.37403422 -12.39107162][ 13.8381765   -6.09345612  11.14669562  26.51289642   1.96839427
  11.13673262  -0.61006187  12.15258703 -17.75615548 -14.12606113
 -10.57279068 -15.754602   -18.78265012][ 13.79626119  -6.34231031   9.31484709  26.71778351   0.32299189
   8.70555297  -2.89945293   7.13713494 -19.38687296 -16.06873407
  -1.78967727  -9.44208775 -13.81268264][ 13.82991472  -8.7470276    6.81882739  22.37131483   0.06583958
   3.22539877  -7.17048954  10.0977303  -11.56233591 -18.8613123
   4.7211231   -9.33656094 -25.07291824]