[ 14.01159125 -10.57381725  -1.96241312  20.66391262  -3.70391623
  -5.44254823   6.13193164   3.30451961  -6.86130335   2.71000721
  14.98494866  -3.26748618   3.91471039][ 15.38958314 -22.69085758  -1.09226893  28.39812709  -1.35770102
  -1.40741465  -2.57560636  14.43647785 -18.18676696  11.03215773
  13.17418289  -1.29849637   3.86817838][ 16.66826622 -31.36001197   2.10488473  38.02162043  -6.67319012
  -9.06282843  -3.17523915  11.67687312 -17.37017188   4.23031476
  -2.29436835  -2.83913293  -0.75978092][ 17.97991942 -35.7622398    1.65957351  35.30960661  -7.31044937
  -5.74510319   1.06047661   8.52636059 -18.36187711   8.70802458
  -5.77656499  -3.35533585  -4.68574077][ 19.00735366 -41.42755074  -0.15919879  35.39177096 -10.66676512
  -5.32252224   1.67684399  10.94661416 -16.91205624  16.25381427
  -8.23643505   0.56474439   6.05598226][ 19.6598667  -37.70214571  -1.03787882  26.40519136 -11.07445188
  -4.44484256   2.096944    16.97658851 -19.91624672  14.44453445
  -8.74276803  -4.5124334   -0.82511274][ 20.04148644 -45.13228874  -4.6808287   28.59689475  -7.23167335
  -6.33052547   7.03329469  18.31555858 -23.2465441    5.18593504
 -10.29283312  -5.17509557  -4.98872096][ 20.57025155 -48.41637417  -3.54017193  32.8576562   -9.7804664
  -5.14258088   3.79422877  17.96768301 -18.79082976   5.06254062
  -4.99576972  -4.49000029   1.80505961][ 20.87589904 -41.81708171  -2.15757387  29.06087421 -15.420536
  -1.41003163   3.25189515  14.93930716 -19.95715722   9.09017591
  -4.87939342  -2.43509715   4.76872463][ 21.05010023 -48.39888152  -2.05806017  30.15851198 -13.55815318
  -2.18023832   0.76230664  16.15484405 -13.73184735   8.89025705
  -8.66841916   2.08674184   8.63344895][ 21.31253157 -47.74812682  -0.70940671  33.27170015 -17.50158406
  -1.08563541  -4.87452466  11.68663038  -8.80737434   2.1612239
 -11.43403485   8.67104868   7.39898551][ 21.52774874 -42.19776946  -1.79078092  28.26125587 -21.48402781
  -5.02993842  -2.67031648   6.29829133 -14.3636262    8.50202413
  -7.19376117   2.37847962  -4.36853973][ 21.43401759 -44.49262576   0.5731355   33.36471669 -14.31673199
  -1.04581072  -0.63937766   7.53711609 -18.2334863    9.67685563
  -6.96151274   3.80932152  -2.57035827][ 20.99232122 -34.24253614  -1.88913693  23.28316003 -15.00468472
  -3.5801798   -1.76822363  14.10897834 -17.75376889   6.9958951
  -7.2037682    2.81253169  -2.94990185][ 20.31623245 -45.29036768  -2.03691234  29.60282816 -10.5884735
  -1.99615232  -2.46591601  22.21849506  -5.43551746   4.98982937
  -7.70918203   4.22724532  -2.79030512][ 19.33504784 -17.24963205  11.24316879  27.80040511 -14.16836739
 -15.78228932 -16.86885106  -3.87079326 -12.24518612   4.65018555
  -1.70745487   0.31476951   3.97674239][ 19.96098196  -3.45220645 -10.57051739  40.07231639  -7.03219855
 -33.41661089 -19.82846505 -12.18089367 -18.58036406  -3.57080313
 -16.8110295   10.34051998   8.39663819][ 21.44689883   5.00176951 -31.37580038  40.51444874  -2.83484722
 -46.54510614 -11.09789745 -15.49128909 -17.79697308  -1.570292
 -25.50208501   2.79257065   3.08652311][ 22.11897154  -3.43724569 -26.20230439  28.9226189   -1.34950371
 -45.26136229 -19.24058624   0.84497027 -18.50266221   5.54495326
 -17.91512897   1.21472244   7.27683156][ 22.47944707  -3.26185466 -30.60068301  24.01080146  -3.87512222
 -47.5814412  -18.34012702   1.24158263  -9.01855024   7.63800379
 -17.53873514  -2.43858576   2.9610481 ][ 22.66165044  -5.87626108 -29.08215765  20.54312843  -1.76228878
 -48.8840621  -12.17539373  -0.67440675  -2.87568315   7.78380744
 -10.74498337   2.38833874   1.86042626][ 22.61678251  -5.22260297 -37.31388588   7.27276907 -10.57744595
 -53.82614971 -15.44340876 -12.88936883  -5.2998275   -0.92627683
 -23.40602795 -17.06585834 -15.87816433][ 22.06977437   5.38635471 -36.08144509  19.85375168  -6.72638689
 -44.75600495  -8.67766103  -5.90245508  10.82423408  13.94565885
  -9.11100773  -7.69821027  -6.85428283][ 21.88511138   7.56654873 -41.30328922  19.75700044 -11.3767617
 -47.04843706 -11.2055218  -12.17484868   6.45862626  16.39447654
 -12.78325077  -9.17300724  -8.23226231][ 21.69245533  12.2626555  -41.56025057  24.47499575  -6.89572344
 -48.4210524   -3.84741697 -16.34816953  10.13444966  24.93145537
 -11.22912591  -1.8026454   -6.51548386][ 21.40967973   1.79541172 -28.80422909  13.55417191 -10.97041724
 -37.37972426 -14.81892884 -13.26617236   4.08642404  18.5606113
  -8.10067395 -13.14074612   0.79973319][ 20.76553146   7.82740087 -32.95181637  17.08347173 -11.39848905
 -44.62857898 -20.20690172 -23.29494106   0.96104835  16.26595968
 -12.41424519 -14.32904888   0.26750192][ 19.64962455  12.25203694 -28.47297221  17.12007505  -3.53493028
 -38.80055458 -20.88919016 -25.62932518  -1.12894236  21.52582869
 -13.62593585 -14.13602197   1.35288622][ 17.66016816  19.35078044 -18.91387109  16.37430907  10.10094574
 -31.44469008 -16.68553559 -13.55646106   5.95155361  17.60756117
  -6.20878353 -12.81052112   3.23251955][ 16.86241231  17.43554155 -10.55823705  28.77829575   8.28297387
 -32.34245517 -21.80595774 -16.65642797   3.94085771   8.31014389
 -17.54137768 -10.26983096   9.39901603][ 16.39178056  14.1277262   -6.9067405   27.03074187   8.39656935
 -30.29925487 -19.37845599  -9.74470561   3.29265338   7.664543
 -19.87426873  -8.89410927   7.5779702 ][ 16.05669388  19.16328949  -1.76147112  31.83298506   9.10341157
 -26.85069277  -8.4445841  -12.38180829  -2.68208657   4.62128774
 -21.35630661  -7.99699831   4.27691101][ 15.91632217  18.01938954  -0.76570066  27.45303937  15.25322426
 -24.71447599 -11.68057084  -8.01826259  -8.566122    -3.90680176
 -22.60492014 -14.83737382   0.75296268][ 17.2513203    1.30354496  -2.7810912   16.56816297 -12.02709516
   3.76454899 -10.08569175  -4.93065691 -35.15251285   1.75696421
 -13.20596491 -18.748328    -0.33386337][ 18.1367612    1.74053526  -9.978481    18.95001218 -17.27597197
  -8.95161796 -19.02049724 -22.70514084 -30.00650666  10.84789166
 -16.95576059 -15.25996894   1.22185274][ 19.35006414   5.61606847 -15.57717112  19.15727884 -14.43301072
 -23.7316995  -19.59158913 -26.17492688  -0.46962423  20.45017118
  -5.35437106  -6.76394912  -4.40602842][ 20.03683321   8.81180281 -22.63753263  19.77339296 -16.54470941
 -28.20987972  -8.69193693 -32.65143588  17.99985643  24.96151013
  -5.58750339  -4.08482897  -5.68698976][ 20.27195786  10.85485106 -27.00338258  18.2890333  -17.68265514
 -31.67466887  -5.072298   -32.6534875   22.52387833  21.70273081
 -14.21147185  -7.32120046 -12.13665875][ 20.20864453   8.32212261 -26.20198783   5.2380428  -19.06593025
 -26.39127789  -7.31024324 -24.23975462  10.77425335  13.39005918
 -20.24532173 -14.35758727  -6.9128873 ][ 20.09149044  14.2823892  -25.97052484   4.87004039 -12.7410546
 -25.97930614   1.49227414 -14.49854997  13.75823195  24.17633143
 -20.06366273 -10.82034455  -5.96211585][ 20.04430596  14.83283767 -28.53134129   2.84883396 -10.21086859
 -34.51011022   8.74513086 -12.74617788   7.00624347  22.45939817
 -23.49867576 -14.92589866 -11.62004207][ 20.2989796   11.74957054 -31.83916577   8.29860576 -11.46552228
 -33.75227434  13.34532261 -12.30553883   7.33631109  26.34384997
 -19.63541526 -15.08264155 -13.56209806][ 20.42761157   9.72048069 -32.67808622  11.84331155 -12.50189697
 -35.77854913  13.97896827 -17.25940366   4.63547932  26.85478426
 -19.92227748 -12.58635888 -18.9214326 ][ 20.37841481   9.07341103 -31.83045574  14.41557024 -10.49578521
 -33.38072846  17.89523044 -14.81360348   7.17895901  29.24633533
 -18.12311678  -8.3421376  -19.43905579][ 19.99194745   9.23586885 -31.27177037  14.22021368 -12.92168888
 -32.96119688  15.02596491 -16.07575715   3.15707015  25.93775357
 -14.8485739  -10.1824189  -18.41045704][ 19.3655561   12.43613955 -29.11189952  18.74985812  -9.17401874
 -28.90733925  15.80609468 -15.77644512  -4.19383632  29.85665475
 -12.12519219  -4.59481091 -17.63524621][ 17.65332928   7.43310117 -12.64699033  18.67904012  -2.60427019
 -16.26334081   4.33720913 -16.81715324  -4.90093885   9.31382396
  -3.88882819   0.12144083  -4.89346893][ 16.39653048  17.77983438  -8.8871499   19.77703818   0.07016966
  -9.94243054   2.28174627 -21.91161499   0.76278058  16.19970144
  -7.98342053  -9.95367414 -15.36136779][ 16.33949338  19.28637584  -1.82076892  22.28065004   1.24998055
 -11.09663483   1.69317365 -17.07773148   0.23313451  11.73461242
  -8.51971715 -13.04470602 -15.34880834][ 16.29776321  19.04669437  -3.42637383  29.3509572    4.75550388
 -15.59614453   0.8505029  -12.11476868  -0.70858156   6.96600969
  -8.26900046  -7.13677166 -13.472363  ][ 16.28883352  17.46797217  -2.21183172  31.20733959   7.03600107
 -13.3515678    6.38227711 -14.21644406 -14.61175468   0.16114714
  -6.02023853  -3.87229036  -8.4683432 ][ 16.29082532  16.79251748  -1.85661873  30.13589792   7.42280777
 -11.57876339   9.59166102 -14.57095209 -19.8047299   -6.92086429
  -4.04361179  -2.80293297 -12.96484279][ 16.23102281  16.22466071  -1.20753703  28.93137254   6.35032332
  -6.97331813  15.18674537 -11.40017104 -24.4606169  -11.21789029
  -4.74962249  -3.4004266  -16.19737137][ 16.19578843  16.14375734  -0.88690121  29.44843446   6.69623631
  -4.71586021  17.72269965 -12.13740339 -24.62532526 -10.39948876
  -1.00130172   0.40992867 -16.4265105 ][ 16.2169127   14.81499411  -1.89693009  32.37763351   6.67899527
  -3.86931168  17.20433762 -14.15860388 -27.00147907  -5.50754996
   4.6502916    3.42723047 -16.71953701][ 16.20744968  15.84008926  -2.65607821  26.80483594   5.90839331
  -5.21810649  18.69187564 -10.74599333 -31.21456454  -6.50161307
   6.51690941   2.5347918  -12.55697594][ 16.16311549  15.85486077  -4.12260525  22.43143383   5.28046438
  -2.54400629  19.78480535 -12.54100487 -27.43318148  -6.28625567
   7.10867294  -1.23759501 -11.046852  ][ 16.2420156   12.42341414  -5.07798641  28.93453717   4.00764911
   3.12278284  26.74563757  -8.50984609 -22.50527038 -12.55337229
   9.19877001  -4.97523438 -11.4583459 ][ 16.05480984  13.45618872  -5.03199002  30.81303952   3.02999905
   6.01528544  28.0198501   -8.93579014 -17.11061143 -12.28891078
  13.9564309   -9.76967527 -10.93625111][ 15.62831901  10.19051944   0.84002784  29.88895818   5.45059823
  14.09217598  24.42732999  -5.3060813  -11.48144354 -10.00116717
   4.93847154 -14.90567438  -5.09448152][ 15.10171064  12.22754569   9.45509524  24.24070281   8.46336626
  11.33782059  19.25569759   0.70752505  -9.08615794  -6.52660898
   4.2338596  -10.87351047  -8.52289779][ 14.66664528  11.65091143  13.64648844  23.01299076   6.30119064
  15.39682871  18.36988557   5.25461105  -2.37557641 -10.95835639
   0.50604065  -7.33851717 -10.59734562][ 13.94749869   8.80985835  14.56050799  16.8937122   10.86182529
  14.85969184  10.95513034   7.86584096  -8.69621299 -13.18418037
   5.84995909   0.70334965 -12.60743344][ 13.56086545   4.1084582   15.47750357  19.21118567   8.40795807
  12.26040985   7.23113176  14.29572085  -3.00973429  -3.91904395
  14.26947111   4.30860391 -11.68502092][ 13.01892904   1.12908401  14.01412543  16.14697538   4.81597363
  10.97425775   7.19627946  19.97860025  -3.68857259  -5.74699318
  16.92775936   0.04271605 -13.31782223]