[ 14.12738314  -9.3706458  -29.1129061   11.92403219  10.44617373
   9.12452156 -26.34542423   3.69610431  -8.15288838  -1.68555161
 -13.06429392  -4.16977338  16.88914139][ 14.59282389 -15.19165712 -23.78126871  15.68587548  10.13599829
   9.32454698 -22.86433278   7.07797221 -10.1255571   -0.04018248
 -14.84331898  -3.9521589    3.18769639][ 17.51377383 -30.90218216 -15.71955638  19.61384391   1.48197921
  16.33848241 -30.54970321   7.27287432  -3.12453524   8.33727412
 -11.64534472  -1.05596112  12.04776249][ 18.89877784 -42.95208002 -15.68053401  23.72309683  -4.66242827
   5.27278279 -21.4926104    5.40779519  -7.07498801   6.42925603
 -13.68177406 -11.48561873  16.77921041][ 19.77874627 -45.57006168 -10.34458431  21.59260008  -4.89164921
  10.54445325 -14.80220108   5.01160761 -11.0324552    2.32555084
  -9.85551188 -12.06448411   6.39715401][ 20.30361513 -43.81325212  -3.95468836  22.81665014 -13.39923378
   1.83124613 -14.97672915   7.89000179 -11.79094945   6.80358727
  -8.94508927  -9.17686069   7.94634854][ 20.55067847 -41.83959176  -0.45342886  16.2637605  -14.26683866
   7.82119776 -12.11038786   6.38505574 -12.96432767   8.15228065
 -12.40895865 -11.21447407   4.72651154][ 20.63107521 -40.59138698   5.86697592   9.54785507  -9.86979064
   5.33196649  -9.23576251   4.25478581 -10.33113676   8.4808687
  -9.25471823  -3.81018707   0.84798311][ 20.24065829 -47.25088921  10.04507377   8.84626324  -1.02595748
  12.83871754  -7.52124589   3.15019134   1.43002829   3.94511809
 -11.68756309  11.63676906  12.17226756][ 19.05256674 -39.84219831  17.98721648   6.6221522   -9.8476186
  16.82304982   1.85843879  -3.88781636   3.75340349  -4.63834986
  -3.45872385  14.19082502  10.48857572][ 15.73124464 -28.57047169  18.06261725  17.70752268  -6.45869919
  14.86953464  -5.28220622  -1.19948938  -0.22090314   1.74320222
  19.38984901   6.29091073   7.24565206][ 13.52628342 -21.3395787   17.56408417  16.72685529  -3.57678894
   7.05038955  -4.43315088   2.81679485  -8.94006837   4.44542884
 -16.7936919    8.12112998  -1.30170006][ 13.04693091 -20.09837518  16.20740828  12.76894394  -5.82973897
   5.00439688 -13.57137704  -4.90144754  -5.49343375   2.81960056
 -12.27423033   3.85946571  -8.87527987][ 12.49722487 -15.78090751  17.88967212  12.43157148   0.63517826
   7.19515988  -4.04029511  -3.95749003  -3.88846611   1.38233995
 -14.14618381   3.97036508 -10.0371653 ][ 11.90977809 -13.58198057  18.47032893  11.89168525  -3.98410275
   3.0274465   -3.93827592   2.58245833  -3.22053517   0.77280868
  -8.56518388  11.41714506  -4.80095898][ 11.40535732 -11.61995767  16.71117204  10.56060481   2.73544846
   8.13859501  -2.93401238   4.60117579  -2.90426861   4.67846413
  -9.35828867  14.81833524  -1.87209143][10.90349482 -9.42505118 14.41223979 10.51874419 -1.42290631  5.62648031
  0.41763159  1.06982419 -1.47543209  8.30733194 -6.59711238 10.16537745
 -2.61635572][ 14.9902618  -13.12237922 -15.59646853   8.74931764 -13.63925704
   3.36495136 -16.08248072  18.02691542   4.56634419   0.48249831
   5.57342876   5.34150931  -0.63690904][ 15.44499271 -13.19419792 -10.41140816   2.61372082  -9.37445897
   1.11212787 -16.47194505  14.40575917  -3.01209153   1.6734609
  -0.07798107   8.63129451   3.30123842][ 16.82142952   3.5675264    2.677501    11.24013773  -2.91039815
  -6.94036098 -14.97325582   4.82658154  -6.81405901   5.61320221
  -7.59858028  -2.73707455   4.8017994 ][ 20.75387921  -2.76370725 -27.02586318  10.97885483 -11.70805164
 -34.33269269 -12.59049808 -19.48574295  -9.35561137  18.67954784
 -10.81849003 -24.03068295  -4.04397041][ 21.62453751  -3.18107396 -28.18949574   9.04671934  -9.22638185
 -32.81567684  -8.24717284 -16.02732939  -2.1267923   17.94205322
  -3.20693784 -24.31341898  -1.01355618][ 22.00204143  -7.92215338 -27.22466559   3.85643877  -6.74405174
 -34.04148582  -7.8470269   -8.07692487  -1.58300413  16.58603539
 -13.11637337 -31.25409092  -3.62637218][ 22.34711934  -7.70646425 -25.8214879    4.63086321  -3.94923154
 -31.60716221  -4.6336873    5.05419995   8.44138026  17.27014962
  -8.39193605 -26.63549712   4.07516744][ 22.31928907  -7.32495493 -29.51967754   4.50098891  -5.04684578
 -27.15765567  -5.54985372   5.08912284   6.0794403   12.31882957
 -12.19093226 -34.65274454  -0.43549268][ 22.13887616  -6.6828426  -28.96776851   2.7965519   -7.05505685
 -25.59205424  -4.59360557   5.74124522   4.16980939  11.97567802
 -14.15753138 -30.20685433  -1.34904552][ 2.21822017e+01 -6.21969416e+00 -2.97682157e+01  2.03556169e+00
 -7.98878935e+00 -2.66089239e+01 -4.63072199e+00  6.97397660e+00
 -8.86345377e-03  1.27716280e+01 -1.47412020e+01 -2.55693151e+01
 -2.20124582e+00][ 22.0318886   -5.81137534 -26.55205113   4.65818014  -2.16580115
 -33.46042859   1.68726879   9.39638268   3.42187007  18.59936708
 -16.03976485 -22.7568319   -2.61868928][ 21.84870456  -7.85236395 -25.2799395    4.67088967  -5.69123125
 -35.70535729   2.04898895   8.18552531   7.25203731  12.87158708
 -17.76473667 -22.17541518  -0.52339106][ 21.81363447  -6.99731184 -23.48704796   6.97267191  -3.43665332
 -36.04979885   2.07219859   8.33902761  10.19985375  12.53816466
 -18.63171452 -25.03458619  -3.61952159][ 21.7714789   -5.74846192 -27.58887013   7.49109978  -7.68788312
 -35.94242346  -2.71471728   1.92027288  12.59556628  10.00355574
 -15.33275292 -23.59379017  -3.55854347][ 21.61774547  -7.86438801 -29.71815234   3.84254    -12.52603412
 -38.02658195  -6.1815349   -3.40242342  11.24081247   0.07065273
 -20.4833063  -32.83369148  -9.34905308][ 21.53486953  -5.59049664 -27.11956994   9.32587338  -9.50793614
 -34.64219908  -1.93828286   2.87131395  15.50348654   9.06444429
 -15.49395334 -22.55872051  -2.48052861][ 21.5906156   -4.87902465 -28.11283541   8.21421354  -9.27621482
 -31.79571683  -4.14192689  -1.36124064  12.35959411  10.02785295
 -10.31904847 -20.77563338  -1.53358971][ 21.4183828   -4.6721803  -26.7409533   11.93516611 -11.96408629
 -41.1866874  -14.59473195  -8.94371717   5.76504485  13.91084607
 -13.65697299 -21.77004185  -0.81480394][ 20.94836411  -1.19062448 -27.86215254  11.1497504   -7.82653378
 -45.90825909 -12.43612326 -13.88234901  -3.47701705  18.80710785
 -13.45931596 -19.70967383   4.55443642][ 20.26014075   0.83974638 -24.68637303  18.66516658  -8.62106744
 -46.8010168  -15.14869708 -10.57361235   0.65750741  31.55405916
 -15.45857576 -19.47154562  14.58638036][ 16.97462443   8.80378383 -12.91480046  29.19399987  -5.92193742
 -22.41619802 -15.07868983  -6.06029492   6.7573051   14.06911699
  -1.23050976 -10.79470974   2.26820313][ 19.14996521   1.4406105  -26.77343915  29.44023164  -5.33066257
 -37.56324673 -21.29319621 -29.8215454   -5.49902131   9.71403376
 -19.33755443 -13.24596574   3.30087577][ 20.11558933   6.98017311 -36.92868154  33.74305472 -14.98691483
 -35.21655951 -15.0729572  -28.75154869   2.56281941   7.72113024
 -16.25156445  -6.01974133   4.45236811][ 20.63138252  10.99627541 -40.63612048  40.39843188 -14.81077813
 -43.0654702  -10.80527376 -29.80666924  11.96760481   4.38430713
 -17.68904469  -3.9310926    2.58706178][ 21.0022595    0.34254281 -28.50465106  27.79202159  -3.62508321
 -40.03802204 -14.05596121 -10.27938106  -2.99638389  14.32310266
 -20.07346148   1.22837179   9.91280361][ 21.11404589  -2.75237134 -29.58555071  26.13121838  -9.89105539
 -49.90958237 -21.69196129 -11.04906016  -7.80637241   3.17567091
 -30.3991981   -4.77148507   3.55067103][ 21.14542029  -1.40688824 -25.61867231  29.79480178  -5.91525878
 -46.3227816  -15.54461575  -3.86699713  -4.03167825   3.75478527
 -27.75110527   2.91018091   7.07933799][ 21.1437317   -3.09330457 -28.24146406  24.28810535  -8.02084732
 -46.59946024 -15.94535671 -12.62664468  -7.26667934  -3.47782964
 -23.7007103    4.88852391   1.10120355][ 21.20563623  -4.21647773 -27.48146551  28.1590783   -7.90155798
 -47.43878378 -21.61835895 -11.6910517   -1.68817263  -8.20962796
 -20.34282863   5.57082536  -0.21708105][ 21.09011793   0.26401371 -31.04790214  34.94100834 -11.35054196
 -50.99783802 -18.78116954 -13.17489202  -0.18129711 -12.31659494
 -19.78193076   9.66934819  -2.60144469][ 20.9201082    1.68745208 -32.58753076  35.0108224  -13.62490004
 -51.85099486 -14.70562515 -16.41747718  -2.34441138 -15.03025748
 -20.81173819   8.096369    -5.24234717][ 20.80084038   8.85083851 -39.60214214  41.65079707 -10.83723102
 -46.33834009  -5.92189435 -19.40921237   4.74341039  -7.35197797
 -18.18264193  11.39398173  -0.22443548][ 20.5247034    7.78364634 -36.66992103  42.68211838 -11.85893186
 -49.03755416 -11.5068145  -22.81302098   1.70689378 -12.44399126
 -21.98795922  13.18843895  -0.74282954][ 20.40733793   0.55181787 -30.05539919  33.84897508  -9.69089486
 -50.08613999 -17.38413882 -18.69198014  -0.71785263 -13.36050204
 -25.58415599   6.86022504  -0.51495079][ 20.2564342    4.00244716 -29.52659442  43.57268553  -6.30060283
 -42.35143277  -7.71012747 -11.83286465   9.78355999 -10.5085087
 -19.35697961  13.33189261   1.57536819][ 20.06408489  -0.61235371 -28.55993767  39.60938761  -6.29230075
 -42.21875724 -11.79093023 -12.55879641   9.13930944  -4.92079374
 -24.92185539   7.26734396  -2.26492407][ 19.2175213    2.41709222 -27.7737652   33.55374524 -12.80583221
 -34.52715148  -8.64009921 -15.60984255   6.21300648  -5.39966911
 -24.24731186   0.89145418  -0.66048159][ 18.26335451   8.60478648 -29.440575    39.40520342 -15.48834094
 -30.29114168  -4.86601305 -16.27666725  10.12226728  -3.47443556
 -27.29531846  -0.99493112  -1.84674317][ 16.23696236  13.95145011 -17.73869066  38.01454634 -15.05691721
 -31.43596892  18.61078809  -1.619769   -10.67786133  -6.60105762
  -9.49705865   0.85244487  -6.00310813][ 14.11261648   5.50677749  -6.18471151  32.42208331  -1.37837811
 -11.13394059   9.51410394  12.07649469   9.1768051   -2.9342692
  -6.04093271  -5.55428551 -12.72869712][ 13.60104792  -0.16860741  -1.96884569  26.67929918  -0.62217551
 -14.54914632  -1.55765526  18.03177205  11.93601103  -0.52770891
  -1.3676286    1.57332299  -2.9288465 ][ 13.30792728  -1.70087761   0.26080178  25.84507022   0.93078581
 -10.43159625  -7.0191176   12.17093057  -3.73539585  -6.52323193
  -0.04610785   5.97038348  -3.51766873][ 13.14358755  -3.93934174   1.94095293  24.19639188  -0.05277011
  -7.80194233 -11.69921227  11.03870587  -2.94436519  -8.86129013
   0.94434686   6.84084984  -4.32846104][ 1.27066517e+01 -5.77787418e+00  3.14910937e+00  2.21816169e+01
 -4.80224154e-01 -8.63328090e+00 -1.67814695e+01  9.61636189e+00
 -1.40532157e+00 -1.75296488e+01 -6.15463525e+00  2.52205518e-03
 -1.00433632e+01]