[ 12.56427289  -7.0166699   13.92702649  20.06793908  -9.63521463
  14.24128823   2.79125309  -4.1909367    3.80925264 -12.88607573
 -10.17187441  -9.10143714  -4.21951771][ 15.74839978  -0.90720682   9.38409921  37.63135252  -5.353924
 -17.28097275  29.3021105  -27.8345069   -3.64275534  -4.24141648
 -23.46524299   9.43718228   4.71807747][ 18.6609939  -15.0263797    8.65951488  52.01743667 -13.05010783
 -45.2061928   15.72851919 -27.07927288  -7.09057911 -11.30364084
 -31.02907244   7.10599874  -9.64539772][ 19.09156331 -12.59587278   0.52187415  46.5089407   -4.19327134
 -41.14803017  13.59226793 -37.3470327   -7.81026496  -8.22714829
 -37.47633188  10.15477339  -7.41381023][ 19.1379667  -11.48297759   6.88860429  54.07572703  -0.98605999
 -51.97231798  18.90214305 -32.1291895   -5.4616768   -4.76148945
 -27.67192012  21.6730053   -6.25884285][ 19.10596039 -10.68923071   6.82452418  49.56842997  -5.32954068
 -52.27716112  19.25320304 -31.21244863 -12.36786639 -12.29901728
 -27.64158171  19.20032407  -9.48005084][ 19.65117637 -11.04658032  -0.84487752  42.3486282   -2.75698826
 -35.41966185   9.42486179 -32.78749856 -13.78671242  -5.15724594
 -23.1248802    2.01129103  -5.53461895][ 20.08629357 -11.6126389   -3.41492696  47.93639875  -3.74733249
 -50.57885842   5.55950846 -30.69135901 -25.19917742 -17.38495653
 -30.65764495   9.6211091   -6.43369847][ 20.37994092 -10.00048111  -7.28118242  50.02433057  -6.28910034
 -60.26018284   1.11763583 -30.04399619 -30.64416657 -24.04014012
 -37.97279039  10.82994    -14.25758586][ 20.87530987  -4.02671312 -14.93463846  48.13832795   4.68465407
 -54.76136518   3.52032061 -24.68179296 -19.29275237  -7.90994342
 -27.29986711  12.89501825 -11.36542525][ 20.97386404  -0.79816884 -19.14394054  41.49123733   0.95899024
 -58.12341198  -0.31733268 -18.30232135 -16.1945467   -8.92971519
 -18.89979981  23.77296582  -6.18988592][ 21.0150714    2.88100975 -20.02187817  37.59548102   3.61360537
 -66.47002037   3.86620188 -16.25133409  -6.14800752  -1.77087891
 -13.44624293  31.99108777  -7.45006618][ 2.14368966e+01 -2.56767236e+00 -2.44576836e+01  2.42181067e+01
 -5.66649329e+00 -6.18102347e+01 -9.13516513e+00 -1.45472066e+01
 -3.05013130e+00  2.95204155e-02 -1.14224251e+01  1.80798631e+01
 -5.71817387e+00][ 21.30010495  -2.4831765  -24.62162377  19.79576045  -7.99085697
 -56.58787393  -5.25703035 -11.22461919   8.62620808   3.73978721
 -10.050669    13.09923189  -8.61629832][ 21.49118019   0.78147063 -27.98631752  18.74302652  -1.17107489
 -51.09939591   3.76769555 -10.56751805  14.88289732   5.41280466
  -8.7856541    6.22840165 -13.6008794 ][ 21.59645514  -4.72231967 -27.07731842  11.8914204   -6.4031724
 -48.49648283  -8.35520244  -6.01000661  10.34974559   9.28645677
   0.50993058  -6.85813858  -7.95883129][ 21.58304155  -3.15263887 -33.09053911   3.43705974 -13.03743543
 -47.03222202  -8.22588922 -10.16118759  -0.43271736   2.38396954
  -9.2866551  -15.41204297 -14.5196256 ][ 21.82419749  -0.27033949 -35.39558576   9.38968917  -7.34354106
 -58.62779224  -1.75682943 -18.21777718   7.01196928  16.04142424
 -12.54721531  -7.73633397 -10.6353653 ][ 21.50008005  -1.34262835 -34.90512863  10.86054805 -15.3790676
 -52.16342142 -11.12989107 -19.59830628   8.41029838  10.6131654
 -14.55329882 -15.1249113  -12.15741564][ 21.10407962  -0.27743743 -30.38557837  11.03305532 -13.06091004
 -42.93860232 -11.24880063 -17.81426053   7.00602245  12.78521106
 -17.06892634 -10.8692595   -4.39039368][ 20.12862402   1.06550896 -23.29430843  14.16320085 -12.09310654
 -27.37156642 -15.6664456  -20.41965058   5.39300069  16.97349839
 -10.91433204 -14.22636204  -1.99018003][ 18.64247091   4.74411585 -21.15927722  17.80072741 -12.2073161
 -24.0960189  -16.73586679 -23.49475714   0.66170104   5.97638214
 -17.43888105 -11.51941243  -2.07146589][ 16.99007162  11.7930251  -17.73814143  26.51949587   0.60200501
 -34.9700303  -16.93008961 -18.84408527   4.83063873  13.13970995
 -11.53244412 -19.91330988 -10.57296869][ 16.69978567  12.26542352 -17.91636196  26.98608692   2.27126119
 -38.09096567 -25.2553096  -17.0257039    4.62233178   9.0202456
 -24.04976728 -20.88172763  -8.24248149][ 16.32233833  15.1352448  -19.10065312  28.72400169   7.39522071
 -28.61535504 -16.24315677 -13.08908732   7.65722255   0.27016801
 -25.45805588 -18.75360918  -5.75660577][ 15.77154196  14.7209826  -13.73142425  27.95624299   3.49376485
 -27.41834    -20.57536671 -17.93042704   6.34752429   6.06368454
 -22.52407698 -16.63516404  -9.78517748][ 15.93127617  -4.14297674   1.89456948  13.87792644  -1.95631849
 -11.27394956 -32.92487234  -6.01910982  -5.03846663   3.25009344
 -11.76764644 -33.53101774   2.29541248][ 18.19250193  -6.37919026 -13.16625172  16.05668414  -3.82641942
 -15.42159047 -17.16934817 -10.7351014   -9.345801    -1.03935601
 -16.15370991 -17.78676256  -7.59860985][ 19.84862118  -3.51324738 -21.70320759   9.54254639 -12.47982917
 -36.29280346 -19.25489439 -32.67565458 -10.856032    12.49613091
  -6.45378619 -16.74791398  -1.19753121][ 20.3300937    1.10710771 -21.57045312   9.10945728 -11.89739225
 -43.08420354  -7.22124562 -33.80778645   2.54300624  17.52081914
 -10.4525642  -12.03073726  -8.08126788][ 20.86447322   4.42295947 -25.29690618   9.45461756  -6.60384303
 -48.65372807  10.54720848 -37.70910919  17.68586185  17.47003095
  -6.23474899  -0.32717254 -15.14827011][ 20.94242564   2.49326492 -27.85411719   5.21641061 -13.18387048
 -51.19355893   7.76600945 -36.92035545  17.25397388  14.85339268
  -8.36058671  -9.77104456 -19.76095478][ 21.23687404   1.67275959 -26.34636204   5.70102411  -9.44743725
 -42.27695783   5.34053726 -21.29397666  12.97368453  16.99164958
  -0.85727891 -13.00950889 -12.62680417][ 21.39171366   1.23181147 -31.64271394   2.98541035 -13.87283267
 -50.12054171   0.91460941 -25.44596764   5.67549887  13.90677461
  -3.77210969 -17.13663751 -16.88864512][ 21.57208101   5.37888332 -30.72287522   9.75761627  -6.956058
 -45.69505493  12.45461335 -21.73155118  13.88952454  18.97875752
  -0.47484126  -8.55759045 -12.30483775][ 21.61608463   0.16870279 -30.65491368   8.83874639 -17.3110358
 -38.84144174   2.89936473 -16.08104605   7.68005607  20.6883008
   0.49293132 -11.81303812 -12.35649606][ 21.65296271   2.7835983  -32.15723077   8.03679567 -14.52403784
 -43.42597863   6.47148937 -20.0169814    9.51649007  16.43640995
  -4.59663475 -14.25014637 -13.78398411][ 21.74797175   1.58756385 -28.23529512  10.28736557 -12.63044202
 -38.57061332   4.32516852 -13.59689536  10.89665199  19.62780298
   0.46924132 -10.62807848 -11.79686595][ 21.66419485   0.57236545 -30.38484159   4.47544436 -17.12749232
 -40.23421536   1.43128744 -15.41865578   5.88521005   7.73405435
  -6.56237885 -15.20127469 -14.89194362][ 21.63550924   0.86854248 -29.94270128   4.06679029 -14.03825903
 -41.32706645   7.38629469 -17.18184243  13.5210473   12.18740691
   3.47318823 -11.967159   -11.03474596][ 21.39093671   0.67526935 -25.80438395   4.27380262 -13.91919096
 -41.70686425   4.06137027 -14.90577624   6.93337643  11.1286655
  -1.09654006 -12.00115415 -14.86454041][ 21.32194084   2.88982285 -31.44894538   3.10805524 -11.8966225
 -52.4278235   12.66407192 -25.74003017   9.77762531  12.87380607
  -3.38718751 -10.42763698 -15.58133859][ 20.99134933   2.2273821  -25.28610763   6.60435999  -9.83838139
 -41.70093536   9.26164296 -16.30152431   4.51326573  19.07698821
  -5.20966831 -12.03988789 -11.44802388][ 20.97482693   4.07891527 -32.34145593   6.21083341  -5.2285626
 -52.69940247  21.09150498 -31.71751376   6.91418033  15.02028989
 -11.83989423  -7.59538142 -13.87793974][ 20.56275636   3.15723444 -29.74580357  12.7663188   -4.93016309
 -42.37563197  14.65942687 -29.83572757   5.71707741  16.69020182
  -7.55173973 -12.12379133 -11.27476238][ 19.92338641   7.5869566  -33.93422483  17.6749418   -2.37437656
 -39.91864849  21.60611633 -38.47953613   2.82264059  12.59710114
 -13.37181928 -11.12483497 -13.2683512 ][ 17.94941964   9.18654885 -20.16206708  23.18503442  -7.305726
 -32.65997774   3.56093099 -28.90902007   3.01893729  19.28028682
 -10.71205168 -30.62276596 -16.43936826][ 17.29416362  12.01680681 -15.05770948  22.16613738 -10.17880562
 -26.18793764   4.69837767 -26.618928     4.24974945  11.6996106
 -21.50744946 -32.25476185 -12.42403529][ 17.08964853  10.50385318 -13.63233243  25.3434284   -9.43115958
 -17.6791072   11.12882463 -29.80526738  -3.24858517  12.92587233
 -18.2539449  -29.5541882  -13.48523393][ 16.86681236  10.70918539 -15.04270966  26.60729586  -8.27067937
  -9.18635517   6.11740051 -38.74520963  -0.4749889    1.53129867
 -15.85242452 -27.36139684 -15.1923099 ][ 16.67984164   9.29532588 -12.05333871  22.7819338   -9.09516391
  -7.68965283   6.69042513 -42.60564904  -3.45888521  -6.85976328
 -12.98382099 -19.04133744 -12.98037805][ 16.3837734    8.5881684  -11.04417771  19.71713928  -4.12768038
  -2.15518633   5.68188431 -42.96656285  -3.47347288  -5.78637366
 -13.5258243  -18.8667012  -11.48515428][ 16.47764855   8.392504   -11.01082881  17.99600897  -2.97348093
  -3.54591498  10.100005   -44.57698749 -10.7109674   -4.14603416
 -14.47244863  -9.67584361 -10.67185448][ 16.38705141   8.58149608  -8.60363407  19.03822714  -5.31135021
  -3.74346053  16.93926209 -42.00321356 -11.54290421   6.27064351
 -10.34327226  -4.42697099 -15.71889786][ 16.14149783   5.71491706  -8.3527809   16.85205188  -9.33952526
  -2.78794992   4.68744472 -39.76812536 -20.11582639   1.6606488
 -16.25872878  -9.59146613 -21.33565068][ 16.22595652   5.94379913  -8.39760776  15.74273976  -9.9390872
   2.71080361   3.91692757 -37.98485234 -21.4713557    7.43656623
 -11.9127229  -12.35221404 -16.74616789][ 16.34562811   4.37520603 -11.2146108   16.28605585 -11.40277926
   7.19210022   6.76973567 -34.56125577 -13.38209421  11.89058967
 -16.78159551 -13.32711479 -16.1868205 ][ 16.21845031   5.82183312 -10.39635196  20.91279796 -15.38708857
  17.03573755   7.4756876  -33.98392737  -2.30886364  21.67280772
 -22.56519206 -15.69764063 -15.02779736][ 15.71912488   4.01863643  -5.69020739  18.93172062 -16.66380263
  20.64238435   5.88199095 -30.83847618   7.94503852  19.399977
 -24.60643595 -20.31329186 -15.63077324][ 14.80790448   3.51543813  -1.92904516  19.48182397  -4.01687052
  23.00105503  -4.54409611 -20.03696639   3.83750365  10.92742843
 -22.70407675 -23.97150844 -15.96316397][ 14.10600496   5.76373873   3.75186704  11.74086901  -4.8503125
  18.75692365   0.13988202 -11.13121801  -5.97488083  12.00384698
 -25.28032749 -30.13318042 -21.69063265][ 1.34795753e+01  5.53229697e+00  1.88422451e+00  7.25086993e+00
 -3.17405279e+00  2.08431283e+01 -4.27590299e+00 -1.01328526e+01
  1.77707304e-03  9.74755179e+00 -2.23068434e+01 -1.99946340e+01
 -1.41627346e+01][ 12.6856516    0.53799564   1.42324862  11.37426346   4.00890289
  22.87153472  -7.73290641 -10.71475273   1.83282789   8.50459318
 -14.88911423 -17.00268178 -16.04992427][ 11.89411476  -2.28525502  -1.68955819   7.51158157   6.3235164
  23.71168545  -1.61585927  -4.48853512   3.21125464   8.85665757
 -23.37666198 -20.5443127  -16.26136075]