[ 13.98536454 -16.19503647  -3.09478494  20.1283079  -24.68359392
   6.29457124  -9.31812472   6.40814254   4.29889508   1.32799271
 -11.23365497  -6.69039318 -12.39945177][ 15.67403501 -24.03318375  -1.08935396  29.42523548 -30.41109755
   7.90788192 -19.50105812   8.62382899   3.83336353  -6.40606793
  -9.10585267 -16.53244367 -20.76209398][ 16.08611288 -25.21247869   6.78456209  30.75508067 -20.46492278
  15.10788076  -8.28532769  14.52870253   6.69541806 -11.12980072
  -4.6651358  -11.51196501 -12.15001367][ 16.35184268 -18.16118     30.27117669  32.80309172  -7.69918572
  16.24696235  -6.34881434   9.02071435   3.37003091 -13.6366774
   2.54761158 -11.13538558 -13.21193931][ 15.92737525  -6.56657696  37.28439784  15.78002438  -7.42851887
  10.86674193 -21.58361765   2.73332749  -4.06402845 -22.79107105
  -6.24479325 -18.07751873  -9.8238686 ][ 15.5164801   14.3998484   17.52606266  17.83985872   0.54438463
  -1.17101979 -15.35643117   0.15142093   2.79603107 -18.51997976
  -5.05598798  -4.54516225 -16.75105476][ 15.38591842  15.27449295  16.57130386  19.76823557  -0.78156558
  -8.64371584 -20.00347502  -9.00388641   0.81386704 -13.19236297
 -12.85886824   3.13536032 -14.64035441][ 15.50296065   3.87760288  28.21795819  17.45653515  -7.20729168
  -3.34744401 -15.09373955 -12.85870891   1.70037293  -5.21589059
 -13.72909362  -3.40061093 -12.91402626][ 16.74729639  -6.71619078  13.33607091  32.86244901 -20.26515778
   7.69920577   0.9100833  -16.51781887  -6.56940949   2.74506002
  -2.31111071  -5.04956255 -10.89608429][ 18.31061303 -18.97484394  19.0397882   26.38558445 -22.48908065
   9.71344476  -9.00535477  -7.18855663  -7.16127903  -5.60338913
   2.53590932  -4.66914281 -12.17468161][ 19.94900764 -29.97016049  15.27128537  27.9500598  -16.17926126
   4.21625871  -9.62547888   6.15268704 -19.80706123 -14.00954498
   2.87076372  -7.24489396  -9.71010314][ 20.58661585 -33.08293297  15.20495106  30.70067463 -14.99954319
  -8.37526589 -15.68875077  -3.3646855  -24.23828838 -23.12224687
  -6.19245667 -12.19631352  -6.76432259][ 20.74794682 -27.24921038  17.95506003  33.45821626 -14.02772291
 -12.60010567 -17.15053088  -6.02939996 -25.57347829 -23.02097797
 -11.2332415   -9.18165288  -2.05011223][ 20.49199595 -17.55343209   7.0601459   32.06426369  -7.15197026
 -16.5232965  -21.38713984  -9.30394752 -19.95863203 -16.37895073
 -24.71387151  -6.23124886  -3.84863937][ 20.67746023  -8.75210341  -0.43495307  42.07054482   0.28304306
 -34.36248117 -11.37710653 -14.84049789 -14.10912034 -17.48750993
 -27.46401468   8.09465306   1.45360281][ 21.49287958  -2.86547931 -15.41256925  38.11517663   1.33463751
 -46.2146226   -0.38002786 -24.33040577 -17.38288453 -17.14948874
 -24.56556823   7.91686592  -9.17587082][ 21.9449816   -1.88940672 -17.78267064  42.06094745   1.85038712
 -50.20418016   0.15204414 -22.57973941 -13.56613586 -12.70311923
 -20.62114204  11.12656471  -2.34852851][ 22.21379926  -7.480698   -16.02100694  36.69192767   3.93784397
 -38.33402958 -10.43234958 -17.6805994  -10.6527963   -6.64535887
 -10.1428408    4.1110342   -2.86784143][ 22.6205394   -3.69398003 -23.99109723  38.9818926   -4.24488465
 -53.10905115 -11.49859931  -6.96362863 -25.2322481   -6.08718356
 -19.91030563  16.51726031   2.86694743][ 22.61822992  -3.3093843  -23.14699708  36.14859133   4.13714712
 -31.40891352  -5.59330944  -6.84412592 -18.03222296  -5.17784615
  -3.23213039  14.37848003   7.07816387][ 22.9029867   -5.77073939 -23.8681821   38.42307641  -7.15567863
 -44.66793324 -14.68744073  -0.14704421 -26.77419648  -4.31796628
 -11.23511136  21.80872132   6.90825544][ 22.89035423  -9.60998787 -21.01094487  30.42463425  -3.65728093
 -42.91706872 -15.38732176  -5.20371108 -18.29046975  -9.52148718
 -10.13782345   6.16694052   1.48065087][ 23.11911508  -8.19233712 -26.22827021  33.00525597 -10.62959136
 -48.6053933  -21.29615626  -0.57770497 -29.58916325  -9.34993021
 -13.27891161  14.58948408   4.81735332][ 23.02821348  -9.75841229 -22.42596275  29.30833056  -3.62055765
 -46.2242592  -19.19589858  -4.91819669 -19.0915626  -12.5436143
 -11.3545638    4.7794732   -0.09375835][ 22.96682979  -6.51514779 -23.70850695  36.26827795  -4.48934722
 -45.85176755 -19.68142638  -1.81721596 -24.48381575  -5.94264532
  -9.76276252  17.21433751   6.5153436 ][ 22.48239629  -0.52237201 -29.70590635  36.10475328  -6.08575712
 -48.26174309 -11.86116693 -11.46773588 -14.10270938 -12.82677011
 -18.97898173   7.56259587  -1.8032788 ][ 21.92614525   1.64147094 -31.96290705  42.72680086  -5.84580313
 -48.88632623 -20.74297498 -16.43717341 -15.41263504  -7.35097982
 -19.78043136   8.03197875  -3.9836604 ][ 20.56875936  -1.01473917 -22.96720716  34.67663467  -0.16185768
 -31.41132159 -17.1961302   -7.49543794 -11.40215644 -14.82116439
 -14.38425466   3.52905025  -6.15548591][ 19.59245852  -5.97938282 -12.94981602  29.33521715   0.83171971
 -21.06093944 -30.1476005   -0.15960921 -22.85921498 -15.25004456
 -22.15476333  -3.03092719   0.09234408][ 19.36260445  -7.58410409  -7.92737169  32.00114823   1.80537232
 -22.85500611 -28.0087856    1.76051424 -18.26306908  -7.99844038
 -24.98706225  -3.1560819    0.33841137][ 19.28768537  -9.61438963  -7.68832024  31.06022723  -2.91892605
 -29.83440801 -27.31649656  -3.93311726 -22.85107786 -10.48735944
 -29.03227743  -5.53955199  -7.12088809][ 19.79931605  -9.1397024   -6.47826971  37.93748324  -1.5801303
 -34.96142911 -22.74635799   0.40605446 -13.59809674 -10.42372285
 -27.12218715  -0.71654723  -3.76854965][ 20.30218989  -6.37939471 -10.07023957  42.01749824   4.70842917
 -31.24817712 -19.31794913  -1.6162539  -13.31305585 -11.26164386
 -18.63742793   7.77954708  -2.03208371][ 21.38056105  -2.41218052 -24.92395641  37.80655002  -5.59411695
 -37.93985633 -14.07616321  -8.46029788 -23.42408353 -14.74250119
 -23.85529514   2.86301371 -13.09847254][ 21.97842572   0.56513573 -24.46097245  55.47182067  -6.20442396
 -47.32655376  -9.59877786 -11.01036952 -11.14085148 -17.29617343
 -13.62191971  13.14065349  -6.45198012][ 22.35505615  -1.29712305 -29.39196017  48.28124042  -9.08924074
 -47.13286796 -10.14824265 -20.60505715 -17.04641032 -17.84606939
 -20.0029824    8.59921115  -9.43640612][ 22.59813559  -1.69806644 -31.89260162  45.14655189 -12.64098686
 -46.93178465 -11.0795346  -18.76670856 -17.48159305 -14.84814361
 -17.34514865  12.64098208  -0.95313102][ 22.68322378  -8.80348503 -20.61634378  35.65480082  -3.51307249
 -39.30707426 -10.98226082 -10.23123527  -5.60075567  -7.45575835
 -18.33534047   8.14601908  -4.24533857][ 22.83478569  -5.56710545 -27.55660947  41.05853423 -10.26538625
 -57.06743814 -10.09387947 -15.54994826 -11.48435779 -14.83473331
 -22.48422298  20.07720807  -3.14318008][ 22.78081015  -6.2491513  -28.75348507  30.70589918  -8.76671319
 -43.39485413  -8.41035643 -10.36330936 -10.24492593 -17.36060737
 -18.15346659  13.3471095   -4.71620546][ 22.89171696  -5.67753763 -29.78711002  36.98567609 -11.38702881
 -55.59229782 -11.05547748  -9.33692951  -5.55383238 -18.80046018
 -17.66566954  18.99311715  -6.65739726][ 22.72874499  -4.53897947 -28.84411871  37.90171064  -6.62894408
 -49.88607318  -8.30768576  -7.42807422   2.6957524  -17.38123693
 -13.26980596  18.33693968  -8.6335315 ][ 22.67434942  -3.72454945 -30.73426497  38.49478889 -11.9828808
 -53.04417815  -8.2442243  -12.47884481   2.8381016  -17.23864273
 -12.2506345   19.54319368 -13.63622947][ 22.34615506  -1.73737076 -28.88300771  39.80955233 -10.94138782
 -46.18636729  -4.89685632  -6.68969578   6.46158451 -11.60387291
  -9.58594659  17.24985225 -10.61054216][ 22.40468693  -4.31478869 -26.02427926  35.70062342  -9.7642149
 -43.93306358  -5.41212835  -5.3369032    2.03610843 -13.267268
  -7.67375135  13.41471758  -6.24439367][ 22.26766017  -0.5673205  -32.46442779  35.61262633 -12.54482857
 -38.18928804   0.7005044  -10.90511547   7.46269544 -12.20382877
  -7.34712981  11.61772558  -8.49267182][ 22.2530092   -5.13987464 -26.87271854  37.72484389 -12.9397576
 -47.59276951  -4.72341939 -13.19129672   3.67734738 -19.80293783
 -13.03621561   4.84027648 -11.75300826][ 22.21296331  -1.63231059 -28.0992939   46.78013445  -9.16903268
 -51.84274769   8.524548   -18.22232692  16.65690848 -21.11301334
 -11.08189927  11.51003867 -14.09917071][ 21.82482541  -5.34808071 -25.91794819  36.7423201  -10.42082135
 -42.45773576  -4.64409977 -14.34397536   0.56226939 -19.65889524
 -17.81742975   1.1138492  -11.97932296][ 21.42196229  -1.42524727 -24.15795886  46.30512212 -12.46651732
 -54.58647012   9.98887866 -13.68748418   9.351232   -31.65131041
 -21.51363512   9.32179005 -12.95379988][ 20.09204312  -2.16130325 -22.12928854  36.68475262  -4.61080142
 -33.78674425  -0.47160693 -12.21302214   0.50376676 -26.0559039
 -33.51425986  -4.39773646 -11.37879817][ 18.40799117   8.35685964 -13.93086673  38.67046303  -3.64074045
 -27.07365362   6.49594225  -8.3077558    5.74431616 -27.51275817
 -26.74284057  -0.41558551  -9.97896025][ 17.66496933  13.05846798 -12.83560542  35.47767665  -3.23156249
 -29.69335777   2.61953765  -5.26367091   1.50251505 -33.61928319
 -25.75752603  -2.19277335 -14.23211367][ 17.44238867  14.06040591  -8.08966608  32.67042644  -2.99211794
 -27.43976033   1.40621548  -6.9737432   -6.67040148 -20.98762027
 -27.10578683  -4.28082503 -13.45206431][ 17.26949939  14.74989572  -4.49275945  32.17559674  -4.09200097
 -33.67382846   0.93393987  -0.74711773  -8.76885762 -20.53249386
 -27.23870531  -0.29732367  -4.7805272 ][ 17.17905425  12.74059849  -4.04798803  26.872616    -7.56820143
 -30.70930538  -9.17409006  -7.81654755 -11.06335866 -25.35679898
 -29.42489737  -5.75343394 -10.47658909][ 17.10908486  14.27107103   0.86358942  27.08533728 -10.2842496
 -26.80873947  -8.66093287  -5.44020845 -11.7453826  -21.28446579
 -12.75210764  -3.50536651 -15.39499631][ 16.66702074   7.781696     6.75325484  18.51891362  -5.13710811
 -27.56348189  -8.60867455   0.23270652  -7.25589704 -22.08642429
 -16.37796902  -8.49376819 -18.3312599 ][ 16.15725184   5.65956504  12.39351622  21.59543212  -2.96855071
 -30.07942309 -13.02941888   3.03113673  -6.06672655 -22.86465876
 -10.31492661  -2.14067245 -17.40478455][ 16.94440573 -10.48814723   8.29548767  25.91789027 -16.31715721
  -4.42533038  -0.45804273 -11.42243666 -13.33082047  -8.97995223
  -7.35298047  -0.59190198  -8.84351743][ 18.58244917 -27.81026935  11.89603959  14.3198828  -18.62508856
  -6.60705574   3.24585848  -9.72097223  -9.79565593   5.59454866
  -3.0638167    9.11614931  -3.15129693][ 19.63787916 -41.88944881   7.20570568  16.44394946 -19.62182896
 -10.65570164  -9.17196834  -1.78798713  -5.05254083  -4.49944294
  -2.82571366   6.03376191  -7.28391367][ 20.1124798  -38.07103111   4.94811562  12.60076161 -16.74647929
  -4.76015349   7.6645003    5.09848383  -7.69316816   2.26308007
  -2.55680658   6.49138152  -5.27634092][ 20.63678959 -42.79311286   1.44120973  12.68910778 -22.01236756
 -11.67509166   2.29299057   4.67757714  -9.63099277  -3.10226331
  -3.69353234   8.57677175  -1.8345802 ][ 21.08975684 -44.16931486   1.22388111  14.64068724 -21.39205623
  -9.71094381   2.0696588    6.963386   -10.7462085   -4.34466469
  -4.20852492   4.00151155  -4.98625013][ 21.11955256 -42.35029965   2.63167505  20.68641206 -14.34722839
  -7.90322548  -3.90536407   5.49727883  -6.43193126  -3.9016787
  -2.2888801    3.12199508  -1.11773458][ 20.89365622 -43.43342113   2.33764675  20.89047099 -17.34428305
 -12.55837681  -2.94896145   8.40041522  -7.2436147   -7.41196159
  -1.11530554   7.37237214   0.63256769][ 20.03363693 -38.17077175  -1.00899876  22.06882927 -13.94284008
 -18.33073797   2.49173878  13.18278571  -8.43507014 -12.20256178
  -4.99712119   8.05538718  -2.67255213][ 19.5743729  -36.35443295  -2.5599289   16.76729132 -17.99390184
 -26.93311137  -7.27155299   4.73068371  -8.71382161  -1.60158114
  -3.79970916   9.62232598  -8.45420126][ 18.79140093 -35.5569001   -3.69677895  14.96993235 -15.86216768
 -34.31023673 -12.47169561   9.66322846  -6.58642041   3.87993644
  -1.74316372  -1.19641737  -4.48261369][ 17.93653391 -33.90482251  -6.10710472  12.79003858 -20.26961139
 -22.73002309  -6.16814781  13.87934317  -7.78966966   9.81857
   3.55408312   8.44262164   1.99861746][ 16.51035998 -30.97634022  -8.47178674  13.71129563 -12.92654359
 -25.38897483 -15.67111447   5.92270736  -5.37985554   3.24567919
   1.15448395  10.75112388   3.30867611][ 15.53624206 -25.44205596  -7.81183497  16.10798254  -8.59888162
 -20.93045872 -16.12573944   6.37189211  -5.19844954 -11.9617547
  -6.82174064   3.80695758   2.63122316][ 14.67054701 -17.86106568  -6.83474572  18.3026092   -5.30277972
 -22.0892418  -16.70796425   4.45076467  -5.48924963  -8.58454924
  -4.74462132   0.96049644   3.88247196][ 14.03494334 -16.40771915  -8.76668746  19.17184466  -6.00463798
 -19.24080327 -15.50393261   0.97180933  -7.76068763  -8.67805116
 -11.01897612  -3.33054601   0.67189098]