[ 13.66851704 -14.53965883 -16.60990632  12.93541858  11.96309975
  19.07229206 -28.27935951   7.59810687  -8.08935015   1.20893433
  -5.70775055   0.18877211 -11.98243129][ 15.52238156 -26.25695752 -19.60639863  10.73025913  10.45015081
   5.63977892 -28.18081671   7.77703209  -5.8614095   14.57911255
  -7.30850519   0.45682821  -8.83024343][ 16.88367761 -32.84608775 -20.33894048   7.53163263   3.77063069
  13.46517961 -28.87551561   9.7106851    1.77653251  15.6948039
   0.09241351   1.01967497  -0.81349288][ 17.71839424 -38.45436772 -17.48724392   9.94856037   4.24094893
  10.95172566 -27.21717088  -2.48762471  -9.73144935   7.56942523
  -1.2445781    3.90385894   3.44010743][ 18.26799204 -40.25263492 -20.87198377   3.74056589  -0.73281112
  11.82594893 -20.28152008   8.24211677  -6.05720888   8.85032216
   6.36070903   5.29678119  -1.51249719][ 18.49594528 -34.4005492  -14.19600567   8.61575629   3.79108527
   8.26687785 -23.00725593   6.7154003   -5.11185092   4.88265569
   5.63114338   3.73431041   5.03819114][ 18.87082776 -35.11764622 -16.60605436   8.76299219   2.48232827
  11.80134002 -23.93748428   6.65314942  -5.79187637   3.96216597
  -3.32178717  -2.15280849   4.28712189][ 19.17637211 -40.69257625 -20.36991133   6.35274298   0.20035425
  12.53564137 -29.69536353   2.30486482  -2.33727979   8.86303097
   1.52549009   1.38822683  -1.31195718][ 19.34139462 -38.54673167 -15.48206357  13.14749801   1.92171275
   8.78129983 -31.00579788   2.01947299  -6.36114161   3.00948908
  -6.86514895   4.92045387  -0.95252372][ 19.69295016 -39.59080666 -18.83320371  10.64567928   0.32627864
  12.89164133 -30.99976262   5.76745145  -2.35859262   7.28590452
  -4.79925031   0.37679188   0.69648569][ 19.80412255 -42.54708763 -18.78695144  11.12793171  -2.30192078
  12.18961676 -33.79234601   2.89027111   2.59111592  12.74896545
 -12.71633106  -9.42698999  -2.1256644 ][ 19.45903828 -38.36652454 -17.02909241  14.01604458   1.58843152
  19.53306842 -24.54954508   4.28980566   5.46196263  15.38820219
 -12.5452764   -9.83757584  -1.33996583][ 18.90448127 -11.75688458  -9.35924421  10.94062384 -11.77514573
   5.92155919 -19.42395999  -9.48527721  -1.91676274  10.2360836
  -7.32203274  -4.38634089  -1.98252711][ 19.23928887   0.93767089 -17.15257235  10.12400479  -8.05209378
 -11.08272712  -8.16369461 -31.1626893    9.08110718   6.85052741
  -6.73046721 -11.17150639  -3.51910833][ 20.29458046   7.03540912 -28.88663612   4.66508677  -6.32348783
 -26.93833909   4.58049929 -37.06780159  14.50026796   5.31233327
  -5.71625318  -8.84806913 -14.30608562][ 20.53760608   7.63832097 -30.18144566  -2.72488451  -6.83871666
 -31.23480641  -0.29893581 -29.8669225   11.03789617  12.5066432
  -9.12698829 -16.28041929 -19.06427465][ 20.9684311   10.31636759 -30.52986708  -7.80744261  -7.39903511
 -28.88531038   1.83773725 -19.95077944  13.11356228  22.66697835
 -14.28351209 -13.59814408 -17.01253178][ 21.10240411   8.99768022 -32.46679582 -10.7084638  -14.38302773
 -29.92912806  -1.26349522 -18.63604382  13.40918676  24.62002514
 -22.08684484 -21.14904158 -18.29139109][ 21.23085086  10.10800763 -32.30233699  -9.06032603 -15.10668136
 -21.30078867  -2.82904228 -12.52358948  15.39898725  12.27629924
 -13.86546133 -17.95924969 -13.80729802][ 21.38129649   9.92299457 -33.45356022  -9.22075191 -13.19274543
 -22.34997307  -3.93494919  -7.83438206  22.28080011  11.88460135
  -8.5384914  -19.11233296 -16.40282204][ 21.28279378  10.65909283 -29.37794577  -6.38097814  -8.04617324
 -18.86193549  -2.80640219  -1.35378131  24.10117897   8.27293554
  -2.95364619 -19.77995119 -17.46192498][ 21.39582941   8.57001543 -31.96793901 -11.21070055 -11.56918591
 -29.00398537  -8.88543093  -3.64690216  19.03162242   6.44569768
  -4.32550843 -20.03354835 -14.08367691][ 21.26455986   8.05117535 -33.70791375  -5.52540683 -14.63789919
 -30.10430215  -6.17939304  -6.06657789  23.1999721    9.86512464
  -9.45718508 -12.49994183 -16.60883541][ 21.39017605   8.46970454 -31.33739667  -4.12935912 -10.21083671
 -33.70802785  -6.51899242  -4.44470336  23.90077454  12.17870113
  -8.19259292  -2.9691228  -12.10266912][ 2.14570575e+01  7.45462727e+00 -2.90762441e+01 -1.77243818e-02
 -9.61473616e+00 -3.31862543e+01 -7.80602199e+00 -6.02957588e+00
  2.69089612e+01  1.22627121e+01 -7.92724927e+00 -2.55851731e+00
 -1.45258159e+01][ 21.52085354   6.68882215 -27.15447344   1.54389844  -6.32982572
 -31.118217    -6.43702946  -6.70344359  25.75473696  10.26154937
  -6.85429244  -2.55119478 -10.95435384][ 21.46320827   6.51071101 -26.20632092   3.20003506  -4.82303679
 -35.25759597  -7.87768581  -5.24257796  29.32129899  14.03283242
  -6.18849684   2.32941278  -6.47897408][ 21.03342944   3.83085392 -28.39758382   4.18381097 -13.15633442
 -41.95847948 -13.17443507 -12.56054667  15.51722515  12.01290995
 -18.80393097  -0.49860268 -14.59162054][ 20.85396276   6.53790311 -31.98637294  12.27714708 -15.7978769
 -50.06315433 -12.09200617 -13.68445539   8.41536332  16.64981665
 -27.02033025   0.81269525 -12.31375522][ 20.48138814   3.44798873 -25.19299722  24.6318689  -13.44042426
 -41.55922146  -9.13246777 -17.61525393  14.20328614  10.59193851
 -13.6965074    7.50537436 -15.03025407][ 20.58796045   0.36618938 -22.54250691  27.62452452  -4.20602042
 -43.41608495  -2.20609235 -21.01973472  11.00930697  -6.60296726
 -12.97952608   5.46751954 -16.17363221][ 20.51526474  -4.20521954 -20.51775414  26.78687592  -7.27885793
 -44.3377789  -10.68005725 -20.17539984   0.24566878 -18.78516931
 -11.95927486   9.51144005 -15.89375969][ 19.94302765  -4.49623414 -17.71809945  27.80057583 -13.37018403
 -44.14484011 -18.26364053 -18.8918315    4.76673091 -22.02930213
  -9.96768879   0.95998992 -20.61804593][ 19.20840788 -10.26185174  -3.00985004  26.75450078 -17.34397207
 -27.97646531 -19.0943768    5.29842397  10.50247298  -6.4024454
  -6.87613107   3.62963699  -9.30380926][ 19.51401446 -22.40001606   9.81808942  23.23103403 -14.95507899
 -24.52981615 -18.03772423   6.10830648  11.05217776  10.35142981
   6.08465587   3.5592077   -3.29602277][ 20.60729627 -34.50140389   4.27239774  17.89317396 -21.02354303
 -24.95501176 -17.95975677  -0.68745513  -3.65130282   2.04480211
  -3.39893428   1.44555567 -11.66729917][ 20.92811696 -41.6279519    0.7748812   15.47411947 -25.22104643
 -23.00885631  -5.97426439   9.99322549   5.21239529  10.0740661
   4.63702738   9.57262403  -4.92902305][ 21.11174252 -41.69957513   1.72210288  17.21454233 -18.33316705
 -14.69127263  -0.93889107  13.75364498   1.96269038   4.80542707
   1.73123567   3.05677536  -8.41674039][ 21.22216972 -40.72571947   3.11276223  20.53664748 -16.23433608
 -10.63946891  -7.40585696   5.96399474 -11.40170147   2.28411343
   4.2065292    1.65776085  -7.46834957][ 21.30072412 -41.48830307   3.71827645  22.69734605 -13.68144883
  -4.64009936   0.57720782   7.1373994  -13.83510408  -2.28427587
   1.8426009    6.38613041  -2.36102388][ 21.18625095 -51.90039434   0.89284315  25.80040071 -17.52333311
 -14.74875404  -7.34407764   4.48563728  -8.88567009   5.08365811
   1.74071442   5.4223484   -0.80346219][ 21.08786324 -47.80140802   0.57600086  21.06136024 -16.0052995
  -9.69517429  -4.4407103    5.14098418 -10.60262275   6.22053726
  -1.56027051  -1.22174452   0.13671617][ 20.90952602 -37.98923308   4.74650101  18.48630668 -14.60616058
  -4.66502868   0.42678456   7.56538734 -10.56113138   1.74467514
  -0.33635507   2.09948586  -1.86496099][ 20.6877456  -44.57176358   4.25263861  19.4628229  -13.56600672
  -7.4588867   -0.71032407   7.1486247   -6.27332678  -0.26010694
   1.06494323   4.07558065  -2.70721253][ 20.32147065 -49.68395452   3.86618853  17.54428955 -16.90516732
 -10.04080632  -2.74004868  11.14438544  -7.94730197  -8.02406149
   4.24554557   7.81041858  -3.38737511][ 19.86483224 -43.21746223   6.14340911  16.11272121 -14.24769902
   2.52531263   1.73700021   5.70732625  -1.85791555  -5.00809406
  -5.18148201   1.60893538  -1.91368857][ 19.45529857 -36.23601902   5.42524474  14.40650469 -15.6467009
   6.54860836  -0.46325794   4.6361628    0.71708787  -5.7227258
   0.94799537   2.20831535  -6.47814091][ 18.87662233 -34.70268357   9.40685104  13.18478613 -20.91501377
   9.97995054  -0.45710007  -3.36445912  -3.05814984  -1.98921608
   3.22104901  -3.56315939  -4.07733814][ 17.65292704 -37.3414924    9.44729855  15.90848204 -22.45033967
   5.52597943  -1.16683109   0.43097287   1.41478361  -7.56325918
   1.55450545  -2.49495761  -8.47528743][ 15.36786595 -26.51409479   4.69227629  14.31264279 -22.43245342
   2.8638815   -0.86004827  -3.13810937  -0.50493259  -0.91649525
  -7.67311541  -2.55797755  -9.76192594][ 14.26701921 -26.37418424   4.34193706  12.84350306 -21.59323348
  -2.37056283  -1.71114717   1.72091147   2.2944559   -6.59304927
  -4.39191911   0.42422139 -11.62768623][ 13.93784773 -25.3425278    5.72413083  12.12623152 -19.08184962
  -1.3986458   -1.3890553   -0.2449318    2.33522881  -2.98992617
  -2.64867199  -7.15657027 -12.84465704][ 14.40926229 -20.79359165   0.61225482   5.97196385 -19.08892353
   3.79353315  -3.70870822  -4.29068794  -1.90865528  -1.89516573
  -4.34335618  -2.60304885  -3.94871105][ 16.37544057 -32.27181244   3.72534609   8.34079963 -23.01654934
   5.06158768   2.57381548   0.77439647  -7.1828423   -2.52567494
   0.25772663  -0.05689708  -2.40308316][ 17.98203353 -43.23946879   3.45258586   8.2072813  -21.65377295
   0.56492448   1.42176986   4.47375535  -5.41205597  -0.61344401
   2.51032959   8.10199938  -7.06026421][ 18.98284471 -41.76984852   6.34713746  19.04930808 -15.38145545
  -0.58553786  -8.61448324   1.08277628  -2.81698972   1.48093868
  -6.62020283   0.75713187   0.57431171][ 19.11458411 -45.67241465   3.5067957   19.106133   -16.24110262
  -4.29401099  -4.53233356  11.98476348  -0.35661274   2.17697685
  -0.43966647   6.74030812   2.6518141 ][ 18.66208883 -45.98090827   1.14125314  18.19049264 -14.57399731
 -13.92073849 -12.75411166  16.28891617  -7.46106578  -0.76313163
  -0.22459735   1.53343293   8.05129832][ 17.21532357 -31.78630856  -0.45232492  16.98478049  -9.72222951
 -15.3358439   -1.65377659  12.16656085  -9.10156767   0.42105779
   2.49368      1.2004763   -1.74845207][ 15.92259122 -29.60972246  -5.63724469  17.43686781  -7.41477555
 -26.51303188  -6.24316133   8.5740128   -8.2896577    3.03692709
   4.31109554   0.11805299  -7.53332229][ 14.83832656 -22.70426206 -12.10641617  17.33088364  -9.96215791
 -23.7455122  -11.08055064  11.03674119  -8.65403589  -0.85486079
   1.9553834    2.07168442  -5.94692762][ 13.9675421  -19.56113263  -9.25173672  16.59654834  -6.96801336
 -23.09279121 -18.51521449  16.50358562   2.45731218  -9.36063995
 -10.0364329    2.19575979  -3.98199556][ 13.40197913 -17.41164474 -11.88301973  13.69486591  -8.44310691
 -17.62266141 -12.59832363  18.15404639   9.13672233  -4.04366896
 -16.75536211   0.34998364  -6.46526475][ 13.24596369 -15.39428326 -12.33087133  15.11208532 -13.00083879
 -11.70849217  -7.49960271  18.25582935   4.01504691  -3.4481106
  -0.2189659   -3.81704186  -7.59298179][ 12.86507869 -14.02492574 -10.76458695  16.80361641  -7.93091085
  -0.5143711   -6.10534447  10.65586973  -4.32910372 -10.78298544
  -3.70091185   2.6794375    0.88086462]