[ 14.96089246 -22.17887409 -21.6101471   19.0679868   12.80179614
   1.42401932   0.84639451  33.21060069 -17.80293441   0.77379038
  -8.50035501   2.37610058   6.88073021][ 17.98160276 -23.73323008 -21.6107875   17.83518239   2.99631225
   1.24914488 -14.35100643  38.06323613 -14.7433961   11.85460393
 -10.43599396  -1.37450606  -4.02823267][ 19.55612072 -35.66154099 -16.40330711  14.65694563  -0.30111016
  -0.70720389 -12.74471862  30.00502267 -18.03575109   0.99171078
  -3.09787961  -4.57846378  -0.09316457][ 20.50894113 -38.84629151 -14.71076478  17.80236031  -5.99262198
  -2.14945261 -21.46686087  29.31042519 -23.67044187   4.70304827
   5.35504345  -0.53637914  -7.81866116][ 20.89252936 -42.19117512 -13.68180883  16.41122217  -6.54988614
  -2.14842477 -19.21426774  27.8827951  -25.32299929   0.92803152
   3.63755532  -2.3174445   -7.34595139][ 21.04661481 -36.63688858  -7.77727334  20.33595236  -9.39076646
   4.0621303  -15.94484526  25.92546234 -20.30984985   6.05716142
  -1.58063208  -5.69831067  -2.64441703][ 21.06475862 -45.93231508 -14.1393749   21.38413282  -7.13556052
  -2.85157113 -20.04438048  23.541652   -23.16591546   5.40307843
   5.82893666  -2.11696568  -1.86454879][ 21.00082597 -49.08312225 -19.95690478  20.81505622  -2.79722496
  -0.95574002 -17.04257195  18.76382334 -25.92393603   5.97268257
  11.77027033   2.47565445   5.30553293][ 20.73131075 -41.06875406 -17.9770719   19.76561075   1.02043153
  -2.6999962  -18.5660298   19.00508301 -22.82644441   4.62396084
  12.68007242  -4.57168042  -3.41867724][ 20.6227653  -43.56403896 -24.78196892  14.09304252   1.41156766
  -4.13708676 -19.52736668   9.94597281 -20.28748401   5.71886425
  19.59778413   4.45236486  -8.69493895][ 20.67484426 -41.08588421 -22.3907562   13.67820506   3.11460731
  -4.0836752  -21.06760572   8.1416596  -18.67952129   5.39063602
  18.62965418  10.5075108   -6.22406678][ 20.77980661 -33.5151628  -15.95809372  13.15772231  -0.55150823
  -4.66389261 -15.05450925  12.10972674 -21.07893883  -2.79628302
   8.26629103   1.03131838  -5.26353223][ 20.89168769 -40.30399613 -20.64306558  11.39488794  -1.5110061
  -1.33413776 -16.57561867  12.77688048 -11.78773959  -0.33902967
  11.57058785  -1.00436653  -9.30552465][ 21.26500318 -41.48849654 -22.3001488   13.01976284   4.74643229
   2.61937187 -16.14678386  16.82072236 -10.53740643  -3.06887618
   3.63815073  -3.79666891  -6.88229035][ 21.4919712  -39.06130934 -18.11718984  17.19494601   4.12002102
   0.66379534 -14.91769417  22.15900859  -9.88467359  -1.9193704
   5.24887017   0.92093917  -4.16185074][ 21.53794345 -43.69262098 -23.3790885   17.47199132  11.54109172
   3.24642691 -19.95032967  14.52338103 -15.32011213  -1.06561824
   9.8672054    4.50455055  -5.60678908][ 21.42589259 -39.19935367 -20.00094657  18.46243129   6.58579264
  -2.39041307 -17.35714233  12.83650005 -17.02086361  -2.35456763
   7.55375537   1.82911303  -4.06335328][ 21.20985244 -37.26596754 -17.74334844  16.53650505   1.29691243
  -2.34120596 -12.00673975  14.47485458 -17.4033049   -1.18332558
   6.09335533   1.11350827   1.64586788][ 2.10355550e+01 -3.37731879e+01 -1.67053809e+01  1.91139341e+01
  4.09814640e+00  2.07879846e-02 -1.15734845e+01  1.24334519e+01
 -1.55390582e+01 -1.82891996e+00  3.02642022e+00 -2.66252926e+00
  2.38393533e+00][ 20.93623658 -30.76833147 -15.47356367  18.73789762   1.33333921
  -2.88844118 -11.43735344  18.31843734 -14.75727488   2.97984304
   6.88108135  -5.80145232   2.38342532][ 20.99924715 -39.85472117 -23.60766168  19.66259306   3.60917776
  -4.07597287 -17.73702866  12.64254068 -19.9234248    2.26469482
  14.51160805  -5.67108081  -2.34561293][ 21.01104163 -33.87079962 -18.78847704  19.15279873   2.5152799
  -4.85975803 -14.01780571  18.63143787 -14.65841925  -4.52035887
  11.1181261   -1.800431     3.89116929][ 21.03518384 -36.74809006 -20.49213537  19.20638969   8.13275279
  -0.88897865 -15.21746853  22.03060828  -8.41032583  -2.25650461
   8.71560797  -6.56424734   2.593729  ][ 20.75757969 -36.55835222 -17.93107536  22.61291849   7.69606665
  -9.98986541 -22.57980301  17.5247552   -4.58763679   1.27522297
   5.58871295  -6.77502073   3.32864065][ 20.56990885 -36.48763116 -24.28319592  23.45216685   6.41653491
  -3.65993148 -18.79836636  15.78637756 -13.97165967   5.08107464
   9.09071791  -3.73093705   2.08658339][ 20.03713123 -35.67436588 -27.52422633  17.02796046   6.10333075
  -6.06534865 -14.13949177  14.94544187 -12.80350678   4.33898413
  15.86491396   3.69398721   0.67756785][ 19.63039119 -30.55870559 -28.13290436  21.14594688  10.7819665
  -6.55491067 -11.10725163  15.23317796 -18.9106202    3.77668695
  18.22426022  -0.65259425 -13.34659625][ 18.60604321   1.04639411 -10.01894811  15.86755672   4.82916724
 -10.44178431 -22.01043917  -0.91178598 -30.57413272  -7.24948854
   9.01569357  -9.40362902 -16.0310856 ][ 19.32236408  13.26023669 -16.3584253   11.10497947   8.67947293
 -23.14204838 -20.71367739  -7.37554335 -33.49011893   4.48696927
  16.40281771  -7.60086275 -26.21985392][ 20.39336155  17.02821426 -23.14027406  11.50531678   9.8944701
 -31.43067325 -15.32960185 -12.34296144 -27.71435408   9.27452778
  19.43392486  -3.91065898 -23.42716795][ 20.79348113  18.60180163 -26.77830804  16.52076695   7.86120931
 -29.85686159  -9.96834379 -10.24350528 -21.05524074  19.73670665
  26.69893313   3.81986431 -16.35080692][ 2.09349358e+01  1.68652991e+01 -2.93891168e+01  1.00994724e+01
  1.49948385e+00 -3.44889705e+01 -1.68224132e+01 -1.16468932e+01
 -1.86889420e+01  1.32323783e+01  2.07086427e+01 -1.35402953e-02
 -8.24713048e+00][ 20.95115308  16.96971969 -27.52186779  12.66919332   7.01781758
 -38.1101485  -20.09750076 -10.1974794  -11.67676463  26.77299345
  19.05509204   0.83102092 -11.19784677][ 20.60961866  20.02510668 -32.32103636  10.60813459  -3.60017853
 -40.33172815 -22.46898226 -18.13248892 -11.62140777  12.89669115
   5.50440683  -4.71807864 -10.75186102][ 20.40957425  21.86412599 -29.02897825  16.78348924   4.51998174
 -38.44494382 -16.6323091  -23.36421256  -5.41619498  16.19065689
   2.59159663  -5.41121639  -9.1815619 ][ 20.19815643  19.13817782 -28.77261572  12.75045775   1.10091201
 -41.0794374  -16.33148635 -29.55947156  -4.15647     15.17729721
  -0.84259      2.22282745  -8.54055616][ 20.13979471  16.55953227 -27.01116276   9.58658726  -0.26936034
 -36.29330745 -21.19931389 -34.24547607  -6.53548028  14.97295059
  -1.45114882  -1.208431    -7.72700391][ 19.99883228  17.34692857 -28.06504433  10.68935691   2.15310062
 -33.43076155 -20.96107573 -33.69834964   1.70769884  12.03680148
   0.11712882   5.0322309   -6.70909434][ 19.5206763   16.05070807 -23.46537965   8.94832897   2.11757538
 -25.23664079 -20.59780439 -27.12410767  -1.87675921   4.3646766
  -2.6391829   -1.5360754   -5.00529401][ 1.92536225e+01  1.98700948e+01 -2.48824412e+01  9.78801846e+00
  4.81762139e+00 -2.83395711e+01 -1.42138765e+01 -2.72457182e+01
  8.60242204e-01  4.28401809e+00 -8.27808912e+00 -4.86917619e-03
 -9.86297418e+00][ 19.34239061  14.50534079 -18.33794632  10.57533771   3.16459469
 -25.26345931 -16.07751365 -24.99720845  -6.07007745   8.72968118
  -6.89572229  -2.05555574  -2.53145328][ 19.67767078  12.63617243 -24.75105775  20.55384221  -2.53914868
 -32.4168587   -8.31605522 -35.98997053  -2.26595284  17.28422189
 -14.98292159   5.54799185  -3.23625397][ 19.86992802   7.68191359 -23.44551412  19.85518527  -1.54967123
 -38.19693617 -12.49339347 -42.03294924  -6.4519573   16.09339985
 -20.04547933   3.71970859  -9.58332532][ 20.02077702   6.45606419 -21.40703349  17.21211485  -3.93228058
 -33.53249158  -9.24728932 -33.40316504  -0.04321209  17.44894857
 -13.15484181   8.14402223  -7.58428408][ 19.96499388   7.46603903 -19.70159935  17.52796443  -1.75192555
 -35.81655267  -4.61584697 -25.53724175  15.38414984  27.27255461
 -12.08876657  11.2967973  -10.10324913][ 19.46152599   9.76346488 -17.71979345  10.13411175  -0.08981444
 -30.32502706  -3.85061084 -25.60618229  20.62897994  21.51240226
 -22.35887407   1.7731904   -9.51817512][ 19.1849136    7.88864981 -17.95514338  13.58369152   3.62922474
 -36.10340399  -2.79348031 -24.94271567  21.88245593  13.66936403
 -32.56416769  -1.22094764 -10.82071729][ 18.47184074   5.73518702 -15.75423241  20.08750335   6.27012289
 -28.58396261 -10.16109134 -32.11298736  12.02094582   2.57760913
 -25.08268671 -12.04456029 -10.68763926][ 17.7694894    6.69483348 -12.1787449   25.02145521   0.92671039
 -18.79983095   7.05076147 -18.92776975  29.64910865   2.56546861
 -18.87868975 -10.72192618 -12.46208848][ 17.33357514   8.78342119  -8.63814613  27.06862833   2.6228233
  -2.1765054    1.42304311 -18.37648567  32.29683194   4.93710432
 -33.17460006 -14.56190286 -19.97514462][ 16.82837109   9.39948772  -3.82552633  23.63688714   5.73142302
   7.15017934   3.42137057 -19.5944165   20.32203418   6.44857046
 -32.15412994 -15.22533709 -13.65035853][ 16.22547658  10.85433359  -1.89470666  27.749325    10.38098162
   3.31773181   3.89913692 -26.35393227  12.17410877  -4.97796942
 -35.62051506  -3.60005857  -3.53369849][ 15.01147131  12.46548594   2.09963511  22.19969228   2.7566301
  -0.16540414   1.71094793 -18.50864582   8.66344978   0.04623018
 -18.78248327  -5.48827635   4.36852235][ 13.34705607   8.1349599   -5.36888609  14.89268949   4.9691826
  -4.53692963  -3.64936033 -20.19260677  10.16537794   1.45431232
 -11.72109981  -7.71600904  -4.63863328]