[ 12.75508971   9.83063588  15.36978639   5.33727956   4.71185692
  -2.86517073  -2.8981199   -9.02788572 -11.93938396  -9.06884911
  -9.66457682  -9.62184439  -9.45537748][ 16.49437549  20.76128236  19.34955719  13.48753239  10.46470253
   5.17816855   5.74540244  -0.32378473  -5.52944879 -11.05299694
 -10.59476489 -13.89136157 -14.53931618][ 17.28804225  16.35862292  28.56232254  30.05634891  18.5266016
   6.2991272    5.371838   -11.15845623 -17.31210385 -14.66330326
 -21.30965262 -15.87910976 -13.18167008][ 17.27186925  19.79433339  25.84307542  23.85713733   8.22300003
  -3.21482506   3.54922004 -13.52674828 -12.88590495 -12.53913454
 -25.57042999 -12.06143152 -10.37532528][ 16.36631424  18.35690122  14.8860911   13.01206948   2.49149775
   0.22169359   1.58048311 -10.2306309   -7.9408679   -4.28142532
 -14.79904108  -9.75878569  -6.4517382 ][ 15.76557732  18.10809959  25.2770101   26.59189673   1.11311722
  -6.52733117  10.79509398 -13.59298731  -8.95612928  -2.3796187
 -17.4142783   -1.71798622   9.80015455][ 15.9851009    9.00714262  29.63684053  14.88052771  -1.72440687
  11.42170073 -12.43979483   6.04577933 -27.72510549   9.8878614
 -18.80408757  -7.00010339   2.5304165 ][ 15.94679784   8.78016628  31.57310297  15.88648585  -1.51533784
  12.30373982 -11.33497852  10.00405401 -25.61089643  10.33039417
 -18.55070978 -10.2450586   -1.88490959][ 15.66654536  16.48631387  24.97611619  18.0699549    5.8474264
   2.18114994   0.56192446   1.02876149 -14.3639351   -2.58946682
 -15.4834496  -15.52003529  -2.8466826 ][ 15.96910708  -0.85274634  10.45486426  38.11843462  -2.58081222
  16.72322425  -2.34175136   1.10799756 -26.28705835   3.86461514
 -15.30347914 -13.50810447  -1.18086964][ 16.23351539  -8.57793963  10.98062193  35.78724015   1.15747624
  22.46130836   3.17250876   5.93476112 -26.45151715   1.77689739
 -17.80758319 -14.37597784  -1.7769075 ][ 17.38010563 -18.27274059  17.74320306  41.46628421  -6.14248009
   9.28994631   3.94453656  15.24723236 -27.06959343   8.76749561
 -12.92402207 -16.90258724 -12.04584835][ 18.37160427 -23.62291095  15.81471603  38.61708568  -6.66577821
  10.35959954   2.58270335  11.26807763 -24.45363569  10.12823181
 -13.85759989 -12.32466299  -7.67317651][ 19.18408087 -31.48729986  10.74618991  50.05665196   6.4050126
  10.02498634   1.28058522  19.38951909 -27.72798853   7.75788506
 -10.83160036  -8.15252575 -10.67741442][ 19.83721512 -29.59160804   6.23093765  39.49957471  -3.96882836
   8.41038592   2.56202647  28.78420915 -27.7227609    1.94334267
  -8.59003734 -13.25430105  -5.17191934][ 20.05614778 -29.50903352   1.14071724  39.05700486  -3.7213606
  11.69890264   4.96282955  23.56664171 -31.06490589   0.37195295
  -4.97712541 -12.66115524  -7.29514237][ 20.12067666 -23.83597322  -1.71651409  30.90853291  -6.20194725
   0.84267555   2.40894454  19.00895195 -27.07562123   2.44814454
  -4.25854896  -8.55039694  -1.68103031][ 20.47127913 -29.64121283   1.67797876  45.94579123   1.75932037
   0.31354956   2.93418645  20.15766453 -30.38118765   3.30338484
 -13.02596248 -12.10911467  -1.98054096][ 20.33991551 -25.57834217   5.0763312   41.66558583   0.94655268
  -3.98443276  -0.98111285  13.25109916 -36.10545902   4.85780917
 -16.44364819 -15.16512557  -2.22881909][ 20.25340214 -22.97243388   6.56624883  46.24739003   7.28957062
  -9.81375451  -2.79009705  16.39270664 -37.91645662  -2.19901116
 -21.50093817 -16.31849759  -5.44772781][ 19.64903038 -16.89862265   5.57176053  42.36729568  14.70876267
 -14.95679565 -10.67108797   7.33282976 -40.19655598 -16.542153
 -26.95327212 -10.22877619  -9.31214997][ 20.43531119  -7.02933951  -6.26010623  40.35857537   6.99191649
 -28.50928928 -11.58521236  -1.44381934 -28.16337816  -6.96740736
 -28.13162492   0.980777    -2.66550047][ 21.10779702  -6.29030048 -10.61233246  40.40727881   5.9972489
 -33.69136153  -9.5239729   -7.84066632 -26.33413381  -8.10252813
 -32.46550761  -0.91030233   5.02503477][ 21.57894839  -4.55163259 -12.01042994  37.45291761  -1.04834432
 -38.14255995  -8.2125092    0.83920383 -12.07008074  -4.07764115
 -23.00318568  11.72560786   9.26197378][ 22.00317424  -7.8231841  -13.1393862   33.30297905  -0.83980071
 -42.33272599 -12.7754243   -7.12310504 -12.49814633  -6.11168283
 -21.78474775  12.42384447   9.27757624][ 21.79759502  -6.1491318  -13.71771887  30.06811127  -0.46250818
 -44.8491186  -14.23494358  -4.78543762  -8.0536107    2.16968993
 -14.16943833  12.95172071   8.10136989][ 21.80123924  -3.76685176 -17.78539423  27.71834766  -5.58889367
 -43.88809586 -21.25682645  -8.60196476 -12.31232229  -0.34568599
 -13.26505621   9.1577712    7.94802396][ 21.58212741  -2.9716926  -18.51278527  26.16997579  -6.50758075
 -44.0660846  -21.68472662 -10.74102622  -8.52103273   2.51840871
 -12.64740858  10.97056755   8.21630027][ 21.66942037  -1.46864791 -17.50348559  26.03396745  -2.78228255
 -41.41770324 -17.78732287  -7.86098235  -2.11132373   3.30176167
  -4.65146613  18.76197577  11.14089156][ 21.73674633  -4.60072841 -14.6248014   27.56270905   0.62146968
 -33.85029726 -19.96431381  -3.6846499    3.73154384   8.80754027
  -3.29714232  22.58375191  14.91990928][ 21.73806185  -3.21888281 -18.53931353  24.21049249  -3.63446649
 -37.97288506 -20.8857811    0.11493027  -2.01562908   9.4491256
  -3.78317163  13.16904752  13.4905852 ][ 2.16195413e+01 -4.05152599e+00 -1.50626930e+01  3.51148760e+01
 -1.48175661e+00 -4.52246063e+01 -2.42681566e+01  2.49253288e-02
 -6.20991488e+00  5.36105813e+00 -1.06915684e+01  1.55324087e+01
  1.38492440e+01][ 21.12581463  -1.87383352 -14.87029866  31.45882009   1.56284089
 -49.9915005  -19.91862756 -10.10271722  -7.45499055  -3.37149167
 -18.67657907  14.56472819   8.04581162][ 21.00948962  -0.45084586 -17.99248903  23.75938328   4.28481879
 -50.84289403 -18.07201154 -20.7034726  -13.37288895  -9.24196436
 -29.74727468  10.67742702   0.12963956][ 20.38359069   2.17187131 -16.7721846   25.44228016  10.12676733
 -41.0312613  -11.26141013 -22.45196     -7.46299993  -4.47031309
 -25.42420901  17.66073452   2.40775094][ 19.69924289   6.0931477  -14.74681434  25.82696807  17.53637567
 -51.93711761 -12.57352858 -22.21118705  -6.64055915  -9.88090716
 -31.85222815  20.55757008   2.01866392][ 18.33653002   9.56281019 -12.176193    30.76165551  13.7724747
 -38.46924703 -13.09771777 -16.32885586  -4.73409661  -3.5473958
 -25.09725283   9.73789556  -5.26118998][ 17.55858716  11.14262284  -9.96900918  23.04205626  18.76085403
 -34.7003515  -10.4734571   -9.95453129  -9.96222854  -1.86793799
 -27.68019455   8.29362357   5.68338503][ 16.74369207   5.92291707  -5.87257254  24.56784215  23.87838967
 -29.59739984 -11.70326707 -11.80619683  -8.69150113   0.71783821
 -27.02868744  14.59926697  12.14311489][ 16.3149491    4.95366612  -1.18404808  23.28144849  30.86254047
 -26.99655074 -18.35852721  -8.20425049 -11.31680326  -9.14127074
 -19.32787289   8.68580903  14.94440136][ 16.02098495   2.49228006   3.13239634  21.10753655  31.00634707
 -26.75110969 -24.13852173  -0.6336928   -2.67681447 -16.09885897
 -14.66589528   1.08677606   3.94960597][ 15.45589694  -3.2136823   10.45253827  20.73051152  26.13862978
 -19.66261485 -16.21865056   1.29572174  -1.94422394  -9.88324724
 -12.69987078  -4.71546617   1.07366278][ 15.64558013  -7.58738951  13.62185277  23.40078862  27.97066243
 -23.95722376 -11.6875017    5.52923374  -1.39154416  -7.89525172
  -8.21024969  -4.02218505   2.15690538][ 1.61557765e+01 -1.39865343e+01  1.81914855e+01  3.35707328e+01
  2.22903364e+01 -1.80398150e+01 -1.08803585e+01 -8.42771440e-01
 -6.50470059e+00 -3.92077813e+00 -1.75042772e+01 -5.41981641e+00
  5.82139544e-03][ 17.54119023 -11.0803363    8.48649064  36.89366927  19.44405232
 -10.84403229   1.6868866    1.56928804 -19.51641641 -13.1154464
 -19.48159346   6.53649111  11.75597432][ 18.95652777 -11.79827313   9.16244673  44.05796656  15.57852444
 -28.72468607   3.1892463   -9.52926742 -27.27559336  -6.7346477
 -31.8962958   -1.52389145   1.08842111][ 19.81430357 -12.06909479   3.72392799  41.47148443  18.08802672
 -38.31259355   8.6308452  -18.64018235 -34.58157707 -10.73191351
 -47.70177807  -3.2348043   -6.93560738][ 20.58039763  -8.84453428  -1.79954763  35.10818757  10.57454639
 -44.70425046  17.37222618 -22.39793168 -33.00509146  -9.20527631
 -49.86733119   3.70510682  -7.12020058][ 21.37854047 -11.53295096  -6.67901964  36.40389572   7.42127645
 -47.88751008   9.90820403 -30.62890863 -29.97971374 -16.76695112
 -44.28675787   4.86503033 -10.11857765][ 21.37185184  -9.80763021  -6.91487637  38.74988963  10.07426092
 -53.7873246   12.34030901 -28.46595199 -23.88406758  -7.27569905
 -39.39381123  14.53317232 -13.72234253][ 21.30804362  -5.66684079  -6.04729672  35.70460222   6.57421719
 -56.4898663   17.54233174 -19.09645158 -15.9721455    1.47301974
 -27.71284292  26.94442616  -8.74835352][ 21.35137301  -4.81097534 -11.19703151  32.52736654  -0.80057957
 -71.38286422  10.84028348 -21.58414284 -13.57842469   6.40677861
 -30.68912602  25.72634175 -14.22480582][ 21.01731938  -1.52653616 -14.81967316  36.86363734  -9.39095018
 -68.56921463  -2.37562131 -10.83064542  -3.8729349    1.63198049
 -19.94750653  16.59600898  -5.3611874 ][ 21.03895375   0.16227864 -16.66597755  28.97620483  -6.52521763
 -69.83087869   3.39977666 -16.44199028  -3.48232374  -1.63879813
 -22.54992851  15.91918508  -8.6110357 ][ 20.75291361  -3.22903725 -11.60328772  26.44612488  -7.07132508
 -52.1115777    1.9465619    6.05786219  10.15568086   2.26427725
  -3.87843962  18.31865811   2.00777448][ 20.27845764   1.393965   -14.78458245  22.41158976  -1.5378745
 -58.16345263  12.50814095   0.4277225    8.96000044   4.70445636
 -15.4104826   25.79623844  -5.90602175][ 20.14941278   4.4230829  -17.85816445  18.64513577  -3.01838748
 -58.8995908   10.68446274  -7.35802883  -2.10235499   1.28412774
 -23.74121414  23.41806352 -12.7936882 ][ 19.89503929   4.44098319 -19.60495626  18.28771412  -6.25876803
 -54.49392339   2.63690928 -10.68362393  -5.332539    -6.28942165
 -24.3406678   13.69619204  -6.43153591][ 19.68867656  11.01524061 -21.59553703  19.57097292   7.04285814
 -54.04478644  14.50881876 -12.52834484   3.30107652   8.4022415
 -26.57062719  24.74128756  -0.63632469][ 19.36086807   9.53711024 -22.1439448   14.38350991   2.30657551
 -41.2118107    6.15137958  -7.74110347   1.42107178  10.41073545
 -16.75700481  17.94730847   5.2517908 ][ 18.70577314  13.56429193 -19.10430753  14.11371879  -2.20742309
 -35.53209707   0.78399421 -13.13267912 -10.43795508   6.12957141
 -20.86777091   7.73674299   2.97779105][ 18.58178872  15.88633438 -20.3245956   10.10105788   1.48281006
 -35.00406607   2.38806736 -14.14525029  -7.52745752   4.56476048
 -22.69022836   6.83638696   1.69995623][ 18.49326317  14.99136248 -18.11176165  12.45864828   7.63585349
 -32.00471894   9.45133599 -14.482427     0.90026873   9.05579957
 -17.69750083  12.02585006   7.1697579 ][ 18.36339423  12.73068622 -15.83672821  11.35631596   7.97007279
 -34.6136056    8.12318093 -11.38306599  -1.3002076    4.30836142
 -14.6131767   10.20094671   5.19080395][ 18.38057703  13.98891951 -14.44133197  13.20027917   6.34564381
 -40.74996584  12.923915   -14.02181482  -8.26320219  -3.89269108
 -16.65496821  15.84694408  -1.67098608][ 18.02362174  16.27723051 -12.85417087  12.22722286   4.65793952
 -32.26833333  15.40400982 -11.84799991 -17.97931072  -4.13173433
 -12.54243444  12.79221794  -6.91200566][ 17.87219476  20.00491489 -14.44192579   8.49890202   6.9812234
 -25.88284949  13.04408939  -4.28358526 -19.40522498  -0.59968305
 -13.19657835  11.33510191 -12.20891247][ 17.75564994  19.9730096  -12.40292019   9.16177984  11.99160807
 -15.77521356  11.11411573  -0.82031144 -11.83462652  -5.240887
 -18.59157793  15.30625038  -3.51642398][ 17.65682712  22.65807521 -13.74535756   8.59146171  12.04050773
 -19.49671954  15.1445484   -5.74655786  -3.12141926  -6.05739901
 -25.80746409  22.17609608  -1.05573686][ 17.61177583  21.52162544 -11.39402779   7.63447766  11.80454536
 -15.33135633  10.37744956  -5.55895065  -4.15988309  -7.70558054
 -25.77901207  22.60264156  -0.36870121][ 17.46248892  20.58770585  -3.66782428   6.52459252   5.32033126
 -13.01745054   5.51756384   2.764366    -5.08864738 -20.01626074
 -18.41227425  27.24545084   0.99204397][ 17.25188693  23.45945471  -0.97158489   4.4807029    8.95449413
 -12.78039247   4.05751705   0.8951251  -12.35971596 -22.19716037
 -14.27495977  28.07717554  -3.61620939][ 16.93780025  23.70583414   3.82903722   7.91127175  11.96416215
 -13.22026935   4.30298697  -0.33551097 -13.56063664 -23.99811192
 -23.78739761  27.67959183  -1.66680888][ 16.23669381  20.29095831   7.00080314   8.77703019   6.60959146
  -7.44810962   3.19441264   2.24403036 -12.67272163 -28.18510998
 -27.14413025   8.56402563  -6.82044454][ 15.41379592  16.96419801   9.91407721  18.05031375  11.3232631
  -3.28347519   8.82241223  -3.42862122 -20.06645626 -20.88219828
 -15.23757536   6.84032943 -12.99810612][ 13.82083416  14.57266969   7.97902543   8.89699468  11.72649064
  -1.95004006   4.80278154   5.77416327 -14.47923819 -28.46076895
 -15.21815988  13.21212233  -2.86300673][ 13.40626948  12.1942409   11.23391007   6.14974871  16.31676296
   0.69636315  -2.383866     5.35751293 -11.8706055  -34.56849919
 -17.24766642  13.38441006   2.91277526][ 15.56444396 -13.10412101   1.52598688  28.44696122   0.84579024
  -4.97638939  16.43854325  -3.45376141 -24.78495861  13.00464841
 -26.08172421   2.99620873  -3.89421446][ 15.94994443 -18.11847817  -3.35046224  23.32395227  -1.93905714
  -5.77746974  12.05167077  -5.13445896 -27.95268578  16.2521505
 -25.03100574  -0.78343599  -5.06065887][ 17.64512415 -33.51188678   2.14123106  17.62197832  -2.23914572
  -1.91588239   8.75324963   5.15054047 -25.27513379  19.38147258
 -23.62086469  -0.16160817  -4.51442302][ 18.45004888 -29.85658762   0.85948634  13.45957004 -14.52738567
  -4.53683999  12.20573297   8.11292621 -28.35345366  22.28632135
 -11.1014562   -5.39388749  -4.09611221][ 19.20875865 -37.21195541  -3.31048737  16.09469715 -13.34357105
  -8.58443305  10.33335479  13.6553668  -26.74273382  19.87341744
 -11.84799847   2.28665151  -3.84366113][ 19.96562537 -40.31539389  -1.29428593  23.16906476  -7.95563633
 -10.78069525   1.6916374   23.54852125 -34.70808003  16.51467803
  -9.748471     1.56725855  -7.7353816 ][ 20.29521658 -47.66193811  -6.46939151  22.92512456  -5.00133003
 -10.93343779  -2.38770967  29.53722162 -23.12797225  21.96078431
  -3.63453734   3.39366628  -3.1370095 ][ 20.43020143 -45.82123067  -8.44572418  25.43544954  -2.15939068
  -9.8895454  -10.2422176   24.05801009 -24.35499127  14.22299167
  -7.46560163  -0.38682907  -4.48988033][ 20.45243491 -44.11256777 -10.69016613  26.96752257  -4.29408401
  -9.22963867  -7.54552151  28.6573857  -19.5165894   12.05953437
  -4.10941061  -0.41478837  -3.44372484][ 20.43852329 -48.1079663  -11.44003376  30.13553631  -2.46324007
 -10.38977947 -10.30590595  22.21479291 -21.07581485  10.91257948
  -5.86364522  -0.86376703  -5.16636451][ 20.17272325 -40.03413565  -6.5706944   26.29514953  -7.42229056
  -8.66750748  -6.02127627  26.67722325 -22.55839763  10.58483649
  -3.60414569   4.94424099  -8.29851575][ 19.92766277 -48.01187257 -10.57860515  28.67957802   0.13584152
  -4.94509763 -10.94137466  25.91266479 -22.44998463  14.09199334
  -3.65542142   8.68960813  -1.58092105][ 19.75125919 -49.90855462 -11.9574189   30.24054938   6.09260516
  -0.14701905  -9.9086548   28.93544422 -22.56885549  15.71240238
  -3.71889199   7.35257957  -4.22579041][ 19.54470281 -48.47183901 -13.1788298   27.22647977   5.8681007
  -3.83676115  -4.07828799  30.98154969 -16.32601448  11.89763099
  -5.40496576   6.39072136  -5.48480553][ 19.35469611 -42.852645   -12.78592648  24.37412619   4.5456401
  -6.39225308  -6.38553267  28.54445178 -19.15116643  11.83805634
 -13.36604764   8.54029116  -4.30526938][ 18.96250537 -32.1066208   -7.82968503  19.12246192  -2.84512198
  -9.15042351  -6.96447665  24.70115337 -17.33573051   8.27653015
  -7.44549222  13.00801925  -3.9415285 ][ 18.67705898 -38.65757069 -11.64030913  24.57756896   3.03761957
 -13.49095412  -9.08104524  24.94725174 -14.38897483  11.05878289
  -7.16372347   8.06334419  -6.06414425][ 18.2495451  -40.16522305 -13.74693611  25.24973305   3.9479613
 -18.09785057  -9.50690968  22.57517646 -17.67261496   9.5896385
  -8.13639992   5.16076329  -4.27626   ][ 17.7412057  -32.19764357 -13.32143962  21.31876328   5.10101038
 -12.42547971  -4.5627555   25.91036541 -14.98957635  14.72666902
  -4.2965291    0.48994357  -8.08558555][ 17.03384381 -29.45837136 -11.79939061  22.3992081   -0.84218517
 -14.80321438 -15.33492566  15.04853065 -10.81268649  18.79742262
  -7.27064307   1.22550208  -6.39276244][ 16.49724232 -25.54457178  -9.96529824  23.18297834   0.32499686
 -14.10596766 -11.14375667  20.83743902  -9.38439928  15.00497188
 -11.02510456   7.78405098   1.35240446][ 15.22556198 -17.88282132 -10.6256285   25.94527875   5.27315307
 -15.04975568  -7.22142232   7.8515198   -5.33075801  16.36558483
  -8.11519774   5.42235882   0.31353266][ 13.77155833 -14.05032562  -8.77007867  24.36505318   3.70192028
 -14.30948653  -5.4396108    8.84707249  -7.70030974   3.51103212
  -6.38617409   8.83715016  -4.16023468]