[11.91001312 11.92059537 27.87440025 16.7334647   8.53619874  0.95675476
  3.81970127 -7.66216647 -9.95969655 -5.06841982 -9.36356897  0.0583921
 -5.81129888][ 15.1419094   20.69995981  18.73708467   9.775599    10.37036362
   0.43275437  -1.10557711  -7.90864559 -11.75416699 -14.6145359
 -17.22407593 -15.29536174 -17.48481562][ 15.53277762  17.82319588  30.15824085  20.56946479  12.12443164
  -9.47829192  -3.46791486 -15.42335112 -26.01863392 -20.77902267
 -22.14401864 -25.11477725 -20.03355282][ 15.27123623  20.86951347  19.12442833  13.80462564   9.39557498
  -0.08496896   5.39223762  -5.20605029 -14.36376951 -11.87204449
 -13.94837651 -19.05290103 -13.23286946][ 14.4847763   22.32809162  22.27660724  16.04449852   9.65843036
  -5.42684401   2.92142732  -7.96213226 -13.03868163  -7.6423468
  -4.41224669  -9.45771103  -7.95751   ][ 14.14391026  19.77067247  23.18795348  18.01393421   7.59486412
  -5.96015121   2.63103654  -4.84454382 -15.99570307 -12.12823103
  -9.63427265 -17.73592833 -15.35128569][ 13.86286775  20.19462413  27.08704186  24.55963223  11.59087943
  -6.22481222  -2.73694279 -10.22320457 -17.81074519  -7.32587061
   1.58850087 -12.92285036  -7.23186052][ 13.83894021  20.64207103  34.18378017  23.29127163   7.73449329
  -7.69527126  -5.07239388  -7.34282611 -11.06348728  -7.53614253
   1.39363816 -19.15402583 -12.09100097][ 13.83436473  21.03496906  18.56393972  12.04768702   7.31885215
   0.88824994   2.59575954  -6.98336212 -10.56956985  -8.24544151
 -11.95391534 -14.91942743  -4.84319653][ 13.88272546  21.62942064  26.498807    18.23855834   9.85925681
  -5.48475778  -3.08659279  -6.50362633  -8.90197808  -7.37883597
  -2.41436978 -10.61791866  -4.60721481][ 13.74453634  19.77643305  28.46390643  17.00732246  10.08032246
  -1.67208885  -3.16324218  -8.63156471  -6.44174164  -2.97472146
 -10.45693925 -10.8891965   -8.35902702][ 13.84852329  19.61397108  26.71626976  15.91929271  11.93399629
   0.7094203    1.67877148  -6.08893804 -10.60449003  -8.57492084
  -9.33193143 -17.58135876 -14.53246095][ 14.16299595  -0.24091688  13.43400294  27.46884513   6.48755789
  27.57511541 -12.12439875   1.45852494 -10.94833693 -13.69041792
 -16.73402904  -5.73048294 -18.95993305][ 14.47679718  -3.89190321  13.25143419  18.16683172   2.77423301
  21.01443287  -1.47197596   0.58493277 -14.52388274  -8.73877939
 -16.77988538 -13.03356631  -4.79831155][ 15.28618696   1.83504298  16.24052288  17.70485639  -5.33977444
   5.82895504 -10.40285882  -7.10844955 -17.36238086  -0.47309343
  -7.57686757  -7.17354226  -3.50028566][ 16.00806676   6.09250363  15.50521413  20.20013502  -1.59955225
   0.46060663  -8.75500165 -16.83828902 -21.36647799   9.90576819
  -5.67911627  -7.80022617  -5.46996063][ 16.24678023  10.97601786   9.84675183  16.82831261  -4.64404135
  -2.12656021 -10.19668899 -29.3972217  -24.92562153  11.80962599
  -0.53872655  -8.33669652 -11.92633266][ 16.03577478  10.7437766   10.32174292  18.41403736  -1.42740978
  -4.91541568 -12.63308002 -31.98385313 -22.47810905  12.93410119
   9.15522034  -3.91661206 -12.15324552][ 15.47626111  10.52557591  10.66165498   6.58968134   0.64008723
  -1.34411553  -8.0042085  -22.24140773 -11.28426434  12.09252514
   5.4904785   -3.09148414 -14.00426749][ 14.71630804   6.01197337  14.20399032   1.3801359    9.38001981
   1.34740364   1.84255197 -17.78954503  -7.70225969  17.01457375
   4.41097079   2.45956779 -12.11771605][ 14.28349143   1.70124626  13.90221563  -0.8860487   11.98183289
   5.25568806   1.21569805 -15.30376781  -6.28118107   8.81740768
  -0.7170132   -0.33066448  -9.8875696 ][ 13.94714839  -2.16546155  13.75253814   4.78207986  12.28196746
   4.11139723   3.78653261  -8.27229668  -5.24027072   2.81400892
  -3.63064172  -3.88088759 -14.94717101][ 13.96605467  -6.96025894  15.09044832  11.34744712  13.75510496
   1.86814048  -2.74179123  -7.46002264 -11.38459955   7.13954021
  -1.18459     -1.08184543 -16.01852617][ 14.34152834 -13.91537533  14.48871209  19.73744633  14.33166903
   1.51042602   5.87411587  -7.91581286 -19.31096253   6.80774782
  -2.27764705  -4.54835808 -10.57815796][ 14.91163612 -11.94203745  -2.2854457    4.97670451  11.61546279
   4.55612177  14.30758426   8.70976451  -6.12119714  11.91516738
  -8.97671365  -6.96279075 -17.04622216][ 14.89258422  -7.20182446  -0.9086498    7.21602858  10.8345571
   1.68955257  11.33709051   5.36478668 -10.58489763  10.78289439
  -8.06963609  -4.6796418  -10.98407054][ 15.14004429   6.16987993   1.97557499   0.56538724  -3.08180233
  -3.87520138   4.25605175  -9.7565005  -23.12226478   3.27385355
   2.78878628   5.92025653  -6.43104629][ 17.89236253  13.38332444 -12.81154848  -4.74818782 -23.72042162
 -19.39359874   7.73512841  -9.68777604 -19.67220292 -12.51921387
   2.41726754   3.63925349 -16.40962286][ 19.25518672  15.88036803 -23.03570258  -1.97635926 -24.73513874
 -21.38206732  13.93472198  -1.69938363 -14.29493867  -1.66645249
   9.70339663   3.10055719 -16.40432841][ 19.97680715  12.00082459 -25.90932438  -6.97530713 -24.27266393
 -22.95072825  18.65617667  -3.66669494 -13.32869632  -4.30692324
  10.85956383  -6.69760291 -23.40902221][ 20.49476464   9.29443825 -23.54111265 -10.63509625 -19.54173174
 -13.69876065  16.59954251  -0.20139979  -5.30482803   1.20614738
  15.82343331  -3.91674404 -20.11926501][ 20.97537298   9.08274953 -26.89128705 -17.93783838 -19.21477895
 -11.02664795   7.63975737  -2.55611545  -2.71738865  -2.90176743
   8.80428443  -3.61003317 -14.90692047][ 21.1136466   12.73673294 -27.66521281 -16.40506181 -19.07337898
  -6.80232438  14.22633822  -1.4368208    4.79858606  -3.77239876
   6.55655274  -2.10639582 -16.76071872][ 20.85003461  10.0219925  -30.81244667 -17.84701178 -24.82980451
  -9.67343042  18.27035919   3.34252744  -0.91807832  -8.23143865
   5.03664249 -12.93548237 -21.04324774][ 20.62388174  10.23317161 -27.9482364  -16.39866173 -23.33354144
 -12.38325625  21.76526661   8.09444678  -5.68434445  -6.65035394
  12.12234626 -18.78449772 -27.95294214][ 20.59436681  11.3685901  -24.65078604 -14.91343073 -20.14511974
 -13.86771028  12.62247714   6.36215222  -3.3765492   -3.13011334
  14.67091321  -9.34200254 -22.52246236][ 20.45780619  11.16347475 -27.90001537 -16.50171657 -21.29909467
 -14.8841928   22.57217877   4.69557462  -6.78198101  -8.57007531
  15.2950224  -12.57359496 -32.9273089 ][ 20.45256634  12.37629377 -28.04109671 -15.92376492 -20.25597742
  -9.82349018  25.39960495   7.59516256  -8.44664398  -7.36377262
  17.22217071 -12.63372609 -32.06722027][ 20.44479732  12.99979721 -30.85490431 -19.61297085 -26.75432666
 -14.02759904  25.07873089   1.40105369 -16.58859461 -18.29865536
  14.53142469 -17.08696133 -31.97603902][ 20.56288457   7.91913989 -28.68011631 -24.67965766 -26.21615194
 -17.28136475  23.4724642    0.29678227 -20.50970624 -19.98741986
   4.61436253 -15.7575252  -28.03938084][ 20.7944829   12.44631674 -26.21317094 -18.42498201 -17.16343861
  -6.52943984  36.13850813   4.21923971  -8.50501226 -14.60937717
  11.06961172  -9.25563767 -16.96336183][ 20.99418889  11.09518666 -25.6757693  -18.73619106 -17.8744484
  -2.29165086  36.13214267  10.09663549  -7.85050789 -15.27671697
  11.36319568  -2.57743238 -16.00802809][ 20.97851403   7.8437868  -35.60051116 -25.47286084 -25.99814594
  -8.17997649  34.29916131  -0.37173701 -10.06328282 -28.1625649
   3.3343898  -15.06719446 -23.57691055][ 21.0686129    9.18610884 -26.40074887 -21.39589768 -18.41282735
   0.7526009   33.73096976   4.57176554  -6.15725137 -10.6821863
  10.60518267  -4.62663757  -5.46884388][ 20.77839173   6.70005067 -29.5041227  -26.53231839 -19.47303831
   2.22258668  36.73463204   3.8772421  -10.81218863 -12.56059345
   7.12123556  -7.89286304  -6.09083488][ 20.42076578   8.09930325 -27.61458291 -26.42084164 -19.76546648
   0.36255756  37.65021318   1.72600171 -13.0559002  -12.00845242
   8.88529562 -12.2770936   -7.60940115][ 20.09310409  14.0524591  -28.34515298 -20.90046345 -14.89336588
  -3.18488371  37.6471716    0.66283085  -9.39054865  -1.95607589
  14.98284901  -1.96756906  -2.41316004][ 19.38159109  10.23830997 -26.59288132 -18.84095529 -14.35353605
  -0.42896834  28.31014843  -3.47680551  -7.19209604  -2.74336639
   4.22458272  -7.50044413  -7.16057136][ 1.91648094e+01  1.43484529e+01 -3.70899189e+01 -1.38262097e+01
 -3.02659829e+01 -8.70125611e+00  4.23135526e+01 -1.67187446e+01
 -8.99120465e+00 -5.12316281e-01 -1.38031480e+01 -7.09545050e-03
 -2.23165778e+01][ 18.88898781  15.62507907 -33.9879799   -6.75592302 -30.07961204
  -6.64780279  46.93563461 -17.38898335  -0.588039     6.91564317
 -12.51502631   0.18519881 -16.8544194 ][ 18.36914806   6.22450121 -24.26702598 -10.78139787 -31.34896441
   6.56597528  32.82153622 -16.97064644  -9.21552933   0.54191726
 -13.18128362  -4.56812573 -16.50289019][ 17.66816606  20.73467615 -33.15377995   1.47143626 -25.93436472
   9.28146409  45.51727738 -22.21371482   6.77885173   8.08253254
  -0.11805001   3.41053134 -13.40423191][ 17.02873558  18.41798148 -26.24784236  -3.12645704 -23.84695491
  13.51674966  41.02433921 -20.19208676   7.0019478    5.18889946
   0.90348966   0.89718455 -19.45914074][ 16.27281184  15.22757731 -17.4687213   -3.44203048 -15.04755511
  18.02669207  31.52808122 -21.55048565  -6.53881454   2.85037221
  -7.21819552   0.16858486 -17.35003874][ 15.63504794  20.65060646 -15.59024048  -0.95195323 -13.47236931
  18.81752186  28.16916403 -26.24535985  -3.57049348  -6.04728466
  -9.75029008  -3.49279276 -17.24960577][ 14.87059796  18.91369395 -13.24054099   0.9945765  -11.88034139
  22.2812431   37.88061308 -20.0129663  -12.16214711  -8.51780582
 -11.26655151  -9.16130307 -15.37099704][ 14.36288489  18.44911718 -11.2824772   -2.98848435  -8.12486915
  23.46077404  44.77536529 -12.4731701   -8.68049623   3.03385441
 -11.52168153  -6.05003674 -11.89072745][ 13.12681361  13.62695916  -9.32694002   2.42461856 -11.62480539
  19.29969411  45.46641669  -6.88712476  -3.46546714  -1.78023861
  -8.15760033   3.88741416  -4.59788849][ 12.46920122  10.83612146 -11.41069829  -9.14049026  -7.10308063
  17.43810998  31.86044059  -9.81188908  -4.56666745  -0.85162775
   0.90814248  -6.68845412 -13.01538222]