[ 15.66791477  -2.17918909  10.20145797  -1.81422835 -19.72453156
  17.66670564  25.65554366   8.2906294  -17.51586762  -5.4668227
   0.95439729 -11.91415138  -0.61002435][ 18.49686977  13.37661173   4.16384531 -17.95357267 -42.87784007
   6.11880352  21.0073957   -2.17454182  -4.63973035   4.69876606
   2.25624009  -5.056242   -15.29729476][ 19.09618923  17.73824191  -1.49476953 -11.89517092 -43.61877224
   1.52345055  26.0940656   -5.89496726 -10.41526667  10.25303997
  -9.05772105   4.5982025  -19.62067884][ 19.78366236  15.19926021  -6.64529737 -17.2810602  -49.67565515
  -5.85878991  14.52091159 -12.95272265 -19.74113924   1.25979371
 -13.1760744    2.13831818 -25.73255801][ 19.83716498  15.48946217  -2.21921657  -7.92787015 -42.1587355
   1.91812143  22.31550312  -2.31607914 -15.79080717   6.99850495
  -6.41152795   9.17532745 -14.03150213][ 20.37003348  13.86363339  -3.7298704  -15.59921999 -49.47032228
  -4.20847364  15.05440956 -14.12908107 -20.34753395   5.27857625
 -18.04092563   7.66682076 -22.39657295][ 20.56730055  15.31270685  -1.26077812 -11.94830733 -40.27254478
   1.34226071  17.88315843  -4.09976214 -10.21901239  11.16530471
 -13.22741614  14.47688676 -15.2672124 ][ 20.94761536  15.97805312  -3.83261659 -14.88511277 -39.69021934
  -8.24352643  19.07455625  -3.46616229 -12.29607516  10.65340265
 -12.55198007  17.05267226 -22.68316008][ 21.07902386  15.92111643  -6.23716074 -13.99165974 -33.56640918
  -7.34993795   8.61559758  -4.1945535  -13.62190715  -0.09091739
 -10.22027118   6.56263129 -21.02590513][ 21.29551272  15.84117281  -9.50570488 -14.92772871 -40.11070815
 -13.26976397  17.56084205  -2.43708541 -13.75784895   4.21488165
  -2.89667128  12.48960957 -24.07529444][ 21.28726586  11.80369932  -5.92747456 -17.51618892 -37.323418
  -4.89811099   6.35659956  -4.79744374 -15.5446861    4.96335228
  -3.81507135   5.17464875 -23.22521475][ 21.25154072  13.25174571  -6.82746083 -15.98283465 -40.20192169
 -12.24583858  10.64466332  -2.79187672 -16.64704927  15.19321509
 -14.30987411  23.3026954  -36.074488  ][ 20.96308299  13.49220085  -7.15449714 -12.92193654 -28.43571304
  -6.71441684   0.99663316  -8.0336446  -11.29205491  13.04392875
 -11.89098546  16.72500101 -32.21683604][ 20.74381689  13.384664   -11.32955595 -10.32081389 -27.49915404
  -9.95623766  -2.55975766 -14.43201388  -7.76712493  17.12181584
 -12.21880058  17.44685542 -34.41354692][ 20.3120936   12.86143144 -11.17773085   1.41402123 -22.47567183
  -7.441857   -10.25886016 -22.07907643   6.44265101  12.98245846
 -20.86332668  21.09998338 -26.4530301 ][ 20.08997315  11.07427946 -10.49382128   4.53215218 -18.32000298
  -8.99232769 -20.66424577 -29.89862105  11.3267995   17.99220289
 -26.47401384  20.37285596 -26.1896803 ][ 19.30296903  11.26531904  -6.79425611   4.20255839 -10.32638618
  -9.40895518 -28.66204296 -26.37187367  12.12319383  10.20060514
 -30.47424775  10.56597007 -15.11899861][ 18.3193517    8.7934479   -1.55560272   8.16152854   2.35348838
 -13.28852455 -30.64948356 -11.114906     6.05087721  13.76954981
 -28.67613873  13.33858155 -10.27354174][ 18.39899922  -2.29917346  -1.79583018  19.94129641  13.18159517
 -10.68560647 -29.10894125  15.11613108  -4.74405417   9.17530425
  -8.37638087  18.6948232   -9.37865172][ 19.34116776 -16.73167889  -5.34123107  28.88137441   6.70536698
 -19.37809036 -16.12492517  23.94227512 -10.64313381   2.13568529
   1.09456144  10.9612633  -20.92860585][ 20.04172148 -25.07926805 -10.62868957  26.64297404   2.32073174
 -21.77954565 -18.28179584  23.87280137 -13.08547038   5.83634859
   0.84625733  13.02538822 -13.74730993][ 20.25729213 -31.24806945 -12.67022597  19.65099289  -6.26744714
 -28.68527969 -13.71851395  26.18677431 -11.68714074  13.02308173
   0.95717692  13.32036078  -8.45107323][ 20.4849797  -34.74483061 -10.95482173  21.58513314 -11.94287687
 -30.35218242 -15.46693651  25.44792473 -13.04399251  19.54026042
  -0.37939644   4.56380992  -8.95695238][ 20.66510093 -33.48343022  -8.93520849  22.72223753 -10.58813295
 -18.45607616  -3.14259036  25.34832163 -26.03792123  13.19637173
  -2.44329442   4.32697883 -12.88477309][ 20.75358375 -40.62903094 -10.42934039  23.83881405 -13.62538758
 -24.79868101 -13.1962758   16.24401487 -26.4091435   13.57948195
  -2.56632504  -3.61096014  -9.9508967 ][ 20.85457347 -37.1824756   -8.2120786   25.91921753  -6.478209
 -14.51631903  -6.73246478  16.73901846 -30.32916838  14.19461598
   3.93537989   1.7198512   -7.12492031][ 21.05654047 -37.83169406  -5.56220699  26.73048557  -6.36931714
 -11.03210329   1.49025663  25.43411163 -30.74721412  15.25693426
  -5.85535261   1.44064268 -12.07843511][ 21.14786127 -41.00581556  -3.83406675  27.40123499 -10.4102163
 -15.56810577   1.92321955  19.30480819 -27.06771192  17.51567368
  -3.70043233   2.40839863  -1.69608975][ 21.1206797  -34.76675333  -4.78119027  22.16951993 -11.4423605
  -9.93655594   4.512388    15.16551915 -24.14857145  17.77277654
  -7.97223757   2.49886666  -5.77614082][ 21.06380111 -43.74543588  -8.37952853  22.34835768  -8.81752416
 -11.86338117  11.24871284  18.15800136 -14.06258472  20.76835522
  -7.02036699  -6.15011527 -10.42822714][ 21.14442616 -42.03889801  -7.50677673  23.40137587 -10.2551805
 -14.0716385    5.36711352   9.74575518 -24.67821972  17.42200993
  -5.87098378  -1.52937461  -5.29857772][ 20.76420755 -42.76452309  -6.21128757  23.80039418 -15.02550526
 -13.95091802   5.79007334   7.76594198 -19.41333535  10.21915371
  -8.36082493   1.79971764  -7.58691435][ 20.52193292 -40.35052766  -7.1252654   24.84731767 -17.4889629
 -13.5541437   10.07146121   5.18402275 -17.52476413  11.41315485
  -4.6190362    8.47312608  -5.66074437][ 19.92197467 -40.60674449  -5.64840888  32.29106988 -14.11353303
 -18.35553195   8.64139351   6.36949426 -19.8466321    8.93111993
  -6.1782144   -0.974502    -4.8185668 ][ 19.20404604 -18.62292437   5.04969138  35.03919548  -9.56852556
 -17.96054972   0.96673203  -2.65161894 -25.96542711   2.44725106
 -11.58614625  -8.03681789 -12.14372225][ 18.78108075  -4.44053378   3.75945312  32.32686427  -5.44702404
 -31.34932818 -31.70503088 -15.77216506 -10.92671228   5.4854403
 -26.74952517  -2.1838204    0.3696883 ][ 19.50600799  -0.63802607  -0.05496021  32.19741166 -11.69335802
 -36.99276209 -34.27450019 -18.08839768   1.23560123   1.60497917
 -30.7404451   11.58185349   2.58858713][ 20.50396645   2.70854024  -7.06214364  27.77979437 -16.07797082
 -28.17638797 -27.09452926 -20.13006197   1.67283352   4.93527718
 -27.36152773  19.37772886  -4.88525603][ 20.82132058   1.00651194  -7.93299706  25.94161242 -22.62968216
 -39.88683029 -38.96814098 -24.08416795   1.76461705  -0.59017442
 -34.43418333  20.8261568   -5.51293822][ 20.87713385   5.50819444  -5.01924733  25.45637088 -12.91909724
 -35.96422646 -29.9876312  -12.89896877   9.67789725  11.73942922
 -25.43813981  23.52138836  -1.94793839][ 20.95941854   5.69454481  -7.3512767   19.11180926 -10.94140852
 -37.32568363 -33.38834373 -11.13677614   9.28709988  18.26209022
 -27.50573384  27.88863226  -3.53535555][ 20.74192363   5.48542696  -9.83136707  16.47188012  -9.7102231
 -33.29001796 -28.74134412  -7.23422589  10.46668996  18.42574901
 -28.71129518  24.432702    -3.60929867][ 20.76531303   5.77372666 -16.32018485  16.64631196  -9.6916688
 -38.16258251 -26.54593252 -15.10875118   9.95925265  17.17777738
 -32.7455297   19.46624116 -11.84760854][ 20.36823938   8.9226424  -19.43036738  19.01461933 -10.69195088
 -38.60813772 -18.67444523 -16.15764007  16.55194721  12.89029556
 -35.46321695  16.57801112 -15.01953511][ 20.39895555   8.06921602 -19.08968373  16.87517707 -16.36330268
 -30.94787133 -22.42796988 -12.1974334   13.96219109  10.10019971
 -33.8148129    7.09410678 -15.4551474 ][ 20.33789131   7.06820727 -16.77357101  16.31366591 -17.229846
 -29.12753033 -23.7534211  -10.61772001  24.5689017    3.81559767
 -35.19009709   5.82410434 -12.38705815][ 20.2025418   11.37415707 -22.5016464   16.7011542  -18.220694
 -27.26483807 -19.21932871 -15.5545419   17.918289     1.83274939
 -38.10761898   5.88698444 -14.45223751][ 19.80477842  14.50531572 -19.56740911  23.43538458  -9.1688595
 -27.41932008 -15.52564501 -18.30937651  27.54620184   9.8010975
 -32.7144959    6.22376705 -12.34689232][ 18.5465799   16.45733208 -20.17448468  17.15911382 -11.6064522
 -22.61420819 -29.17296282 -29.16600478  13.92065527  -5.84889974
 -32.71212304  -9.5338401  -12.15949405][ 17.67586793  17.85895187  -3.42139696  21.83025067   0.35805483
 -16.28185902 -18.76560663 -31.73750552   0.34359555 -14.42433068
 -16.86373262  14.32425934 -29.44640046][ 17.67143198  17.52680275  -7.7123414   18.46782767   2.43757566
 -17.71804664 -15.59416878 -28.4017361   -1.20519965 -19.77397113
 -19.55533254   8.02858193 -36.99179985][ 17.67487279  16.02337794  -9.00717158  17.9808821   10.0885838
 -19.37869913 -21.89981951 -38.18373515 -12.1759569  -15.13200682
  -9.45429351  -0.47062348 -30.61452353][ 17.55852593  17.7745807   -6.91081443  14.13036437  16.95956534
 -14.88818153 -19.77426362 -28.59085552  -5.11609899  -5.63047294
  -4.67240137   3.83936263 -34.00563896][ 17.55172468  16.82138185  -6.47549032  13.01176445  20.89890371
 -12.28531615 -22.87741618 -38.48712472 -15.74105796  -2.24604036
  -7.29028976  13.79660558 -33.04588603][ 17.42461446  13.74935133  -5.1391061   14.43034391  11.88522194
  -6.2876687  -17.08462091 -35.67624252  -6.25082823  -1.24128016
 -12.18476533  12.37608068 -34.24243648][ 17.3126085   13.48648567  -2.32015791  23.75034316   4.0077852
  -1.0101761  -15.28042073 -58.09191799  -8.39619742   0.671974
  -6.94407425  20.72793906 -36.11481917][ 17.10179856  16.35764255  -0.27868554  22.43935432  -4.26084048
   2.00412038   2.02343419 -50.22931396  -0.65973717   3.73270601
  -9.68345213  24.97061186 -28.34408363][ 16.78564885  14.18442647   2.90681047  21.83612835  -1.39587952
   2.82431435 -14.46666412 -70.58031831  -4.04849604   3.7195128
 -13.17816411  21.99877953 -30.09238289][ 16.43372134  13.55326396   4.36741161  12.05962578  -3.22963387
   5.18441155 -12.10518548 -46.37903057  -2.6725338   -3.66186447
 -12.08226446   7.65607672 -21.73435852][ 16.32911915  15.83237065   6.62480959  11.65685788   0.5642753
   1.85287812 -13.60924593 -51.20169972  -1.93992335   1.52625082
 -16.1286721    3.89075332 -24.82387624][ 15.89578517  12.79647638  11.77194344  18.04238564   0.94551023
  -0.88433105 -10.26675511 -48.89606254  -8.61366642  -3.9187154
 -18.04942855   2.68926542 -25.19903658][ 15.61503422  12.6419274    7.84381786  13.70564222  -0.34788741
  -4.45178533  -8.96286863 -39.56765776 -13.50386575  -5.17430322
 -16.69571102   4.73942384 -19.97354259][ 14.96451751  10.53466654   8.43659955  22.82232946  16.087982
   2.53077874  -6.38740934 -36.9342478  -17.92134923   4.38547329
  -0.87982537   8.03355313 -19.37690841][ 14.66221811  11.8084292   10.34315793  18.16186808  19.37792762
   4.61463771  -3.01695769 -21.71535882 -12.30567612   3.65861033
   2.53370105   4.2711382  -14.90597414][ 14.23917893  10.39824103  15.88425837  18.50390568  13.61262858
   5.59196703   2.12652827 -13.48857635  -9.59342437  -3.56427458
  -0.34371331   2.02290536 -14.12312584]