[ 14.21797163 -18.59730099   0.47817906  25.76157233 -10.45742647
   2.30666888  10.75228326  10.44211988   3.24104792   8.66365154
   7.39102018   2.47555943  -0.3751661 ][ 15.53757563 -27.74546325   3.51560532  27.23015602 -20.36297038
   0.36819046  14.59570564   9.43251995  -8.49585408  19.33856579
  -8.97954818   9.80123312  -1.45520465][ 16.38958715 -28.91727344   2.27802109  19.88301869 -17.40775272
   4.07934404  17.68818643   5.35559826  -3.80580947  18.49134253
  -9.8006045    7.35569305  -1.64472957][ 1.76509398e+01 -3.84474666e+01  5.99198037e-01  2.99985224e+01
 -1.79937458e+01 -6.05500554e+00  1.39082082e+01  8.92191431e+00
  9.01377668e-01  1.80449141e+01 -1.43277119e+01 -3.10141615e-02
 -8.92923792e+00][ 18.6935215  -39.38068019   1.90323495  27.10032519 -21.13462908
 -10.65033378  14.08597979  -0.10627178  -6.58169758  11.28564047
 -11.87306508   2.65524376  -6.52528398][ 19.28438165 -32.44127786  -1.82835471  20.39528756 -17.99848659
  -4.10779472  12.16023251  -5.16693524  -6.17774449  10.4642626
  -9.24310637   2.71696365  -5.89309086][ 19.94028026 -37.39403338  -1.14034329  23.28351068 -17.97253998
  -3.3899295   14.68063575  -5.38825463  -8.33124607  15.34157934
 -11.46245992   5.76422921  -2.81719796][ 2.03082144e+01 -3.76030161e+01  2.93260637e-02  2.35816909e+01
 -1.98491529e+01 -1.60216294e+00  1.62644860e+01 -3.80250857e+00
 -9.88947536e+00  1.45614146e+01 -1.19258818e+01  1.05332574e+01
 -3.96138868e+00][ 20.67665759 -38.69630823   1.80112604  24.77220379 -23.48217347
   0.79672539   9.85892907  -3.80989013  -8.95160973  16.23584316
 -13.37494993  10.60853957  -5.78821748][ 20.92318699 -36.32373579   2.96634536  21.59684793 -24.16267433
   1.40758362  11.8103956   -2.82313859 -11.68518057  14.71764646
 -13.34094524   7.62006838 -10.83673081][ 21.19332064 -48.28850907   1.81212422  26.41854945 -26.8239678
   0.62794815   9.35239659  -0.09609268 -15.53087427  12.37407547
 -10.03464671   9.59819187 -11.58150662][ 21.29273689 -43.03710175   1.61896242  23.84248306 -26.81486342
   3.18807529   7.25359291  -1.4033775  -15.50434571   6.51211902
 -12.02300911   9.3716648  -11.87488185][ 21.43511205 -52.02148358  -1.15694822  25.27369553 -26.60956143
   5.81272834   5.08363033  -1.18260854  -5.20548557   8.88005618
 -12.26720917   6.67370052  -9.16789471][ 2.15569747e+01 -4.53260213e+01 -2.16344543e-02  2.31573017e+01
 -2.56264461e+01  1.00595074e+01  9.36113576e+00 -3.38953168e+00
 -6.39518795e+00  1.14814867e+01 -9.55561031e+00  4.93285148e+00
 -1.25835949e+01][ 21.42027972 -46.29752148  -0.5439415   24.17484566 -27.15488744
   6.08660823   8.34489666  -4.37308699 -10.00511776  12.71783295
  -8.01916828   7.53236812 -11.19610934][ 20.73785228 -41.05391654  -0.7910327   21.32051934 -24.53178756
   8.53148935   6.9167674   -3.14427232  -9.8128173    9.48073424
  -8.87978385   0.68395628  -6.72722267][ 19.61106094 -33.4501968    8.84511509  31.50557311 -13.68351112
  -2.39875751   3.53371295   0.18557872 -18.64887064   5.96557595
 -12.93408143   3.69328239  -8.17981447][ 19.15399727 -14.73169348   4.68045197  24.8481834  -15.51987062
 -18.17482974 -15.87152551 -15.19799984 -22.90209529   2.26653039
 -28.36131483   6.8628568  -11.3640041 ][ 19.48815461  -9.25295748   0.5992452   36.52848386 -15.0265238
 -29.80041956 -23.89187731 -19.44392401 -16.7275665   -0.88410916
 -33.57272587  20.16889777 -10.81571842][ 20.87740308  -5.18261137 -13.47660352  39.27052551 -17.55225114
 -28.65222277 -24.04034638 -14.82404984 -11.49269072   0.74887137
 -35.80941533  27.55339402 -14.51293157][ 21.39654034  -4.02054896 -11.87322091  47.16888664 -18.02951494
 -35.98163254 -26.6720596   -6.93419416  -3.13807025   7.67357666
 -29.92204661  40.40462484  -4.83656666][ 21.81311185  -3.01666334 -18.77240214  37.99191591 -23.97738097
 -34.82057977 -27.97408264 -12.24058955  -7.41743555   2.25745346
 -33.67430364  34.55639748 -12.0777509 ][ 21.78114759  -2.26199382 -12.39659954  37.79191441 -18.9791466
 -34.34064431 -21.7695914   -8.72200124   8.98764592   0.57486149
 -18.82709105  41.12697253  -4.00688911][ 21.96190896  -0.95095629 -15.67145485  34.70101443 -24.0119466
 -41.40154234 -20.39857473  -8.54861205   9.92453987   4.58787686
 -17.04674992  43.99280896  -6.81728045][ 21.96444798  -0.43578395 -12.70661753  34.27926646 -22.67704889
 -38.56502952 -23.52521244  -8.94949268   9.57307048   4.71290959
 -16.96119201  30.2701951   -8.22653573][ 21.99341935  -2.24151556 -16.57935495  25.71373904 -30.23168986
 -50.4409911  -29.65677549 -10.97773637   6.56585682  12.48418216
 -24.82881199  34.29370427 -15.70671576][ 21.91157914   0.58217598 -14.93201432  23.36163527 -23.00864757
 -39.06166447 -24.71085754  -5.53435129   7.16446743  16.79038976
 -19.96735934  29.80666541  -9.33907681][ 21.88130828  -0.69470167 -17.45764019  20.83608841 -22.7267047
 -44.34797418 -24.95156174  -6.5738174    8.09541957  24.42353281
 -20.57287838  33.35046049  -9.41142177][ 21.82797661  -1.85443005 -16.20011344  21.55653769 -20.12359663
 -43.47775218 -20.70770793  -6.39822067  12.49420545  23.16029408
 -17.71627226  27.8708055   -5.27953691][ 21.80307927  -2.80676267 -17.36725907  17.74428568 -19.5849544
 -36.10619837 -22.97827658 -12.20329311   7.23447382  18.86810007
 -17.30316552  18.81906458 -10.02951858][ 21.90404983  -4.73907479 -12.60599952  23.42228    -16.06220696
 -46.10495308 -25.9298332  -13.42635627  14.8945938   22.74307791
 -18.53513713  23.65294322  -3.10897932][ 21.70486881  -3.71278098  -9.26994704  24.08903432 -14.61111787
 -41.30286805 -28.162747   -14.45666398  15.10794574  20.31626259
 -20.66843964  17.03724343  -7.20964894][ 21.5427746   -5.60096399 -12.16027007  18.68155312 -16.37365706
 -48.35389799 -29.95092707 -26.98466643   5.18789783  16.04346562
 -29.12536403  17.40962449  -5.58051947][ 20.82140938  -2.9701885   -9.58327039  18.04548227 -13.08002812
 -28.69006347 -25.41424    -22.53134092   5.27725426  18.08456408
 -18.0583974   13.05522769  -2.21545063][ 19.62354626  -4.61770137  -8.32395203  21.2266611  -10.26446393
 -36.62546248 -25.39915067 -30.09624635   0.73674371  12.50508242
 -28.03065428  11.33953034  -4.58806687][ 16.66010981   5.45401229  -0.20661401  17.57591041 -13.56459344
 -19.34127452 -25.3893506  -13.59471356   1.21400071  25.9811667
 -16.22308137   2.82233688  -9.51345738][ 15.87513893  12.11745324  -0.37452643  20.76164544  -5.37987701
 -27.62255051 -28.38728531  -7.54989477  13.04667291  21.45197082
 -13.86757696   4.2494156   -7.86264228][ 15.52111847   1.13392475  13.05009267  12.31680428   6.39297917
 -24.23122441 -34.26745769  -7.60646306   5.33669582  21.64336016
 -13.58368222  -3.4381421  -11.12348282][ 15.24725127   1.03460046  16.75757931  11.30055189   5.51219713
 -13.44953783 -19.30776266   2.41053295   3.78575168  11.48438311
 -22.50054205  -4.50331431  -5.10770373][ 15.42656308  -4.11332361  16.49091189  14.34383832   4.73833762
  -3.97340125 -30.67941631 -11.79616403  -0.78702141   2.01896234
 -26.07600082  -8.04231453  -7.32698599][ 16.44579639   1.03542999   4.15677283  17.10080535   3.40906975
  -4.82848538 -24.66135823 -10.00697659  -8.9140129   12.53970758
  -8.85974335   1.76011667   5.7864715 ][ 17.92319616   4.72592159   1.61606089  16.64929644  -2.37431717
 -14.9331789  -28.23015289 -17.01047757 -10.41974221  25.33360481
 -17.14717409   2.42679843   7.32553277][ 19.94196436   1.25224701  -8.91166482  14.52545675  -7.18687168
 -35.89867346 -22.5289128  -17.98654084 -10.00018399  29.68100142
 -31.25650048  11.96048239   2.01920526][ 20.70377166  -2.88605479  -9.14003295  14.86190844 -12.90722807
 -42.19855853 -28.24909876 -20.38243889  -7.17131147  29.14838331
 -32.1570784   10.99701858   0.23697785][ 21.35700307  -6.64729118 -11.24987582  14.67366255 -15.58081398
 -42.82440792 -25.22768493 -19.2906091   -6.23805456  21.86886342
 -29.09518978   6.6978435   -2.50656868][ 21.52146824  -7.02957566 -10.24833987  17.79510222 -12.5740953
 -37.2889666  -15.33883338 -12.30115589   4.78931771  25.6648757
 -26.05807308   9.93823594  -1.72107706][ 21.70593831  -8.70944467 -12.29481071  15.37120816 -14.16507691
 -35.83728493 -12.00324632 -11.1706708    3.84108332  15.33014677
 -28.83820977   5.44326016  -7.59180171][ 21.92197464  -9.82944276 -13.75697749  13.52083212 -15.54712561
 -36.18680379  -9.65682154 -11.84804772   9.76643017  21.96265989
 -31.53334453   5.72399096  -8.39756417][ 21.69290321  -9.4670278  -12.98181601  13.53536408 -14.87279813
 -33.57094858  -9.49843318 -11.58589531  13.13305489  18.56114766
 -31.31247641   1.94395813 -10.63954595][ 21.74257687 -10.12825393 -16.65105406   8.29342683 -18.47514388
 -39.93636793 -13.02456519 -17.90530134   8.3118123   16.69942044
 -37.7098366   -1.33206448 -15.99771535][ 21.32478636  -7.07559784 -13.28663831  13.46934294 -14.37430285
 -31.43127046  -9.29011106 -11.21025509  18.36437399  17.80120859
 -31.49122      1.08915641  -9.51744057][ 21.18400723  -5.63624672 -15.70114812  12.94225658 -11.70520908
 -34.02467867 -10.78323194 -15.50264383  13.18188756  21.74726568
 -38.48546908  -0.6659184  -10.97657998][ 20.61127662  -4.35844115 -15.2835445   20.57620602 -12.75081037
 -25.77870104 -22.11854989 -11.88121573  13.58100773  17.86700939
 -35.94642786  -7.46840809  -9.88948527][ 19.40088697   2.5518932  -16.42920293  19.94847073  -4.12499354
 -27.00283291 -20.2791763  -16.67511781   3.89977015  23.48145718
 -37.21786011  -2.99318238 -11.21401353][ 17.70678546   5.46672973  -7.56739947  19.72833519  -8.61212435
  -7.32134991 -19.97487437 -24.5192696   -0.46629808   4.72028864
 -12.10478518 -16.72486847 -10.63365738][ 16.63164318  13.63014967  -4.35711741  29.73698766  10.02300515
 -18.61258405  -6.52228013 -26.77157988  -3.09474343  -0.12726062
 -21.92359488  -3.53854503 -25.52750289][ 16.65973693  13.00324087  -5.882351    27.73299869   9.15314146
 -24.16632966  -9.41981634 -32.85022182  -6.0113012   -4.51614883
 -22.78893413  -6.54660805 -30.47161681][ 16.48368405  14.04126764  -5.73832954  30.91921947  13.39579355
 -14.10429201 -10.92217593 -32.89371996  -5.3008349   -1.61819778
 -15.37121134  -4.25512352 -29.42466455][ 16.45846581  12.44976315  -3.36300599  32.13428472   9.30493969
  -7.7319885  -21.46367675 -36.47173815  -8.43553108  -3.6122347
  -6.95916594  -3.68659697 -30.53320596][ 16.29233539  12.13713218  -2.23765751  26.189191     1.41655012
  -2.09478888 -17.03691932 -35.5672194   -3.97656229  -8.03240376
  -8.8353435   -1.9368291  -31.90607938][ 16.70483921  10.90860754  -7.92596925  37.94100272   4.10546247
  -3.08883665 -22.5216386  -47.45572153  -3.96539087   1.67047057
   0.41226783   3.14471345 -36.51858601][ 16.66562411   9.30953753 -10.79686542  27.45661975   2.39258912
  -4.81666625 -16.60973635 -39.01548619  -5.87860908   0.63211407
 -11.39090214   0.49272591 -33.91291583][ 16.67615791  11.75144147 -10.80994063  32.3583212    9.99791093
  -7.78621727 -17.90385597 -47.51191047  -6.92481856   4.7039563
 -10.52321025   8.04347097 -39.28853514][ 16.19501955  11.31185711  -6.47392573  17.16939649   1.12886395
   2.21126419  -9.34619333 -39.059802    -7.68290462  -7.13673366
 -12.43048279  -3.68617129 -32.53407154][ 15.97799911  14.28174493  -0.55600997  25.90448916  11.88207441
  -3.54757616 -17.56592951 -45.16700578  -8.80012159   4.25887674
 -14.23247751   2.08886894 -36.89543809][ 15.5445868   14.68698786   3.23852417  16.67874092   1.10535059
  -2.46173608  -6.86265031 -38.97060984  -7.74382452  -3.25052345
 -14.10748022  -2.75244208 -28.15623495][ 15.28959057  16.95295565   9.92742311  17.28018604   5.41479431
 -10.24786062 -13.37899382 -35.69338631 -11.38433479  -5.61684217
  -8.73664322  -2.02568064 -30.78085191][ 14.84892174  16.56390205  12.16530166  18.55289212   7.65283452
  -8.39346728  -9.10886265 -23.28877226  -4.26322478  -5.60276268
  -4.28581795  -5.56694153 -26.85869355][ 14.28848861  11.45663501  13.73912824  23.49964316  16.94337139
  -6.80902912 -21.98163163 -32.83899637  -9.58277314  -3.91775043
  -3.8307506   -9.35881906 -29.19279804][ 13.7999026   12.88615777  13.2892448   10.30380242   8.49177243
  -1.59393474  -8.55822965 -18.52648869  -8.78928467  -4.58090876
  -6.29617097 -14.13213716 -17.6268883 ][ 13.00266656   7.78366918  19.54865876  13.77694219  16.08742197
   4.675921   -12.94310185 -22.50371012 -15.707034    -0.8466458
  -4.56831477 -21.89342445 -21.67059647]