[  9.74323506 -12.96965375   9.17802422   2.58719976  -2.34678036
 -15.55119741  -7.95268009   0.21258752   1.89215204   0.64256052
  -0.59401497  -2.81905887  -4.25296287][  9.75262268 -14.59835583   5.65580387   1.72813561  -6.03734654
 -13.24948168  -7.89999172  -3.56137836   1.38131832  -3.45505412
  -2.26513152   1.80393935   0.47469059][  9.79769393 -14.97957374   4.11923099   0.09325458  -6.43716702
 -12.24892309 -11.18251452  -8.0838916    5.0430061    2.34261933
  -2.00793065   1.99563576  -0.98708513][  9.80107707 -12.77866159   5.18110804   1.06750167  -4.22460145
  -7.25773238  -8.01082093  -7.42198877   4.10147522   2.58533118
  -0.12358977   0.25487233  -9.45626242][ 11.30132273   2.78932419  21.59195008  14.74029885   6.0264501
   3.03646898   0.24422634 -10.67137222  -3.85195244  -8.52218108
 -11.785385    -3.16509722 -13.73761773][ 12.8563584    7.01882852  19.95503462  23.42165242  10.52607742
   3.18685332  10.48090681  -4.23182745  -3.66863064  -1.36285305
  -0.87247045  -1.65350252 -14.24000912][ 13.81306425  14.22269615  18.23133046  23.1338974    4.45978088
 -10.0639264    5.26020088 -11.64022025 -14.36622488  -2.36178819
  -6.11944349 -10.79167799  -4.28876638][ 14.3204152   13.57203846  21.23338984  31.18704441   6.73700673
  -7.6654446    2.40822537 -15.39972199 -27.72923881  -8.73648218
  -3.96543169  -8.59502887  -3.87190247][ 14.30924605  14.86266013  21.38800276  26.22364039   6.06134766
  -5.72672455   6.41914986 -11.36045922 -28.51949069  -4.87554379
   1.33136003 -10.20092646  -7.39998334][ 14.14699285  14.87910159  25.00922159  23.66520995  15.49750228
  -1.53499414   4.64878241 -10.17956918 -29.04856792  -3.75180334
  10.35673587 -10.61602438 -13.4767818 ][ 13.91823001  15.7634732   22.79864047  16.83963128  20.94012542
   3.36422424   4.94267197  -9.66858236 -22.28578169  -4.15923335
  -0.55276459  -8.12307095 -11.32363353][13.73401191 15.13315058 26.73872165 18.93540704 21.30265007 -2.49262716
 -1.11426156 -6.68053995 -8.9229013   3.29168675 -4.67761761 -7.47815126
 -5.70059775][ 13.61744953  14.26765577  30.29865207  20.21874134  15.13043203
   3.74522585   0.31144915  -7.75697264  -2.39541951   1.22018122
  -5.14856352 -12.67354553  -7.64752053][ 15.28427897 -12.71415572  17.1259639   20.9362247   10.55493068
  12.84581814  -9.50693693   8.60959037  -6.15740885  -5.63824402
  -5.2838807   -3.02716603  -7.09926398][ 16.3957737   -9.54599934  20.37246752  15.75388512   4.130593
  14.50436612 -15.20701316  15.42935889  -2.22588385   1.21234947
  -7.11264348 -11.95577741  -0.27862676][ 17.09210756  -4.87997202  17.99999517  17.24353728   5.0737709
   6.83064071 -30.18871061  -9.03412114 -14.53915627   7.72562514
  -9.68332196 -18.52621749  -3.65423646][ 17.84358642  -1.29518997  10.4604285   18.39130758   1.65888752
  -2.85146351 -33.68933155 -14.37053205 -17.114674     3.39412698
 -16.13559463  -4.13008358   5.4727333 ][ 18.41168351  -1.14802969   5.48969086  16.84747388   2.70892063
 -13.51826025 -35.72629951 -24.34675576 -18.01420669  12.84311669
 -19.56889178  -7.66531519   1.39022895][ 18.82820253  -1.04122747  -1.02618741  13.71136865  -0.24919097
 -24.27587008 -39.46286481 -27.72152024 -24.68275395  16.16740289
 -20.11342939 -11.67096743  -3.1045977 ][ 18.76547319   2.19761731  -0.1799052   19.33091035   6.21203494
 -20.72108457 -37.97447285 -22.73396968 -20.36901616  23.67422475
  -6.64407735 -10.57142128   4.78005995][ 18.51923883   5.49558202  -1.11913523  17.78163916   5.57374166
 -20.27837756 -31.67520288 -18.58952674 -16.15814359  20.02976714
  -5.35511656 -15.33477103   7.42694544][ 18.18843157   8.33196265   2.63255956  19.05556064   7.05717582
 -20.80642568 -36.2441509  -14.3610849  -12.10051341  25.69986692
  -1.34580866 -20.21405087   5.63222308][ 17.62427935   8.55911016   3.46487596  11.26893206   3.23613609
 -19.60627439 -42.93116503 -19.24349274 -14.48522947  20.19341231
  -3.3885934  -23.63317588  -3.82783335][ 17.38497704   7.58454206   4.08926828  11.49307282   6.32647433
 -16.82466061 -36.16914133 -22.29511175 -17.19888366  26.73761533
   2.75618593 -13.66382849  -6.98422648][ 17.36187      8.67841111   1.04921803  12.4977961    6.66626034
 -14.07474208 -25.70741141 -14.45408546 -14.42424287  32.19992493
  -1.54451703  -8.24124532  -2.39765765][ 17.06869979   7.41146991   1.71277106   7.58426767   1.61878403
 -10.26140588 -26.21026511 -19.60635195 -24.79288871  26.68917872
  -6.77449139 -12.44968584 -12.39632418][ 16.8597398    5.56362781   6.52547274   7.98782607   7.48199396
  -8.86780398 -22.58646734 -19.17842992 -18.71873174  25.83427951
  -0.22240701 -11.72677244 -14.43157517][ 16.85004073   3.15916868  12.0266267    5.26608506  10.82454889
  -5.92264064 -21.81866259 -20.61635227 -16.14995485  22.50214008
   4.94322259  -6.70412802 -14.71542647][ 16.66486714   1.3711154   10.63934761   3.41469742  10.16758587
  -6.31492947 -16.25789452 -14.95333567 -17.71954958  22.61521241
   0.97515037  -2.19284033 -13.84933717][ 16.505032    -0.33716652   9.56151185   3.68304753   5.86587281
   5.81901012  -6.85775627  -8.85537143 -13.7440385   14.8208109
  -0.55309983   1.77657873 -12.1790127 ][ 16.78387398   1.03159825   5.9116987    0.1614878    2.18451909
   0.478372    -3.52430422  -4.03659367 -15.58314476   8.0619423
  -2.96107363  -3.44234988 -11.54042176][ 17.22522241   2.11596793   5.94076671   2.73490203   1.5670276
  -3.60585598 -12.45411555 -17.82139558 -21.52151662  15.04276784
   3.3821346   -4.4871505  -16.78254939][ 17.7404113    5.74821668   3.96572021   4.53233844  -1.35941048
  -5.97843769  -9.67345057 -18.88692986 -20.4836043   17.46851325
   7.53604989  -2.60595247 -13.04348428][ 18.44259719   7.35150816   1.97601103   1.00249773 -13.56493831
 -10.08209147 -14.10532662 -20.75891857 -22.04204473  18.32703412
   2.95756886  -4.96598674 -18.68435934][ 19.15253812   9.95727076   1.46194645  -3.0074452  -18.17504663
 -14.48338515  -4.7093455  -16.07384226 -21.69754788  26.06822123
   4.21008718   3.27928894 -21.0398888 ][ 19.53111279   9.70902569  -0.29512137 -10.40923238 -21.62640781
 -12.82478874  -5.63201828 -19.30064107 -23.65467391  28.82389521
  11.02535452  -0.46055276 -27.50918069][ 20.25660424   6.37834026  -7.26520089 -20.02893711 -29.45333332
 -18.37372004  -3.42837644 -27.01029984 -33.22934893  16.79391801
  -8.22757798  -9.4491124  -30.78499597][ 20.81383702   6.99621158  -8.39858216 -14.30420933 -26.23380163
 -14.19256479   6.31043074 -16.08268711 -18.63959161  36.63645393
  -1.8909105   -0.56014061 -30.991621  ][ 21.13629093   7.51347955 -10.37101716  -7.13799308 -22.31589197
 -14.14381298   7.74435355 -10.87325105 -10.30985114  28.39945092
  -5.97399547  -0.56677488 -31.00208353][ 21.55922437   2.97817324 -15.91985693 -11.78553208 -34.1874415
 -13.88520281  10.33138703 -16.06952099  -9.75886679  33.33934175
 -11.48516139  -7.19849772 -39.31665731][ 21.69353753   5.50824786 -16.45401864  -7.41779164 -31.95300095
  -5.95146194  20.85032573 -16.61711375  -4.44934651  30.10510464
 -12.80796239  -5.55242671 -38.62955327][ 22.24984377   3.57268483 -22.8135524   -9.40313115 -31.44301777
  -4.82486367  21.39791031 -26.25902981   2.15139829  27.2651157
 -16.41986275   1.99885046 -43.22134577][ 22.31411756   3.63290513 -24.00497725 -10.3479382  -33.45472627
   2.87335847  21.35316869 -30.35739502   1.81823642  18.36655991
 -20.02330917   0.05080513 -40.96263902][ 22.52740148   0.31949509 -27.70431776 -12.22914294 -37.06895094
  -0.61550591  22.21306894 -30.76404738  -6.17511958  14.61494961
 -22.72644347   1.66988085 -46.36938596][ 22.39829122  -0.644275   -27.55737869 -10.63318802 -39.12740904
   4.96413397  21.09588088 -24.64233071  -7.48018208  11.23021414
 -16.35065773  -1.2605084  -40.0749549 ][ 22.52655898   2.14290458 -25.88874084  -3.97825951 -35.30098677
   9.07101281  28.32524637 -20.87321087  -0.86436465  14.21136399
 -10.35466107   5.24813306 -36.04857766][ 22.50875054  -3.28175859 -26.74663419 -11.30042854 -41.69816083
   6.27926371  18.62764977 -26.85915953  -3.60370573   0.50827087
 -11.14221865 -10.59444701 -31.74954573][ 22.49186332   0.28197499 -25.66817388  -6.83464082 -37.37785026
   7.77106639  24.48582284 -24.0629389   -4.46833066   6.55558176
 -13.54202119   2.90097668 -30.6025604 ][ 22.51322965   0.95626999 -25.58214897  -6.12036423 -34.04932263
   6.27986021  30.85596376 -22.11400192   0.1751658    7.87004892
 -13.69678943   2.34158313 -32.23536879][ 22.23614803   2.53855696 -23.41041167  -4.1187953  -30.22649115
   5.71101869  24.67899077 -19.47105124  -1.76189781   0.91699581
  -9.45717994   1.91615554 -20.36773045][ 22.34120063   0.16014952 -29.70194118 -10.2003918  -37.36380817
  -0.65183086  32.39728278 -27.15960542  -2.08670155  -1.88571214
 -13.88902606  -1.48383183 -29.62232522][ 21.995633     5.91084059 -24.02610068  -2.77630682 -32.75404297
   8.19752059  36.05410355 -19.66352945   3.49296914   0.63720455
  -6.93069799   2.45239763 -22.74220857][ 21.98639745   8.5677409  -32.67832801  -2.83334301 -38.48009333
   0.96410819  38.83738415 -27.27417593   2.43573193  -1.86276579
 -11.57556134   3.88299106 -27.61597421][ 21.67146126   4.17888954 -28.90038931  -9.83113769 -43.84749486
   1.3189836   28.50958248 -23.89064131  -8.70950158  -5.8535267
 -15.47145675  -5.39010991 -26.09452593][ 21.57159919   6.37803569 -26.74877948  -8.67137286 -38.88087772
  -1.50689637  33.95756704 -24.23684309  -5.27946075  -1.31412715
 -17.51118799   2.70719633 -23.86930462][ 21.24402896   7.57826949 -22.4904773   -8.02577821 -39.43847985
   5.37846293  33.93419819 -18.06781798  -0.37229399   3.6594383
 -15.29976942   6.59321927 -19.39854277][ 21.08015932   8.81159597 -25.07725106 -11.56914516 -39.79094041
   0.57887782  34.93302423 -25.45949239  -2.55775066   3.28846959
 -21.86504827  10.34646834 -27.33761166][ 20.66029178  11.58851868 -25.39720993  -4.5495962  -38.12134759
   9.14356255  29.91143338 -17.19511943   2.82645863  -3.37510341
 -11.94304656   5.92633588 -24.71779733][ 19.7486734    9.76264982 -22.05157172 -19.37985845 -36.01763324
   4.02907352  20.93477707 -23.0253343  -19.52760677  -8.20965124
 -18.04870295  -8.51948341 -22.49033797][ 18.78360554  14.40609471 -17.88027235 -16.97357146 -34.97030237
   7.759468    24.89808167 -31.58460909 -18.79441182  -8.36074065
 -15.44139919   3.32111282 -32.94416452][ 17.21519772  10.85657891 -11.67769644  -6.09577425 -27.40952323
  10.56227567  21.87830295 -19.11256799 -16.09551799   0.88662834
 -12.88182952  -1.2423757  -14.37528964][ 16.13612372  11.26708924  -9.81372405  -6.67981665 -14.07362908
  12.23360491  17.89018971 -16.46046476 -16.24586972   3.31074831
 -12.38156813   2.12666716 -13.07132003][ 15.39684111   8.58975215  -7.30363365 -11.45524855 -16.39818376
  26.35631556  22.26156054 -13.12293192  -5.72521717  11.25869748
 -25.35541035   1.81493957 -15.36734289][ 14.59292566   6.18007234  -7.20985302  -9.41357991 -15.10917748
  18.45457721  19.39307606  -5.5003591   -4.34168958   1.38769371
 -20.31576433  -0.53954299 -11.72175458][ 13.82184025   6.80196893  -3.57039447  -7.50405682 -13.78224556
  13.13174491  31.43674925  -2.36597448   4.21866729   5.72329819
 -23.323974     2.37213163 -15.93999615]