[13.07044495 -1.86476178  3.89301302 14.09172668 15.15702421 13.06002782
 -3.25775631 -1.42426902 -1.20181336 17.55364781 10.31444419 -4.07511804
  6.18880151][16.33042683 -4.11382388 -1.15667439 29.475863   -0.03163551  0.9654265
 -1.78517132 11.42252063 -8.25267457  1.81417092 12.32427517  3.60470524
 -1.022485  ][ 17.07573801  -5.40834101   5.97400986  40.73636988  -1.38650698
   2.01421117 -12.76999776 -12.65914818 -24.57179583 -10.9455044
   3.81227805  11.41290475   3.62761492][ 18.39211345  -7.19762056   2.79198051  37.0654052   -3.10402292
   4.2460786  -15.91260026 -21.63818521 -11.67792008  -1.71439272
 -13.01388627  13.85679894  -6.75004304][ 19.85669498  -7.39084673   2.49728157  42.15069311 -13.41970488
 -22.08669442 -19.72348694 -26.03636493  -2.62485586  -8.03285865
 -43.91561505  31.49149736  -7.65719348][ 20.00817035  -7.67432859   3.02275936  43.29853335 -13.169917
 -28.48363568 -26.25421313 -28.31583116  -3.77467526  -8.56229753
 -46.24118838  30.65902849  -9.58013622][ 21.01627957  -8.95633511  -0.24208325  36.57606782 -14.95935118
 -26.35686754 -18.98414807 -24.42508015  -2.8246089   -1.78190575
 -40.2294156   26.37884485  -9.26382556][ 21.31989085  -8.80826224  -3.0264207   38.97166866 -18.85188174
 -34.3275952  -26.15038782 -23.47098158  -7.57456965  -3.55658322
 -42.48980954  32.02040297  -8.63936148][ 21.68555587  -6.20263203  -5.2985247   43.03532352 -21.85694369
 -28.93578259 -24.59139521 -15.25442858   0.49561698  -0.60644082
 -34.17883632  30.63710444  -6.70432709][ 21.82073753  -5.40475886  -7.16229455  36.661634   -18.53359327
 -22.86093556 -22.46195001 -21.23709629  -1.2337299    4.23479874
 -27.03911886  39.21206175  -7.11040615][ 22.00708017  -7.33295637  -6.1951934   34.48620015 -22.67372647
 -38.13013912 -21.10856726 -20.48894498   2.63418913   0.1659866
 -34.10202731  35.53648301 -13.54251918][ 22.05206102  -6.83539148 -12.27108423  26.29100833 -23.29836694
 -35.54794361 -23.863446   -26.86828383  -2.63766104   1.40893841
 -29.47599267  38.53184385 -13.95371415][ 22.08988949  -6.80897084  -6.18876422  29.94680626 -22.1048441
 -36.25887755 -25.54332966 -16.4932125    4.89762562   2.6621095
 -21.51639952  33.72036746  -9.88662156][ 22.17418466  -6.03967542 -11.57194938  23.34694106 -25.00862411
 -37.30608547 -28.33020467 -23.45439848   2.55302298   1.63210858
 -22.50716796  37.20920206 -12.80853567][ 22.1532496   -4.98447655  -7.8177059   29.96266402 -20.56604855
 -40.01986304 -24.67015831 -15.11918101  12.96432335   3.81935834
 -20.53405009  35.28607314 -10.36535992][ 22.18019414  -3.7754007   -7.89823498  32.84080268 -16.63372373
 -46.13963775 -21.36394318 -17.81289884  18.09137359   8.49864197
 -22.41687347  44.68505833 -15.87845066][ 21.93877657  -5.50126332 -14.1657192   21.08658919 -16.98069753
 -31.39089185 -20.3245359  -19.51037523   7.0532444    2.73764373
 -11.07829791  34.99481811 -10.19204092][ 22.08420011  -6.37873288 -11.3006708   29.47568092 -18.09338242
 -46.56428348 -24.24764106 -13.14876578  13.98750495   6.19966363
 -27.20654115  39.94839492 -16.04392334][ 21.78372999  -4.48791529 -13.23641794  29.35134812 -16.37012286
 -39.73010946 -22.74794766  -8.35254018  11.26783091   6.56889153
 -25.25016053  40.37819178 -15.04125922][ 21.83628601  -5.57386215 -13.41170984  32.15905323 -15.41605242
 -40.38398205 -20.84576472 -12.34053368   7.58704902   0.29708035
 -29.20090318  34.83417159 -14.64678349][ 21.55081966  -7.96996914 -10.66211749  34.57814341 -16.1503585
 -39.76087861 -22.15194913 -10.05260562   7.35513334  -3.17264847
 -33.08020832  30.77533986 -15.00315438][ 21.66641475 -10.32570828  -5.7551768   35.28914641 -15.18621547
 -35.55683059 -15.24532747 -14.59295652  -0.66774733  -2.90676512
 -32.1952464   28.12429566 -15.81185377][ 21.72971597 -13.00674251   0.29156158  40.38269205 -14.43094375
 -38.05349531 -15.08731802 -13.63441981  -1.32233637  -2.42300619
 -35.35023175  31.88539875 -14.11061296][ 21.3518215  -13.59153206   0.98911532  38.20696134 -13.46907507
 -28.93022538 -12.98234043 -16.4189219   -9.53365379  -4.1610136
 -31.76786745  27.73187408 -14.12948307][ 20.95616961 -14.56088346   2.38169447  34.8215518  -20.04962032
 -32.51716293 -13.28240517 -18.99283846 -13.78825557 -10.30147944
 -41.70414506  25.11690534 -15.78907702][ 19.21711744  -9.90350838  -1.06808671  31.69442162 -22.926044
 -16.01658769 -22.47831586 -18.11616087 -24.70199673 -12.09546661
 -34.04902018  14.08153836 -20.92537743][ 17.53644271   0.55815772   3.09697974  41.71571883  -9.7223764
 -21.34377116  -2.77395331 -11.03744356 -15.03152849 -22.04018404
 -30.61020306  21.08688903 -13.14453532][ 16.53687276   8.79753016   3.25330242  28.15343034  -3.52333098
 -22.53062132 -14.48192803 -23.57338313 -12.2612922  -16.99016669
 -20.61366144  20.06526804 -16.04271772][ 16.75274388  10.59400086   4.90510727  27.39145006   0.63922154
 -23.50217531 -16.00960628 -32.1502162  -13.09043811 -19.64561549
  -6.1559826   29.69544671 -16.52158444][ 16.76462343  12.86363388   2.07830402  25.82780446   4.36266893
 -22.78821376  -6.20269595 -31.98401614  -5.44696441 -18.1768597
 -11.11264983  32.74992755 -21.33642228][ 16.88672757  11.3995323    1.32684238  28.77319724   8.58919926
 -23.10468627 -11.26354818 -44.19489617  -9.80362035 -18.92599676
 -10.81771853  32.32951752 -22.39356816][ 16.78863234  13.96827111   1.73983867  29.53152981   5.44837233
 -25.51574596  -6.79237777 -35.42981478  -4.42114506 -17.39705199
 -11.2525061   31.36609798 -23.57891591][ 16.65937535  14.80791239   4.18332716  24.65534753   0.66257362
 -22.66674776 -13.39784945 -31.15901676  -1.29721967 -21.87735597
 -12.9665571   23.22848584 -21.43113466][ 16.38977393  17.64328457   3.67820497  24.90134488  -1.44464995
 -17.77244568  -5.88261072 -26.63184554  -3.36282599 -25.41273283
 -10.49144374  26.86536055 -23.17058929][ 15.72734407  13.32313324   6.95583332  29.61780308   7.74871171
 -12.152516   -14.92578283 -34.04839958 -19.22531944 -21.94750607
  -3.38187874  23.40110189 -24.20665855][ 15.06595575   9.11839121  15.60425964  32.73493797   4.03782545
  -5.46117569  -6.08622783 -28.64455354 -18.16989481 -23.37372222
 -12.22487985  23.8874027  -18.31214606][ 14.23081292   2.48046733  19.20660766  30.35737456  -5.44364642
  -0.18920615  -8.61091556 -19.59356249  -6.23590511 -10.44822883
  -8.57436459  13.17738884  -5.55315824][ 13.51055542  -2.86422985  13.16057931  29.4074628    2.67535947
   8.75643989  -5.50022053 -18.06546491  -8.47168218 -13.39471015
  -9.41475168   5.46902828 -10.21753903][ 13.00437252  -7.30883675   9.53506292  24.33225507  -2.3238678
   6.27537454 -13.6189542  -23.21274751  -9.96653892 -14.60881523
 -11.97826529   4.3394958  -11.32119175][ 13.25747506  -7.76573007  -3.53894719  10.1968255  -15.80219895
  -0.31183264  -6.08699535 -14.1710226  -20.32004011 -15.34034186
 -21.02581531  -3.272165   -15.88151983][ 14.6571708  -15.46222819  -3.1494058   12.49843639 -19.08137398
  14.71966083   0.96356018  -5.80937394  -1.07226461 -10.12233884
 -12.81134777  -5.06102645 -11.58018227][ 16.22685499 -28.54174016  -0.1229019   18.3616671  -28.88028616
   9.24174835  -5.03952791 -12.79399397  -5.82119452  -5.1068726
 -10.7162603   -5.15399353  -1.85463099][ 17.20138036 -35.65816452   4.81145925  29.5393482  -29.59857065
   2.14630961  -4.36282195 -18.42784021 -12.84767404  -8.68658463
 -16.49027483  -6.17675822  -4.01324964][ 17.67114453 -39.79609862   8.10821108  31.86768887 -22.07331818
   2.60216455   6.51717511 -19.33203406  -6.28049503  -1.08229244
 -10.29269514  -3.8020457   -0.57891369][ 18.20090966 -42.81672359   3.82668383  26.75512514 -24.3386833
   1.18612202   9.06148704 -14.56136713  -0.6635893    0.59083552
 -12.5481075   -5.64276067  -3.25712547][ 18.28793479 -42.76816115   6.20600264  28.44375377 -23.5465063
   3.43049495  16.01206534 -12.96638035  -2.53210364   7.6957967
  -5.45638889   3.7940719    3.48406135][ 18.1098716  -44.04511583   4.26974432  31.34152662 -21.49202741
  -7.77327902  11.40456585 -10.41720836  -8.84148073   4.39507923
  -3.16185718   4.49665487  -2.94967578][ 18.24459905 -36.09483328   2.4340985   25.35182889 -22.21593976
  -2.15263837  11.33993448  -7.06147005  -2.42486447   7.32121201
  -3.0137894   -0.25912828  -2.06678131][ 18.48248511 -42.34686974   2.15795052  29.70728553 -25.45613035
  -2.2956899   11.31006768  -2.58165647  -3.64824942   1.39889711
  -5.56420098   0.46162781  -2.20019909][ 18.53066083 -40.83287264  -0.22451461  27.97605387 -23.40429832
   0.68278377  10.28949772  -1.09536605  -2.51801856   5.5937893
  -8.28875111   2.65230468   2.26018339][ 18.44975176 -48.99076475  -3.77039731  32.9480801  -20.35372022
  -6.36559668   4.30721949   3.94123193  -7.57699812  13.03302951
  -4.20483223   5.2875885    0.95334751][ 18.49962597 -43.22644289  -5.42485189  27.32572802 -18.5017631
  -6.62628016  -1.62423301   7.28113518  -8.27102753  16.16242153
 -11.27855028   2.50654664  -6.25880572][ 18.50800398 -47.416555   -10.38125133  21.27390572 -18.79327406
 -11.83602723  -6.27522268   1.72503267 -17.20822768  14.06560207
  -9.2632924    4.16251193  -7.9590198 ][ 18.33808272 -45.50575555  -8.136349    20.91125228 -18.76979196
 -11.26483981  -7.12829627   2.62942422 -23.12856232  15.88022511
  -0.3640421    8.98852366  -2.53248264][ 18.23193626 -44.00276817  -5.34918877  24.89822982 -17.0781674
 -10.75285591  -6.4200067   10.78830305 -18.88040852  13.92287345
 -12.71200584   8.23839532  -1.5808589 ][ 18.06814883 -37.77255488  -5.34436668  21.01327833 -15.84695083
  -4.46478143  -0.60001265  11.63000434 -19.84572867  19.37860491
  -8.21004889   9.01915269  -4.36245663][ 18.20573781 -38.9520026   -3.72494811  26.55419728 -17.30530306
  -4.01684792   4.1092964   11.65972224 -26.69208396  13.98304424
 -12.06289078   6.9979202   -4.65595305][ 18.15941143 -45.63525102  -8.94358415  24.9665841  -24.46177454
 -13.69958016   0.42496374  11.25520121 -25.15845938  21.82374116
  -6.30234375   6.6524079   -9.51947557][ 17.98957888 -39.79500891  -7.9398197   25.29016707 -20.01764998
 -17.06534974  -2.38728103  17.40882866 -21.76865894  20.2512399
  -7.19822395   7.67896524 -10.45032133][ 17.54487618 -39.50497419  -9.21738094  25.6941904  -14.30435706
 -13.74526521  -1.44716237  15.59628088 -22.97035111  15.09565036
  -2.70063364   8.67337756  -3.70197481][ 17.42407614 -38.72255155 -10.65782334  25.40875479 -14.77993977
  -9.28648557   2.91007017  18.0089355  -26.6848297   17.51348531
  -1.87254973   1.71779572  -4.82676672][ 17.25570525 -34.69654133  -9.71173124  30.98541351 -13.85157028
 -15.30329418  -4.4583328   16.74625762 -24.10020902  12.9674982
  -2.05240489   7.09012652  -6.32987223][ 16.9883032  -35.24525681 -11.42593462  30.309867   -12.629779
 -19.29883947 -10.7090105   13.65885776 -22.8095662   13.03770791
  -1.33662582   3.7474624  -11.1509558 ][ 16.56404757 -31.97759527 -13.55097892  25.86338771  -6.4598083
 -13.60950361   1.26636633  17.64307851 -16.25630751   7.73998007
  -8.18378439   2.92127435 -12.71613569][ 16.14607861 -35.3944289  -11.9943833   30.63816414   2.11218769
 -18.30212486  -2.45780433  18.36303984 -18.98896788   1.24685419
  -2.27882052   5.79207923  -8.92559821][ 15.67010818 -30.72348265 -12.64241485  31.85806681   6.02633055
 -15.85100364  -4.37531268  16.80906538 -22.32518113   2.17711261
  -0.69043499   5.75220767  -5.72590126][ 15.07885829 -25.21733365 -14.99617339  22.6947646    1.57314729
 -15.30927089  -5.4948254   17.18436072 -12.43206612   6.88935962
  -9.66553949   1.84003453  -7.46067038]