[ 13.11438443   2.33640428  19.57932413   8.50227959  10.65017721
   1.41535303  -8.89075674   0.7025633   -9.32370996   3.06184057
 -14.72884861  -3.42481396   0.11505485][ 1.47342138e+01  4.49674333e+00  2.53036638e+01  1.31374619e+01
  3.27242479e-02  2.90911583e+00 -3.41410840e+01 -1.41693019e+01
 -1.13120335e+01 -4.31900900e+00 -1.07487944e+01 -8.34873033e+00
 -5.19041073e+00][ 15.46393223   1.61362819  29.78961461  16.75788862  -0.75639606
   5.96907455 -35.92266553  -4.41419733 -20.91010141   6.13678022
 -13.12982591  -0.66546723  -5.22284439][ 15.94527428  -1.40123967  29.2902846   11.7441637   -2.47137852
   6.44188057 -33.17502824 -11.6616566  -22.89234687   4.95978881
 -10.46448534  -9.12327007  -2.37244889][ 16.03274517  -0.89734743  29.47454537  11.92719919   1.13439623
   5.227686   -26.9776259   -0.88237232 -18.89493038   6.56010621
  -4.56704441  -4.41279938   0.53205806][ 16.31076601  -2.08486023  26.97893672   5.83208227  -5.76630816
   4.97143725 -30.92402842   3.58398764 -17.0229873    3.15831758
  -5.7254857   -7.17981065  -5.85964387][ 16.71886989  -5.96805865  30.61583309   4.79393385  -1.22262718
   4.43234752 -31.32246183   8.66237957 -17.20177567  -3.81353992
  -8.97738643  -8.51608305  -4.67608345][ 17.11089971  -8.83199326  33.32368035   5.33656102   1.28096532
   2.22407083 -31.91965109  13.78877163  -5.37132354   0.30099648
 -14.74511119  -6.1282495   -2.62951949][ 17.22445097 -10.40194966  34.5546305    3.53774075   2.68112169
   6.08556801 -31.64175695  13.78715078  -1.51461591  -1.78414658
 -12.53402963  -6.56500551  -5.38502161][ 17.58318712 -13.32218725  37.79435819   6.24854424  -1.73498204
   8.30554826 -30.0132272   13.02421126  -4.93657305  -0.51813063
 -13.63437923  -1.99583752  -9.977176  ][ 18.06746074 -16.20144052  41.25829747   2.14813696   4.46721519
  10.13909123 -26.60673847  13.43078091  -2.79239435   1.48648738
 -12.43228113   3.73141013  -9.39271433][ 18.44759764 -19.07319857  41.291139     2.35275524   8.04116351
   9.38182086 -21.95771349  15.176849    -4.25335567  10.65192336
 -13.39764763  -2.41038126  -8.27076068][ 18.78314682 -22.8604326   40.41216849   2.47548099  15.31082408
  14.47992754 -19.80919447   9.88321801 -15.23917379  10.34493166
 -11.22640334   2.65214064  -4.71568335][ 18.83027512 -24.28610272  36.6893675    2.11694932  19.24658799
  15.97929495 -17.00265983   3.63710566 -19.49602889  15.72741784
  -8.08536602   0.37871667  -3.47480607][ 18.67491817 -25.72820128  32.26525248   2.50962466  18.24006777
  20.57823108 -11.0385445   10.14667519 -17.2094065   10.30714473
  -9.48060472   1.06605997  -6.43524877][ 18.55890458 -27.39888636  31.07330821   3.74970954  19.58059011
  17.79402662  -8.52709413  13.93147686 -10.84683493   2.9768626
  -9.0243599   -0.72873914  -3.33530652][ 18.81484017 -28.13487044  29.42487214   1.8908911   17.03993527
  18.06365482  -8.32574281  17.96476481 -16.09074329   1.24546384
  -8.22632591  -2.05812502  -0.62147612][ 19.26537732 -33.10168884  31.05139785   7.80601054  24.59793883
  20.87944728 -11.23155043  17.57946345 -14.91639091   1.08773117
 -14.73851864  -0.59294152   1.59631398][ 19.36575611 -33.7353684   30.08863529   5.06369676  23.24083742
  21.76084718 -13.37412409  16.48430732  -7.93136916   3.58891057
 -17.00562254  -1.56203558  -1.01889002][ 19.39177351 -30.2646843   24.85350123  -4.04501077  12.97983981
  14.85975772  -9.06902887  13.07196008  -6.26577225   7.18251573
  -8.31177132  -5.01483746  -6.06155824][ 19.3358023  -31.3425465   27.12809476  -2.94894723  17.15816168
  14.14829625  -5.58118497  12.55966981  -6.27692719   6.07153034
  -6.02404002  -2.34142322  -4.64562853][ 19.6027717  -32.45737561  25.97477347  -2.52306726  22.51238341
  15.0296863   -8.19622716  15.64684364 -10.17675845   1.70028697
 -11.7902163   -0.05934249  -2.44450915][ 19.41338604 -30.096387    29.27294107  -0.35548394  23.69875691
  17.0470502  -12.51968613  15.50201361  -4.8567126   12.28420998
  -5.65754375  -2.09868487  -4.28297582][ 19.09991507 -24.86152181  29.56980063  -2.8878543   17.20276721
  15.57516491  -9.7029587   21.31513538  -8.29951273   2.85790543
  -8.01469386  -2.04169249  -2.06929174][ 18.35880645 -16.07747815  29.02764825   0.32300204  14.70530539
   4.04768896 -10.20518251   8.2887591  -19.19191593   3.89255845
   0.09409561   0.81781439   0.19248878][ 18.14048678 -10.33539784  22.42375889   2.62426451  10.67898398
   4.01055819  -8.82450043  -0.95868101 -10.64571609  16.88584873
   0.09967759  -7.75424725  -5.29146825][ 18.19449356  -4.07580525  20.24332628   5.08260144   1.24446137
  -6.06851259 -12.71553113  -9.48611576  -5.72297373  18.02545944
  -5.40371807 -11.08966984  -8.21278782][ 18.87865739   4.26859015   8.28185474   3.68138701  -4.53854788
 -15.05234632 -29.51694574 -12.99963896 -14.59217547  16.88180429
  -6.58407318 -13.16198317  -1.67140019][ 19.82190751   5.13045544   0.81963234  11.10395427  -8.61556794
 -26.43583998 -42.60339613 -13.87957528   4.81478007  17.29142576
  -3.51294709 -11.61632125   8.33692773][ 20.84340319   3.0093448   -4.89015478   5.08109459 -12.85682002
 -28.34008254 -38.29348017 -10.476439     6.14451942  23.71334814
  -8.94715109  -0.04504557  14.29324795][ 21.21560315   4.53244148  -3.21079782   7.93964234  -9.41130075
 -27.58136617 -37.0528678   -5.4867615   10.45880405  27.83373841
  -9.32484255   1.94647178  16.13329657][ 21.24358808   2.25075566 -10.06421618   6.13503836 -13.2549561
 -37.66047631 -39.59231181  -7.47918691   4.11812878  28.66151292
 -12.84354674   1.36012652  10.10148018][ 20.97601942   4.67213858 -12.31287883  10.59040719 -11.90023438
 -33.33857114 -33.18439577  -2.8352834    5.28453101  27.47717679
 -18.30251954  -3.11153591   3.26032789][ 20.98634515   4.36368521 -16.59709949  14.00201481  -9.16357043
 -33.00679366 -26.77546525  -6.29910966   9.20807171  27.71482427
 -19.70402613   1.05748514   3.59073312][ 20.98344289   4.46233635 -18.09428629  12.80998352  -7.10762981
 -34.84311055 -21.65749397  -6.89098729  13.15131946  28.40846931
 -21.33545757  -0.91312714   1.71644852][ 21.17445498   2.81886975 -17.68953313  12.95120433  -5.87333573
 -40.34475256 -18.85139732  -5.56123012  14.70857959  32.12491896
 -27.77216996   1.6874577   -3.98735808][ 21.09936484   2.37260241 -21.17150736  10.76519254 -10.93173798
 -40.60414377 -21.64454693  -5.60343493   9.93494717  30.72127728
 -32.34565528   1.48069343 -12.27833843][ 21.0953267    5.36438553 -20.4215502    9.16126009 -12.23127998
 -42.29713739 -17.09799493  -3.21090298  10.46575225  28.7636251
 -33.89484155   2.5505498   -9.7843589 ][ 20.98857671   5.53241769 -19.31237213   5.91157372 -15.02350027
 -36.97313146 -14.02368704  -4.56204878  20.35814913  22.88735859
 -18.37394309  -1.81531835  -8.40837908][ 20.88773755   2.08867198 -13.88243187   5.96029177 -16.93945052
 -36.91400152 -18.75036138  -1.56126636  14.28463857  15.61052602
 -22.29072245  -3.83704211  -9.27717709][ 21.04160015   4.20895935 -18.4070802    7.20601569 -15.45735107
 -43.64625312 -10.26220397  -2.12315152  16.90623169  27.74132895
 -29.91646936   8.22638648 -13.03089363][ 20.81233034   4.74068183 -19.8773542    7.1267025  -17.78634319
 -42.51378446 -12.50380871  -6.21515068  17.18903376  20.74699941
 -25.9401581    3.69303385 -14.69261127][ 20.93598467   5.69402949 -20.35879452   8.32185327 -18.35772386
 -45.58042317 -16.75938936  -6.45639001  16.03509856  21.49207127
 -29.91274415   4.06852242 -15.03540518][ 20.85015175   5.87687621 -21.84445522   5.27946784 -17.83006755
 -45.99113329 -17.45947152  -7.59098953  13.52253811  25.04656636
 -36.45570969   4.24334743 -16.71241479][ 20.70137411   6.94271323 -18.35440229   1.86247315 -10.38659664
 -35.56577182 -14.62434344  -4.34294871   8.09903813  23.97940708
 -25.65902691   6.78431905 -11.55222129][ 20.68245652   6.76837198 -17.09963252   3.21849811  -5.75243592
 -37.86917892 -18.37844513  -1.64682378  10.25608407  34.2203009
 -26.4351428    3.84489204  -6.10059138][ 20.35110478   6.37930002 -16.88281997   3.27847489  -5.64973111
 -37.10056539 -26.81964437  -3.61238185   5.31773898  25.78941101
 -21.12522114  -6.31479365  -3.77229673][ 20.37684626   6.23809588 -19.51705329   2.0052681   -0.66123125
 -43.57255175 -27.38954729 -12.87096155  -6.62889871  26.09954909
 -21.61372269 -15.29671274  -6.39833789][ 19.89812132  13.44412933 -20.2529153    5.53123254  14.0711683
 -45.10105631 -24.84364482  -8.19873746  -9.79342462  29.07647796
  -8.99394567 -19.94361729   2.99018337][ 18.92933829  11.43494709 -20.88882097   7.2014191    7.8775309
 -33.93416435 -33.15390026  -7.19369435 -26.40930166  24.50351693
  -9.53195723 -22.43872414   2.8527782 ][ 17.71486699  10.14382973 -12.21203936   3.67590119   4.6569457
 -18.07325872 -24.36338582   0.87685058 -25.2982424   20.04485242
  -5.76700314  -3.57306652  -5.14323507][ 18.70549881  11.0598527  -10.10180278   2.04407565   8.35352934
 -31.60370618 -30.41458885  -4.7455457  -25.38130399  31.1370461
   0.34184074 -16.12957738   4.54662371][ 19.32069674  10.46868868 -11.62016403  -4.52258348   9.41471435
 -39.37989791 -31.0398306   -9.77773017 -25.35082699  31.09356513
   1.16360622 -20.41097094   3.04509552][ 19.96600531  12.86130711 -10.9161586  -10.83098672  17.82992113
 -44.15626528 -27.81350119  -9.59425345 -30.48291523  37.75480231
   0.35562909 -20.88920601   6.09930476][ 20.12278063  13.48081918 -11.59187131 -11.5367044   17.11027997
 -39.00463626 -26.01169617  -9.27737802 -25.67041347  39.57375344
   9.36335002 -17.30923217   2.8754338 ][ 20.1019984   14.34230294 -14.95655769 -14.71966952   9.3450297
 -39.81265294 -14.62275759 -18.86528655 -24.76273782  28.04422845
   3.84426628 -10.27769071  -8.20922415][ 20.02894387   8.43488976 -11.50730299 -11.82908409  -3.5848792
 -26.78480186 -13.65185706 -21.53383345 -15.63803439  22.95113767
  17.25727518  -5.4888966  -13.12994357][ 19.936318    12.41967552  -7.79115221 -17.63911623  -6.72908025
 -28.11715833   2.44243544 -14.49888457 -28.52976432  19.63881078
  10.51188944  -1.22195726  -8.47437881][ 20.04487411  12.56836847  -5.38195717 -21.48605593 -13.58514244
 -22.60629942   9.15010306 -18.65556025 -27.22529001  24.08760872
  18.05197366   3.52856767  -9.7849214 ][ 20.01558465  15.44614894  -5.27073702 -16.16688746 -16.99053545
 -17.29173715  17.37685439 -19.494346   -22.09206832  16.30963948
  12.02612959   7.23876956  -7.54698177][ 20.04207043  12.93233429  -7.2986387  -22.51966145 -27.3146222
 -24.52455721  22.11081727 -20.06159113 -23.39100915  14.37034466
  -1.79307917  12.17351196 -11.12196086][ 19.79057739  13.82891675  -5.35909836 -16.85234194 -28.27421138
 -22.13811173  26.61538989 -11.87963291 -20.81851398  16.24442323
  -6.06336488  11.705806   -11.33755622][ 19.9768993   14.203397    -4.33674285 -15.65448398 -34.73029421
 -23.9177964   24.91543414  -5.93263833 -21.37555329  19.02614707
  -9.85181482  10.03868066 -11.17285326][ 19.77153837  13.51335025  -5.40542566 -12.78372786 -40.88347582
 -22.31193401  23.7161742   -3.92245608 -19.5503855   10.999506
 -11.70133057   3.32642886 -12.79776796][ 19.64692651  14.29342969  -3.70032658 -12.14529408 -35.97441604
 -21.45767674  21.26207406  -7.42591322 -19.89932264  16.57567794
 -17.33244981  -1.73610985  -7.12246466][ 19.42932142  12.62586882 -11.37238236 -13.10003265 -32.8077486
 -23.29293657  12.59081486  -5.20737399 -20.07839624   9.86059673
 -21.92384497  -5.37793303  -4.9242593 ][ 19.14419873  14.79078479  -1.00329038 -15.72446922 -43.01548852
 -18.53298151  18.57958994  -6.83672529 -28.88067296  13.86032078
 -30.95592457  -5.60268576   3.80323528][ 19.04540654  15.50441834  -2.82132503 -15.78303384 -38.13707956
 -19.61682187  14.22574978  -5.00595347 -31.90762621   9.69249493
 -30.92596499  -1.31904136   4.65301014][ 18.65035701  16.2959247   -5.76681656 -12.85611414 -34.45547768
 -17.35738629  12.66336261  -2.35905052 -26.31954161   9.96387086
 -34.67119863   2.29790737   1.25744963][ 18.17645175  17.52773225   3.14499226 -13.32897387 -38.74363068
 -10.44476123  15.29417338  -4.08208366 -19.88949488  10.22913307
 -35.7785358    5.12424476   3.78004241][ 17.61934129  17.59968116   7.6156344  -12.9123991  -47.32534496
 -14.72520814  13.8011702   -8.45210156 -26.67691736   5.85333573
 -39.70077435   2.60357113  -1.96182856][ 16.49778677  17.62171654   8.98590784  -5.11208643 -37.286243
  -7.76695247  14.00331588 -12.07930565 -14.56513287   1.47758196
 -29.85516414   0.10047562   2.71322677][ 15.83879939  16.9858816    5.10877222  -6.0471804  -24.31678688
 -13.68234483  -5.36364193  -7.79020741 -14.22644571   3.81398472
 -16.73699714  -3.90831856  -3.38075325][ 15.51241604  18.86770442  16.83273489  -5.01655847 -35.10979317
 -16.49332      1.29162233  -5.66980628 -19.47434859   5.32444525
 -20.09156245  -3.70268889  -7.67731575][ 14.62184572  15.46009932  15.39472817  -5.49720315 -30.80705131
 -13.09272637  -8.85038373 -13.40954813 -16.54361579  -1.99160838
 -15.37687193  -4.35665027 -13.10856938][ 13.77387819  14.59352303  18.24235739  -3.02590874 -20.32528586
  -6.68468023  -6.67064251  -4.39748506  -3.45401886 -13.16440761
 -10.22918391   1.12570769 -10.22558456]