[ 10.47631048 -11.81851695   9.95784074  -1.40367862   1.55658101
  -8.76500062   0.02579834  -4.05041381   3.41775404   3.04936434
   1.94311187  -8.16632796  -6.33394516][ 10.37689951 -12.36602588  10.32215284  -1.59236046   1.84215503
 -14.91870287   0.41770986   3.73627162   3.64563031   1.37494855
  -4.2272063   -7.46396366  -0.58353817][ 10.3398626  -12.33647451  10.39826551  -0.70617542  -0.67333144
 -12.89288978   2.21355133  -0.12159998   2.10641418  -2.22860341
  -2.93032395 -12.29251038  -5.08569193][ 10.23983618 -13.44598198  11.81892779   5.26408485   2.60001891
 -11.99283236   3.58183202  -6.79421238  -0.02027276  -2.4857059
   0.78040491 -16.41138139  -6.54675395][ 10.25076119 -13.57733264  10.44141534   0.95846328   0.65367725
 -14.28405281   3.10187808   2.27804268  11.22822144   0.05145436
   4.87093218 -14.46376285 -13.19948329][ 12.90259818  -7.53971063   7.32549966  21.77326171   9.21262084
   5.45670431 -19.73065308  -3.65505092  12.36713228  10.8541402
   9.17816039 -12.25034914  -0.30252501][ 17.30122278  -6.72860888  -1.64497964  48.40385414  -1.15402497
 -24.40465716 -24.61394422  -1.43196365 -26.30123109 -22.28590336
  -6.4853782  -16.07015662  -7.71549846][ 18.39053903  -5.65162816  -0.40182608  46.56317382  -3.48019927
 -24.58621146 -26.13585565  -4.58599672 -16.74223762 -16.40777565
 -19.732347     8.61711528 -12.49393418][ 19.65153377  -9.27911357   3.07631886  44.10153783  -9.8068273
 -29.16635517 -21.6796606  -11.82462566  -5.66930713 -13.67647194
 -27.09629652  22.83661064 -17.16148187][ 20.2617523   -9.52885803   3.77644546  38.03142765 -11.08476977
 -30.78964687 -24.67215169 -18.20037439   0.09639562 -12.25935982
 -34.46733366  33.31948863 -12.53015621][ 20.77495671  -7.72775902   0.23472749  35.07130765 -12.94910754
 -34.91069919 -21.53959024 -21.94854401   6.80863258  -8.61519212
 -27.05959184  36.3721068   -7.92761498][ 21.37143089  -5.3770655   -4.34670419  34.63846614 -18.64740681
 -38.95375743 -20.92960807 -24.83611801  13.85062757  -9.16177298
 -19.79330438  38.07491605  -6.89441303][ 21.95476146  -6.58675612  -7.19825801  34.27155973 -20.19953326
 -42.45067211 -23.19910157 -22.67106282  14.84224696  -9.1207801
 -18.42975302  41.68997918 -10.91548266][ 22.09133879  -6.36485851  -7.27261161  35.85699514 -23.40841029
 -41.34795813 -23.71471371 -17.17848421  16.54686551 -12.53937602
 -17.74283953  41.50934139 -10.08043009][ 22.022323    -6.35631335 -10.15537436  32.89776695 -25.34270988
 -40.26121946 -22.4611082  -18.13619439  16.5287531  -18.37104961
 -16.15968847  37.96916602 -11.76453337][ 21.82277571  -5.5272144   -9.17142624  34.86299855 -26.19663965
 -38.62973636 -19.18719624 -13.16886444  19.8793322  -19.13189103
 -11.62325755  35.70902481 -12.78603245][ 21.67248011  -4.9632051  -11.73046913  33.39437876 -22.15279754
 -28.93233959 -20.04890184 -15.04306082  19.06186524 -13.83437074
  -2.50099437  35.43081141  -9.50894744][ 21.45205845  -5.22747788 -11.61198139  35.81850822 -24.64204297
 -34.09120864 -20.51069542  -9.76411993  21.44389474 -14.66256328
  -9.69796313  37.57508138  -9.4189545 ][ 21.27757681  -6.05155708 -13.72481839  29.52476695 -22.09014596
 -24.72551824 -26.00785589 -12.08712803  15.76838577 -13.23113352
  -7.92030467  32.89339854  -8.90739755][ 21.02878919  -8.87555837  -5.93327215  33.53877308 -19.69721674
 -31.50696696 -30.22638143 -10.30716521  15.74873915 -17.34788365
 -10.43636992  33.72126143  -7.59110326][ 20.70746645  -7.81598244  -7.19008619  33.256264   -25.03666874
 -25.4306752  -30.03233393  -9.20742754   7.97161393 -19.43663706
 -15.50725544  32.40758998 -11.38513536][ 20.15488077  -6.3642819   -8.33328197  33.00686615 -28.10979961
 -18.84946182 -30.2920843  -12.37354606   5.63883617 -16.33453262
 -14.22901072  29.37389003 -20.31905239][ 19.33435354  -4.74740019  -2.71706608  31.99747321 -27.50643118
 -14.12284545 -26.65488145 -13.60945761  10.77832103 -21.93433804
  -6.45070651  21.63965803 -23.06583433][ 17.8069653    3.40348438   1.8935867   24.24040688 -19.54834002
 -15.0085282  -18.65673626 -21.35547209  19.21190529 -28.09023383
   0.13754991  12.73168047 -20.01965031][ 17.22848932   7.60815798   7.14873546  29.42693512  -4.74414815
 -27.60854199 -18.17431367 -26.52427692  11.92703591 -24.7366762
  14.09441746  19.1227803  -24.16702493][ 16.98697407  10.69115714   6.50351534  25.39803787  -0.54499694
 -32.04880563 -13.09295299 -25.23556943  10.94794791 -25.73530523
  12.14938735  18.14655149 -27.80885405][ 16.76827218  11.91906946   6.56883537  25.10313469   1.779231
 -32.9084582  -15.89285706 -26.30983743   6.3688894  -30.93208848
  19.28363282  16.16617233 -31.25038479][ 16.33915777  12.99783889   8.25784323  25.61014271   4.6938075
 -33.37336008 -20.06748857 -22.28746543  -5.79127989 -29.76021413
  20.87489597  14.23443991 -27.72240605][ 15.67226125  12.05965029   8.53447459  26.23331193  -3.73563235
 -27.09592525 -18.69928503 -19.50037599  -8.157256   -34.07851637
  11.53624865   9.59004335 -25.55165765][ 14.94370056   2.65120131  13.89168183  32.50194673  -0.79515924
 -12.20608645 -19.35128914 -21.73428386 -23.64285826 -30.96375408
   1.60854766  12.88163449 -17.35821662][ 14.61468182   2.79104413  14.05078359  22.84174177  -7.13368852
  -5.75331739 -14.4982789  -12.32811315 -13.31602697 -19.39929262
  -6.34124218   3.85169581 -13.9662024 ][ 14.82549924  -8.82647431  20.23273259  24.01391247  -2.25558092
  -4.50841186  -9.80093812 -18.09393373 -16.18664074 -11.19706019
  -9.85113704  12.38597167 -10.16865994][ 17.03206863 -26.5610774   36.99231406  28.41546131 -12.29338794
   2.98615315 -19.42486009 -19.86988783 -19.56448737 -15.17539357
  -8.58427718  20.15376961  -9.95700177][ 18.0281146  -29.39623377  29.24307662  13.24266526 -14.90193162
   3.49666088 -14.62586033 -13.9683966   -8.89470257  -8.34622318
 -16.19864772  13.97468491 -17.9523422 ][ 18.51249762 -39.52671808  34.46819647  31.28193446 -14.06213811
   7.00115828 -10.86463569 -11.77763366  -4.30640281  -6.46893213
 -14.9921219   14.2346293  -18.54940776][ 18.65772984 -40.38474032  22.23015441  22.45592809 -25.95470437
   4.66820854 -10.82346102 -18.23128831 -13.08159368  -8.69734439
 -26.15702863   5.57950297 -20.00873484][ 18.94609715 -41.58252585  18.89187312  21.46249145 -25.0167673
   6.74153045  -1.73870999 -10.1920662  -16.19359616  -2.33583652
 -24.09928991   1.20181959 -26.73706104][ 18.83512065 -45.26325792  20.2026794   31.63902193 -16.39760536
   3.30116483   4.12143747  -5.15291895 -17.52174571   3.70331828
 -17.10772148  14.91692581 -21.04195631][ 18.75334093 -44.91928937  17.95093901  28.10326522 -17.69980253
  -0.68936862   3.0461411   -9.81723997 -21.37958597   1.65245826
 -23.20031553   9.5600625  -13.08371248][ 18.66425715 -46.92378363  13.4530157   24.63753228 -21.6780268
  -7.35627221  -4.88086928 -11.62952462 -24.90866817  -3.01887898
 -27.95184378   9.94094108 -18.25488267][ 18.6623893  -41.71743598   6.54863092  20.18927151 -18.77856818
  -5.17200336  -0.47534419 -10.04183043 -18.88927054  10.99746641
 -24.53079494  10.93886751  -9.50628646][ 18.38426245 -44.4914748    7.42683195  29.8486701  -17.87971555
  -2.28246453   5.27935633  -2.73286547 -10.38565079  12.69409156
 -19.8669152   11.56806083  -7.14914785][ 18.20046407 -44.10505121   5.54291386  29.59356581 -16.8711923
  -3.53008986  10.03285521   1.27421374 -12.59125264  14.50777139
 -23.14106461   0.17616893  -5.87872156][ 17.74779632 -42.51445331   6.66505331  30.96547594 -14.05320287
  -5.83850997   3.52521417   3.0207174  -18.23447532   8.65372837
 -16.93765965   5.82221707  -9.2339104 ][ 17.38619212 -40.89072233   4.38500581  25.70950546 -12.24315519
  -7.18613734  12.57405996   7.98532501 -18.6973252   18.70382473
 -17.13016733   3.882898    -8.65733504][ 16.70588186 -37.13009767   0.53529407  27.57945957 -13.50841019
  -9.76673706   9.95172212   4.3898529  -20.74448287  19.63636688
 -14.70525387   2.30731923  -9.80813557][ 16.00085826 -32.51922828  -4.32287151  24.62801761  -7.53891466
 -11.67149625   8.53380531   3.54433727 -15.01069379  13.4086988
 -12.15039579   2.02012674  -5.86292496][ 14.92772209 -36.43013459  -2.69210244  27.91087989  -7.26490112
 -19.24267297  -5.61947208   6.06738748 -23.02121916   0.10527923
  -8.37506517  10.74649539  -0.73888256]