[ 14.62502001 -29.05111377  -0.95934339  26.61621901 -10.88585805
 -12.47098876   1.94226417  -1.20427239  -3.89854262   4.94054319
  -4.63789564   0.28179267   1.73566553][ 15.82603286 -32.96192859   3.31691198  34.05332756  -7.17554471
  -9.79746897   8.8115073    4.86258372  -2.99483633  13.0067934
  -0.80317429   3.45016309  10.37162592][ 16.69291364 -35.57399131   0.81467016  23.03902527 -15.52233159
 -10.0062301   10.95405679   5.02686823   3.0564275   10.27985711
   3.73413029   7.66097031   8.70951258][ 17.89907228 -39.4827363   -3.00714782  22.11568059 -12.68497702
  -7.49612855  11.5635675    3.60046476  -2.7472418    8.27320542
  -1.00127102  -3.07218918   9.29433757][ 18.65615486 -47.36152705  -4.36469477  26.41086701 -18.10649938
 -14.08764967   9.22122956   6.89327054  -9.56887701  10.28966056
  -5.66418946   0.59566932  -4.00851674][ 19.27518993 -49.02816507  -2.1341187   31.01464086 -14.66406943
  -9.87748249  10.88538043   5.7396912  -15.71156242  11.29210266
  -2.03654381   9.79379882  -6.28612515][ 19.7776094  -44.27175664  -0.40673816  25.86173058 -18.81702692
  -6.85336833   8.05564017   6.68584103 -14.48021142  11.90583865
  -2.53303194   8.71430951 -10.89684437][ 20.03756979 -42.13573879   3.85774214  23.64303254 -18.85634977
  -3.91344329   8.78200931   6.98390498 -12.06006014   7.29590492
  -3.79195067  11.15248299 -10.19838717][ 20.18325398 -48.26841313   0.81253019  22.21743411 -17.49274387
  -4.37049357   3.83796074   8.3960611  -16.09218643   4.01903803
  -1.51722258   5.42322536  -8.49173836][ 20.51928288 -42.14168842   1.77258514  20.49451289 -17.75520868
  -2.4324629    6.46665302   5.20766998 -18.82508346  10.73432278
  -6.44908524  -0.94078887  -8.25409275][ 20.89133299 -40.68581628   4.24609372  21.93354138 -21.43112023
  -1.49972393   9.7372931    3.62282037 -15.52746601  16.2667905
  -7.88419465   5.68216809  -7.28739939][ 20.94972766 -34.51624897   2.94450964  17.79010551 -18.23121004
  -0.11641274   7.13883908   2.96684497 -12.13475624  14.24880372
  -9.50070943   5.34664265  -8.9392373 ][ 21.09765733 -48.0351635    1.78434988  22.51166647 -21.58270768
  -2.52186093   5.86463347  -4.14264144 -14.05367911  17.67297897
 -11.46701729   1.81518485  -9.7439154 ][ 21.07311902 -47.86388321   0.2986056   24.15297683 -21.28976004
  -4.09191634   5.18179098  -0.87234877 -12.92090216  14.78940393
 -11.86616334   0.62282945 -11.48475702][ 20.68278943 -45.89772983  -4.84856742  20.5867778  -17.50090423
  -4.32531376   4.62591405   1.52554846 -11.85956289   6.49204424
 -13.56636015   5.33049245  -9.62492064][ 20.31166513 -32.79865198   4.94343268  34.14250231  -9.87583338
  -1.25017857   9.93097246   3.76378298 -15.63157943   6.08702303
 -17.73342258   4.80093275  -8.10172951][ 19.74150734 -12.41674564   6.40362266  32.6212475  -15.39090995
 -14.55716024  -6.70659301  -5.75177184  -8.45183626   0.49408747
 -19.23269753  12.80930886  -3.84238123][ 19.79295096  -4.47796854   1.42428327  34.29878207 -20.9324878
 -31.67224092 -25.8809572  -17.02319898 -12.9865167  -10.19194789
 -26.00688347  21.64570365  -6.46695655][ 21.78090283  -5.26097568  -5.51569663  40.5289559  -17.2316554
 -30.91192915 -30.9289912  -16.90567591   5.19399131  -3.53577108
 -29.5060129   35.60568452 -10.11036207][ 22.41736576  -5.69248136  -9.98935031  36.7320623  -17.90323201
 -32.83972081 -32.9137057  -15.5513425   11.10541633  -4.82177653
 -28.66745092  37.61761184 -12.52480219][ 22.52079301  -6.83435735 -14.79842888  30.36612227 -22.87189987
 -37.45229581 -38.13847552 -16.89579984   8.86257167  -7.0160329
 -31.02358071  29.45081082 -20.43575068][ 22.23478249  -4.210708   -13.87454536  27.642787   -17.15264003
 -35.23763859 -30.92934625 -10.79414938  17.37704578  -7.12937994
 -25.48619168  21.90552604 -16.79434071][ 22.12426571  -3.17860176 -18.90058205  23.12398318 -23.62917206
 -35.62622606 -31.569812   -12.51611451  15.42519366  -9.46188414
 -27.48969125  14.40688477 -21.10773995][ 21.95693652  -1.42573783 -17.5068976   22.34494059 -19.89047504
 -29.88360316 -30.73962882  -8.36920875  24.64993955  -3.39295405
 -18.00463231  18.16485055 -23.25327339][ 21.66672232  -2.83337807 -16.24933534  15.84140172 -20.3566875
 -31.97570564 -31.88130805 -11.25475972  23.29678385  -0.09349811
 -18.60500651  11.1294255  -27.42040726][ 21.54491527  -1.46119595 -13.99567737  13.34176036 -19.19078453
 -24.6676447  -30.57302109  -9.05253941  17.90442773   6.48012068
 -12.70790774  13.2275645  -22.20196026][ 21.39279622  -0.33072514 -12.47390941  16.879365   -17.52949945
 -31.45767902 -30.82571508  -9.90651238  18.16446259   9.02864766
 -17.72657687  12.49033985 -23.26309133][ 20.9984625   -1.03066769 -15.23376457  10.69270613 -22.74567914
 -34.24712756 -36.28908779 -20.30013408   5.37376705   3.0778332
 -27.80180736   3.25614575 -30.1436584 ][ 20.10258397  -0.42629648 -13.61256143  12.48546623 -19.93880983
 -31.10136539 -35.18080038 -23.42034279  -1.7906542    7.29452505
 -26.65685114   4.39496542 -29.74409038][ 18.03734838   3.93924456  -4.27996897  18.59944112  -6.45523841
 -11.78459959 -19.0850163   -9.87496767   1.73677907   8.35478092
 -17.32755077  -7.54963236 -19.34521061][ 16.45051188   9.36129392  -0.1976855   22.13895612 -11.46066875
 -29.85277636 -31.18675485 -14.71451904  22.39462682  -1.26398805
 -15.57835998  -1.63198656 -19.92296894][ 16.08589261  10.45797496   1.75177722  20.57679743 -10.91478801
 -30.92594202 -24.49774932 -18.9837158   17.04108197  -1.19356685
 -14.95625802  -0.10360755 -17.47320218][ 15.69140568   6.29965039   7.86570768  24.51114048  -6.83286276
 -26.71568258 -24.84711938 -16.24957438  10.28185225   7.47525559
 -13.45231467  -6.52120574 -15.50577581][ 15.6145039    1.88943018   8.67695828  20.20685343  -6.5151275
 -14.25094277 -25.10649648 -12.24015112  -2.0145191    6.30170286
  -7.0675982   -2.0432786   -9.23949249][ 16.98599744  -3.2889374    0.8823784   23.62429745  -1.21088102
 -17.92846082 -34.40718125 -10.96441964 -10.8030877   10.82125287
 -12.60330927  -2.58018335  -3.3727674 ][ 19.17495343  -1.94235016  -8.93201084  13.47843284 -14.1878914
 -31.65534334 -35.56018889 -15.811671   -11.27826379   7.4271562
 -29.76631989  -6.53451426 -13.80980747][ 20.23564179  -1.24873401  -8.791466     9.67137747 -16.84079837
 -23.79946593 -33.90759436 -13.98355464  -2.98180958   7.89914434
 -27.9682229    7.51170867  -2.45684108][ 20.71776761  -0.88278294  -6.0717469   12.80041459 -17.93294251
 -30.72192948 -33.78360254 -15.73891354   8.17241281  16.31368792
 -31.55910051  11.2844262  -11.70836506][ 20.91115678  -0.48661177  -8.16973556  11.99007469 -21.40562397
 -28.78851602 -29.74497943 -18.07362613  11.26115068  15.49330376
 -26.54593171  15.78101684 -16.25583085][ 21.11096617   0.78789668  -7.94158768  15.12291267 -22.64739215
 -29.90907133 -24.58056948 -15.45824065  18.58886738  16.25644949
 -23.61211593  15.39445229 -17.94659735][ 21.18514809   1.22041185 -12.84391534   9.97791818 -28.48313379
 -34.7759651  -24.4885535  -17.16362894  17.44484696  11.56788925
 -29.6585397   11.86093974 -25.4991029 ][ 21.13035271   2.24462165 -14.69418416   9.1766901  -28.95545301
 -38.31026412 -23.48572759 -19.67330899  17.35225206   8.35842278
 -29.96547276   6.67428074 -28.36596847][ 20.99725157   2.64689093 -12.96546861   8.58690129 -27.09497569
 -34.21665622 -18.36908024 -15.37998352  12.5094568    4.46299765
 -26.15161943  10.84780527 -22.00334906][ 20.79640624   4.12333176 -11.46566067  12.07310503 -22.70815312
 -32.13523957 -17.3909194  -14.62679166  14.77562757   4.79714718
 -23.24445829  13.29894892 -21.51525479][ 20.57331986   5.36422315 -12.66856467  12.20223177 -20.56608311
 -32.93637607 -19.46804035 -21.66566935  12.32205294   3.93152414
 -20.86090906  16.11156085 -21.90763282][ 20.02353926   7.9993096   -8.34439731  14.67697583 -12.20268572
 -30.51516985 -18.34102268 -19.34520001   8.23510909  12.45589902
 -20.20384813  13.14749594 -17.47271113][ 18.8344422   13.97093612 -10.09123814   9.08127074 -10.23635824
 -36.099508   -23.75053188 -27.90071838   1.05495909   7.24231668
 -26.22768676  11.47430706 -29.92240753][ 17.78299692  14.484118    -1.11430709  13.14280715 -17.54818922
 -27.20225186 -18.16062904 -24.00906577   7.07948544  -9.8057337
  -1.45340294   1.8258865  -42.41215664][ 17.79847185  15.75297196   0.12800051  21.03013671 -11.20596584
 -33.18202196 -16.12343906 -35.67058153  25.00632576  -9.61784308
   1.42311502   8.2322196  -48.05700272][ 17.73711718  14.0202337   -2.55167967  16.42393728 -11.514124
 -23.53460974 -14.52839129 -37.68897123  12.91581242 -19.22480818
  -1.38484956  14.71807992 -42.73870921][ 17.64681438  15.55540281  -1.72346206  19.6741024   -9.29767383
 -13.69315135 -14.27621373 -39.72346084  14.8360387  -20.67992806
   0.82436258  16.13066231 -37.85050448][ 17.39159485  17.46570336  -4.73747095  23.02156419  -6.61277092
 -13.02003094 -12.48892256 -45.8553307   17.39910543 -23.05852034
   4.80850645  15.3878299  -44.56365504][ 17.1143551   16.29620924  -2.9781382   13.64064711 -10.53862134
  -9.82120363 -16.48033352 -43.05601279  10.15492687 -21.54205656
  -2.24869496   5.29694261 -47.11797669][ 16.81427322  18.31021695   3.24660079  16.64798931  -7.08944042
  -8.24749327 -22.44916985 -46.45961115  18.75275316 -13.5753058
   8.19778399   4.52887404 -47.22026038][ 16.55063658  19.65583633   8.45884822  12.0999817   -9.10604502
  -7.31607071 -20.76235322 -45.35088972  22.96206266 -12.91049155
   6.92906064   1.87173047 -44.31129896][ 16.17198938  17.95689383  13.28516452  10.25707758 -10.87609962
  -8.69988677 -17.05538934 -31.10325348  19.05194458 -14.6509284
   5.91005719  -4.13725567 -38.90212991][ 15.6173005   16.68757408  16.00922603  10.51840718   1.39884068
 -18.19933794 -13.28885861 -21.27857141   6.84085363 -12.90620291
   0.18525547 -11.40604041 -33.91133456][ 15.09248061  14.08448459  18.94821354   5.93382527   7.89839807
  -6.94038375 -10.71046391 -18.11416421   0.88269732 -19.34420458
  -3.52540018 -13.15828572 -23.25119281][ 14.5425069   12.23872272  17.85753445   3.74290446   6.77489469
  -3.12010151  -4.0957668  -17.16716525  -0.33101199 -20.82177663
  -9.55703398 -13.25165432 -18.793149  ][ 13.83805797  10.08104802  19.27184214   6.27106465   8.57668068
  -5.7459513    0.76649403 -15.38228292   2.45490155 -14.05909325
  -3.63746894 -17.72935389 -16.80068311][ 12.98122591   6.64287617  21.42861978   8.39242137   9.77102623
  -8.63414999   0.39281048 -16.36520784   5.22550136 -14.67610892
  -5.55140997 -12.17285779 -11.05206189]