[ 10.63724905 -13.23737126   3.67516349  -5.76721725  -2.15001123
  -8.71349415  -7.36867578   0.6268357    7.53190653  -6.25714958
   0.94323062 -13.83386536 -11.25335743][ 10.74123063 -14.94243502   4.99224481 -11.23624877  -0.84734829
  -0.95424639   2.52895034  -3.49375991  -0.44104608  -2.60970684
  13.61113738  -4.66739102  -5.69427642][ 12.57344119 -17.27923883   4.64872674 -25.11106504 -13.78911383
  -6.48255266  16.91002268  -2.65778846  -0.80347826 -16.7249052
   7.88816562   0.09296071  -6.11075165][ 14.86208372  -8.62549824   1.60795864 -31.79140448 -16.18039435
  -8.80349594  30.11887855  -0.98409906  -5.65393075 -13.98878756
  13.26361046 -17.99112341 -13.25727088][ 16.96394989  -0.92149723   5.02296337 -29.68799672 -37.96041782
  -6.03401239  27.31702579 -22.92838522  -0.63695405 -24.58436014
  -2.73432646 -11.44918    -18.42955524][ 18.3307877    2.77586301   1.15324822 -23.66570348 -43.67745433
 -13.96451261  22.15517463 -13.68097407  -3.38585891 -22.66983819
   1.86717276 -18.13697419 -23.77568987][ 19.40574956   6.0493716    0.65565559 -12.21066674 -45.2324619
  -9.08584988  29.66234948  -7.11209745   1.92129656 -18.55974209
   3.98791862  -6.50386867 -22.82680964][ 20.19913007   6.81061168  -6.52283122  -9.68231519 -42.50378636
  -5.07780287  20.55792981 -18.97200935   5.20547561 -15.71562883
   1.60553572  -0.59758747 -22.3848196 ][ 20.69129181   6.61371704  -0.93701968  -9.39537402 -47.65723185
   1.17881232  35.38194203 -15.61330583   3.22571882 -15.23383656
   2.01815425   7.79185221 -28.72507611][ 21.21004728   3.19010678  -6.62296014 -15.80247581 -52.31804562
  -5.74659731  27.15373975 -25.64209822  -3.07448179 -20.86790887
  -3.06414724   0.45299453 -36.18203421][ 21.44688934   3.36826252  -8.22360332 -10.49325543 -44.39150845
  -4.43006125  23.34356633 -22.03940161   2.5841736  -14.50350764
   4.66753211   5.49533763 -35.89304387][ 21.42633677   6.64585685  -5.54971294 -11.54426885 -51.72418038
  -9.28901279  35.15183025 -23.87320367   1.88060824 -14.95180533
   8.52838876   5.66098402 -38.34338628][ 21.28700685   8.92698083  -7.00112022 -17.12233976 -53.5348682
  -8.75247394  24.28571645 -21.66333824  -1.12762828  -7.87504069
   3.85159171   4.66839042 -43.01222923][ 21.39521761  14.32066297 -11.23626477 -21.55818761 -37.02979259
  -7.09877853   9.06320846 -16.29025855   4.49016121  -1.78910359
   5.64135722  11.90275436 -41.82462941][ 21.4955313   15.26231956 -15.4044896  -19.84005209 -27.94891543
  -4.58089868  -4.75435556 -15.94560063   5.62324758   6.0527788
   9.10494277  17.74379643 -45.66594181][ 21.37187057  12.94271839 -17.39413211 -16.05020884 -23.53473637
  -4.76484578 -18.70153942 -21.66236379   8.35802164  10.63210687
   7.39683558  16.98311767 -45.52363133][ 21.02014204  12.4307147  -14.69393239  -7.61585738 -18.12226184
   1.31479271 -33.08321945 -22.1409365   13.6155142   10.83223344
  -0.83938342  18.08572299 -37.13547236][ 20.62126149  10.3882978  -15.6121563   -2.10656514 -11.9777844
   0.45478398 -50.02236347 -24.00253925  10.85458791   3.81944941
 -18.50166656  17.30308423 -35.13005547][ 19.78595274   8.5399014  -11.99297814   3.80674515  -2.32539059
  -1.88856903 -44.03234388 -14.19354797   2.98462158  -6.64543961
 -25.04835254  14.32365308 -18.77431306][ 19.16264369   0.08581316  -5.99595788  17.01170486   4.37414009
  -0.52113713 -40.40540748   3.76393113   5.33498235  -6.80850854
 -23.54960558   8.65242272 -19.40846468][ 19.33619328 -15.64983049  -1.58558941  27.1980917   -1.96747729
 -11.63203727 -23.31643557   6.76522938 -15.63876263  -2.10070005
 -15.01161365  16.59179851  -6.48813646][ 20.52039677 -30.1547147   -5.49243872  23.51663243 -10.28474422
 -12.83857123  -9.37869392   4.82570708 -18.33377496  10.07144456
 -10.62627659   7.17281806  -3.05678543][ 21.31064368 -35.97292527  -1.98061557  29.82553733 -12.29101016
 -14.52321751  -5.00687702   2.35686121 -29.47493606  21.22896699
  -8.09628637   4.51659944  -4.80224975][ 21.89283019 -38.79259978  -3.63660597  31.47439552 -17.2731559
 -18.34194367   2.05557791   8.54811607 -30.98557394  22.41606595
 -16.8091684    0.2721684    2.23901543][ 2.18558685e+01 -3.54243873e+01 -4.20268316e+00  2.75642711e+01
 -1.84292400e+01 -7.33503533e+00  1.03919627e+01  9.35272913e+00
 -2.74550973e+01  2.50304145e+01 -1.26363338e+01 -7.58579990e+00
  2.94311761e-02][ 21.69036299 -37.98202068  -4.81419347  29.51909682 -22.38370968
  -7.31001402   6.2673558   10.85680168 -23.66619689  28.12802083
  -5.55460054  -5.33309381  -2.06187277][ 21.50937719 -38.79919878  -1.28840768  29.17549476 -26.60734253
 -11.3661155    4.51409518   6.08699416 -31.84782501  20.60276906
 -10.940883    -9.38277861  -5.22090746][ 21.62359648 -43.91398585  -4.75274773  29.41423948 -26.11660231
 -15.38402842   2.7355173    4.63656936 -24.22279323  25.33145603
 -14.34409122  -8.73303849  -5.71065278][ 21.72931041 -44.73006635  -4.05902534  28.33006234 -26.48179786
 -14.75166728  11.79995396   1.52053801 -22.81722976  20.42278679
 -11.14862303  -5.73644623  -7.30253309][ 21.62930408 -42.89079777  -3.76513245  30.75378641 -22.86759633
 -15.06156157  11.8011833    5.43198785 -19.19247948  22.2899257
  -7.86156206  -0.50460738  -7.67983315][ 20.96743977 -42.19429689  -4.32233812  30.71776791 -19.88129676
 -14.75779792   6.1522679    2.364023   -14.44326389  23.42728447
  -4.83031079   2.14375432  -3.14996983][ 19.66978452 -29.94559601   6.56905201  32.53389247 -16.51904437
  -7.47511203   2.40067843  -3.87530991 -17.78857924  15.46147672
  -9.20980091   0.56092637  -5.615305  ][ 19.09327197 -14.96769926   6.35895785  32.327765   -14.84640609
 -24.81530098 -23.13709213  -5.23152507 -10.44422281   3.11378383
 -28.68617396  -1.83719497   4.51436026][ 19.34621295  -3.94478052   7.16502758  29.74688022 -11.28566959
 -23.22860082 -38.94442669 -14.40998498  -2.81915101   1.00692084
 -32.43860712  19.88200596   4.93693529][ 20.23731592  -2.89589621  -0.32230782  23.94908799 -13.66975626
 -22.47193899 -39.44388404 -19.40579452  -4.5260795    0.68736212
 -31.88934425  21.48271533  -1.27773967][ 20.8206817   -4.16380545  -5.55681764  20.93980849 -14.61616338
 -32.29583388 -35.95634413 -19.20505856  -2.86042652   2.22068429
 -32.09562918  16.02709895  -8.25587733][ 21.25211123  -5.71135052  -9.7868683   17.03819244 -17.77558701
 -36.32361623 -39.91719026 -22.88024476   0.39158382  -0.16312475
 -37.64527627  20.86378358 -14.75685524][ 21.64131721  -4.72175093 -10.54787483  17.53305103 -12.07525908
 -28.09424853 -30.73695366 -15.28971804  15.45796681   6.57679252
 -23.8585833   25.28111707  -8.38188234][ 21.82088008  -4.79005083 -12.43727599  17.28815387 -11.9873379
 -29.62736133 -34.25142317 -13.83554625  17.1660477    5.49119668
 -26.85579489  17.69458189 -15.18610578][ 21.6950269   -1.66001599 -12.93538677  16.22110944 -10.43401285
 -29.66352648 -31.61853134 -10.86782487  20.45832229  11.69058077
 -23.64856063  25.20525047 -16.05474451][ 21.60061589  -0.73379595 -14.40299529  16.94628667 -10.70706125
 -29.95147491 -39.1480277  -15.05414243  21.97417812   8.17952793
 -18.52519538  22.29307673 -20.50823652][ 21.43668032   1.37419108 -19.74636977  13.1595436  -13.15210997
 -32.74806492 -37.06527212 -21.77063594  20.99724621  11.71654542
 -25.075317    20.20874173 -20.50220524][ 21.05173079   3.50810407 -23.98793877   6.32336879 -14.70602602
 -28.31784276 -43.45490339 -32.12833286  13.36781385   2.68783821
 -32.41430988  15.66243525 -28.52842431][ 20.148723     8.09329324 -20.49369919  10.86410586  -7.60357796
 -16.11967929 -37.18103559 -39.31183949  20.09410032   5.46524308
 -21.8514081   11.04780606 -24.41023215][ 18.22515269  13.14168008  -9.91816322   8.99046151  -0.48224062
  -2.94715157 -31.40424307 -32.15502057   7.40882605  -0.63070915
 -12.13720552  11.75619249 -21.07766203][ 17.23130545  18.70720394  -3.8015844   11.75354966   2.50237022
 -17.14898316 -37.44160283 -27.69558977   7.5377194   -3.84455557
   2.33965164   4.36275972 -25.87641047][ 17.1859972   18.3456014  -11.79000782   6.81875674  -0.1440063
 -24.14393062 -35.87703951 -29.17117848  -4.24989183 -16.89817495
  -5.70399743   3.59561711 -30.17045497][ 17.29421879  20.35671637  -9.21667373  18.37520516   8.64793482
 -24.5241189  -32.33524505 -31.7805126   -0.5168346   -9.65242838
  13.49469083  17.19913635 -36.51753508][ 17.31222101  18.41734194  -8.35551021  13.95848514   4.48849596
 -23.22981895 -30.36319536 -29.07075691  -1.03987823 -15.99562379
   5.77462371  13.13394059 -42.23365504][ 17.27524308  18.42945349  -8.94022161  17.11820012   6.58898282
 -21.80669837 -26.12348521 -38.92817662  -8.41769621 -12.03995887
  11.54933463   9.61796867 -41.29401563][ 17.10055504  19.34027758  -7.29740057  18.59757432  11.61551487
 -14.28699828 -21.16979268 -43.75202578 -10.1243619   -6.98926667
  11.1720953    8.55854863 -35.82012021][ 16.9136613   17.60172711  -7.84787262  11.72575374   5.19746712
 -16.45581145 -24.68207929 -38.29272398 -12.42893114 -10.60464207
   3.03447337  -1.63855026 -36.46456452][ 16.62368078  18.72372156  -2.82188455  12.94457608   4.92668935
 -11.34976292 -21.98523217 -38.92086974 -10.93965451 -11.71347536
   6.27733868   9.4251235  -31.89535531][ 16.35468344  16.02161685  -1.14092874  13.33722322   2.09094332
 -10.52811112 -20.78432592 -40.57782256 -17.55639051 -12.5289478
   6.77388288   1.78248612 -22.52544081][ 16.22108917  18.02963367   4.71897541  15.63467951   2.45133825
  -8.99963155 -14.85560297 -41.83980055 -14.0253214   -7.36036029
   5.99227996  -0.31914922 -19.30107404][ 15.90343957  17.3556765    3.65300166  11.22017804   1.54782839
 -15.15584304 -22.13525825 -40.88822543 -21.74018537 -13.10683944
  -3.69591682   1.02597494 -18.85369546][ 15.44125049  18.33801332  11.93553768  11.70660104  11.18649136
  -9.7059202  -23.96813047 -45.99949391 -19.67553602  -1.16698106
   3.27833036   1.96500014 -15.46749289][ 14.89094787  16.70230756  14.98773256   9.69932993  13.83576848
 -13.11611063 -24.08998551 -36.77955547 -14.05853426  -8.8016131
   0.29025914  -3.89017748 -14.56004039][ 14.35846687  15.46536064  18.56762146   6.5756746   10.21677622
  -6.29013302 -12.26305202 -24.89740537 -10.36563042  -4.8068071
   2.48220168  -3.55450386 -13.84886857][ 13.7012939   10.22821182  20.75479572  12.08876151  13.16819668
  -1.90352486  -9.97869709 -21.73894678 -15.56913525 -10.77157161
   2.88731034  -7.06404821 -15.08430015][ 12.77068409   7.99144524  19.3871208    9.3803602    7.94215817
 -10.53384568 -12.80720942 -18.38488987 -14.45622795  -9.60413455
   4.22694974  -6.60058598 -13.54571914]