[ 10.43684713 -10.89494352  16.31265608   3.6554163   -2.09895019
 -19.84705321  -3.69197039  -3.52627766  13.10899715   1.75419142
  11.92765381  -7.78115545   4.97326917][ 10.43893139  -9.30944662  13.79495972   0.2212185   -3.80312865
 -17.18133825   1.61174178  -3.15723988  10.15073337   3.57366979
  13.58649254  -3.22255929   2.56475677][ 10.55003079  -6.24603805  19.05782738   4.43837457   3.66953182
 -14.09741151  -0.39126442  -6.98554577  -1.43517057 -12.3407488
   0.71057644  -7.05601404  -4.09965106][ 11.8267109    6.4660828   23.55712818   4.73491572   7.08338101
  -5.31003788   1.59161686  -7.90402425  -4.71985811 -13.05275192
  -0.04912211 -14.93006879  -7.99842808][ 13.24639744   7.59099888  30.37948625  12.72588267  16.05131552
   0.19747848  -5.15052771 -14.96986702 -12.32709551 -20.62744044
  -3.1944595  -14.5553606   -4.78857006][ 13.88879608   6.00504     27.21360401  25.42537142  12.36387176
  -6.85191563  -6.43776424 -12.68541061  -9.54863065 -28.53342511
  -3.81957858 -11.97947405  -4.68943631][ 14.10908994   7.44606828  23.34346603  20.01182291   4.18967793
  -0.05062514  -3.6542399   -8.21664411  -3.42470315 -25.30531736
  -3.63367655 -15.19277508 -14.71696649][ 14.32934931   8.44956267  22.1035969   21.08999386   3.64958494
  -1.20729631  -7.90103807 -11.1614401   -7.12473395 -28.80665164
  -6.62981323 -16.74617679 -10.53445509][ 14.46678137   9.9482583   25.75960237  19.8374821    6.34752071
  -0.19856006  -8.06093361 -12.89903514  -0.79221033 -27.38052381
 -10.29791469 -15.82428984 -13.85913227][ 14.44832776  11.30563485  22.45041523  18.53738288   0.70566788
   0.0880372   -2.07634573 -22.02305929  -2.27085825 -20.46670181
  -6.6365923  -17.58978766  -6.19788406][ 14.40812898  11.94619169  22.66653576  21.10964365  -0.61910948
  -2.26687554  -2.3559199  -21.84936838  -3.29827702 -18.79394833
  -3.9400006  -10.25909145  -1.10652914][ 18.33536503 -20.65697357   7.91753793  30.83844173  -4.08291194
  19.16555861 -31.74178852   8.45781746  -9.16612013 -19.90073484
  -5.06903636  -5.0767728   -9.95340032][ 18.62807177 -17.26242053  11.08912703  25.97281954  -4.26298895
  14.19807369 -29.54124225   5.58104047  -4.97570305 -12.10495675
  -3.51264492  -5.89250057  -4.4486849 ][ 18.52139893  -8.62655525   6.38090703  13.63770248  -7.2328811
  -6.9565006  -32.3794419  -11.32214907 -20.7349541    7.6749508
  -3.18252666 -21.79962132  -2.28649   ][ 18.77746953  -3.97458538   2.10788479   9.34059444  -0.3301811
  -9.29074939 -22.8249647  -18.40595281 -14.52082343  11.61283698
  -1.59733691 -12.63352746   0.4355721 ][ 19.16834325  -3.56559112   2.7822763   12.71931342  -1.86253487
 -13.84285612 -26.58446864 -34.14991675  -8.96637981  18.64653065
  -5.25315102  -1.29671904  -9.69557798][ 18.93701648  -0.33214379   1.53184494   6.21737258  -6.91451294
 -13.47650725 -25.59520445 -30.80403072  -3.7423701   15.95455135
 -11.32868068  -1.07960582 -18.17166502][ 18.43640724   1.49592788   3.90905148   3.38092981  -6.43890202
 -14.88193532 -25.75871424 -25.39909276  -6.02040583  17.23754256
  -9.07209189   8.08017213 -22.23076786][ 17.90964223   3.23535275   3.00778136   4.06538407  -7.45524184
  -7.86532715 -16.09024536 -21.09878392 -12.10715543   9.46057993
  -7.64770868   8.35097829 -27.12488709][ 17.61838268   2.01790944   0.62684302   5.88170315  -8.37649703
  -8.39640479 -13.49608494 -27.98859148 -15.55362326   8.79246976
  -0.05360801  12.70923722 -34.89451847][ 17.32065447  -1.29830088   0.53182656  10.83463277  -6.85291117
   1.60167108 -12.01671526 -27.54680479 -16.31373741   6.90457092
   3.13341282  15.52718473 -38.17856942][ 17.57632753  -2.16348361  -2.36232823  10.40373643  -6.19352638
   0.09060417 -10.28396094 -27.82256427 -23.68453407  -1.06684756
  -0.04482716  17.19906437 -35.39616814][ 17.42672165  -3.5499582   -3.2920828   10.49971668  -7.71306282
   0.3120343   -3.33695272 -25.67378602 -25.78526009  -6.03344507
  -1.61451209  15.78167984 -35.85032956][ 17.91336059  -0.92250231  -3.25804881   2.33314117 -13.61608059
  -4.86649985  -4.35514988 -24.87674861 -27.70658454  -3.91792304
  -0.2957265   15.77727009 -38.29912282][ 18.54893169   0.58563338  -3.91524247  -0.13835462 -16.88356647
  -8.55773423  -3.69485629 -25.34298784 -23.37873136   6.16750755
   8.08456781  22.47162904 -39.20514739][ 19.99727781   2.37564628  -6.16670737  -3.61277592 -26.77855795
 -14.94504808   5.24971227 -19.82841831 -12.69757477  12.8895377
  17.32495918  22.28671667 -42.79706859][ 20.49152772   3.91114673  -5.44702548  -0.55694325 -27.00809031
 -14.45308256  11.31099971 -18.07477845  -5.79613611  16.0381732
  23.30570754  13.64838261 -47.39491233][ 21.23056775   0.60680814 -14.92417003  -9.91189508 -38.59253859
 -16.0447872   10.69837383 -23.79040043  -7.63153113   8.11735516
  13.1914072    4.84573699 -47.74702963][ 21.53438351   1.64003148 -17.57480364  -8.35370594 -34.29953747
  -9.87358637  15.46423672 -17.7693467   -0.43451664  -1.77894632
   3.96582638   3.18811662 -35.49735624][ 21.72141243  -0.47490572 -21.04709674 -13.61079394 -42.67743066
 -12.65977183  26.50923207 -24.78782641  -0.70201571  -2.89854376
  -4.71256778   2.55314675 -44.6060017 ][ 21.76501653  -1.03986676 -22.53120858  -9.87338393 -41.53265251
  -7.74577284  25.5781015  -20.94045924   1.05303632  -3.02346
  -4.74713124   0.76854942 -33.64391227][ 21.87904719  -2.00057039 -24.45268567 -10.10913698 -41.29432398
 -10.63649263  36.75328197 -27.10086174   3.19580196  -7.3961719
 -10.14824361  -0.54684065 -43.06169145][ 21.70186555   0.08004242 -24.78694627  -7.8111388  -36.39187817
  -5.8821349   34.82346523 -30.96433297   4.89348346 -10.93872974
 -12.13471624  -8.36745201 -41.86221486][ 21.57587841   2.01260755 -23.91469346  -7.0745485  -32.64630151
   1.75850637  42.75822385 -28.27832766   9.01535189  -4.17262333
  -8.13539689  -1.40194964 -35.08039161][ 2.14101129e+01 -1.77486625e-01 -2.46482525e+01 -1.34984046e+01
 -4.20263542e+01 -2.80115061e-03  3.62832035e+01 -3.32550871e+01
  3.34792666e+00 -2.90297456e+00 -1.19420739e+01 -6.63282500e+00
 -3.56479232e+01][ 21.28174681  -0.76176495 -20.79363052 -11.0363944  -38.41535227
   6.17211305  31.78892885 -23.13293019  10.20323323   2.9014502
  -8.06096479  -4.00512842 -23.48865864][ 21.06921007  -0.73731321 -25.67574525 -15.61381443 -39.83646513
  -1.4001442   37.92925025 -38.02749732   6.91545108  -7.22833503
 -21.28791096  -9.15653778 -41.74204018][ 20.76522254  -1.16250058 -21.22994251 -15.22474828 -37.37135701
   8.0979517   27.00603637 -28.23187431   3.90040736  -7.96380073
 -21.2650455  -12.76327922 -31.12044684][ 20.38710505   5.89337472 -21.24208368 -10.14908148 -32.57874523
   5.93412425  39.43020843 -31.50685773  14.45090582  -3.6758042
 -17.04982353   1.65395764 -28.84312386][ 19.45880431   7.98117667 -23.56633435 -11.82435102 -38.48801245
  -1.61699596  29.31009992 -37.65957992   6.06601597 -12.59724524
 -28.37537711  -5.55654149 -27.26985837][ 18.72261034  12.05646374 -21.17576331  -7.93500691 -37.71376467
   1.13847289  26.16374519 -28.17271773   0.84034806  -6.9788989
 -19.1991009   -8.55491901 -12.45755012][ 18.28530682  15.45419833 -18.3840378   -6.40200521 -33.22120277
   3.93506383  29.35495374 -25.15404787   3.27369881  -1.41772679
 -20.67126093  -6.69698003  -5.74642147][ 17.5662577   19.63259623 -15.23068864 -13.11229531 -31.82239133
  -2.51825453  25.00790942 -28.3010967    5.19693441 -18.50216982
 -24.67595894  -4.64290907 -13.40772551][ 16.79690065  14.58862386  -7.06385973 -17.96141048 -35.3782799
   1.0302794   12.81745485 -24.45370906  -7.01868625 -22.1191522
 -23.73230128 -13.13031431 -11.42544721][ 16.15158537  19.68647463  -4.98314313  -7.73792401 -28.28669342
   9.76318083  29.79420566 -29.37568111   9.42265022 -11.20862846
  -8.93283463  -2.00763438  -1.49920905][ 15.41167686  17.80897487  -2.43624261  -8.86395363 -28.57730606
   9.0093692   26.7291368  -33.73088533  -3.04182598 -15.24308888
 -19.60128664  -4.02505058   0.18388277][ 14.75046296  16.53750615  -1.12906411 -14.71395028 -28.5477796
   4.26697652  24.5443349  -29.66166822  -7.7996108  -15.18264646
 -11.01463293  -7.95486028  -8.61706449][ 13.38698301  14.09810644   2.34235895 -15.47184008 -22.63122911
  -3.49260462  14.91190993 -26.60044838  -9.63111021 -11.00656653
  -1.98764234  -9.9423996   -7.17209516]