[ 10.36409064 -13.80746598   6.86124302  -4.59644792  -0.95245054
 -15.11550346  -3.36363605 -12.10044218  -0.89908842   4.19081535
   3.59510182  -3.37453974   1.1922261 ][ 10.36761283 -12.85425963  12.75450331   3.4120155    1.10075017
 -16.18205589  -8.55248694 -16.28540367   1.03738637   1.81761036
  -2.01392848  -7.49983092  -2.32047049][ 10.42734133 -13.71209902  11.66390073   4.32422443   2.32013135
 -15.19587937 -10.67282805 -20.93640622  -3.51553308  -0.96411543
  -6.04406641 -13.44096847  -2.85476283][ 10.61991097  -6.25629091  19.15173661   9.4374657    7.00860392
  -4.91424052   0.41689733 -11.05432471  -0.96885285  -6.64260484
  -8.60968781 -16.90930971  -3.15387269][ 11.8030686    2.35032238  22.89951313  15.11198575  14.02204115
  -2.13689194   4.94335384  -7.48819411  -0.9892979  -12.98382409
  -5.79815724 -19.27770168  -9.61764603][12.76623314  6.89029159 30.00035208 17.77085174 14.66146264 -2.73494286
  3.66088425 -6.06827402 -3.89747815 -4.31209203  0.30991717 -9.38915382
 -1.07488938][ 13.3296392    9.68912907  28.30883206  12.74706815  12.83354304
  -1.63968198   1.80324259  -9.52274356 -10.1807183  -11.92432117
  -9.04194518 -12.08310054  -3.72727511][ 13.49347572   7.8753962   36.57012168  23.75528027  17.15616326
  -1.9723689   -3.45091476  -7.84381137  -2.65582987  -1.86417023
  -0.86137406 -10.66650637  -0.33502863][ 13.628442     9.45364519  32.62886089  17.98349093  16.64930566
   5.21596576  -0.57365827 -11.12437955  -6.74512216  -8.10038826
  -1.03877718  -5.53332697   5.79244747][13.80487977 12.15228275 26.95895065 11.16187763 11.29366275  2.63552828
  1.96758553 -6.62672376  1.33080458 -3.27673547 -3.23866526 -4.62251463
  3.13912175][13.93643331 10.47618654 32.23429222 18.34240892 12.44976307  2.22287418
  7.37362412 -0.77683851  0.37234201 -3.14819748  2.40734355  1.24149879
  9.07514269][13.92892351 11.66064349 27.9856434  14.11433769 12.07754578  0.410256
  5.37157838 -4.26028972 -1.53896583 -7.52614159 -1.44876148 -5.31697697
  1.87232972][ 1.45103473e+01 -6.53575795e+00  2.52625576e+01  4.07531343e+01
 -8.61420247e+00  1.72273320e+01 -8.80225019e-01  9.01384074e-01
  3.23242459e-02 -5.66743934e+00 -6.48543549e+00 -3.53968989e+00
  7.32387759e+00][ 14.93768685 -13.33144959  29.21041673  35.50070793  -0.33897335
  20.24563075   3.95336967  -9.83166234   5.89681765  -0.89498164
   3.31651183 -10.75240486   5.14239403][ 16.73557975 -22.33034756  28.87129792  35.57515945  -7.12744994
  24.1930321   -2.64806464  -7.36250622   1.86698839  -9.5391194
   0.32686808 -13.94365407   2.24708322][ 18.90114529 -29.43356825  24.25749632  30.35116121 -21.74081191
  30.3496708   -1.2358634    2.30232514   3.64572774   7.61054843
 -11.92651408   1.64879061  -6.73417132][ 19.72846534 -30.04569032  22.68048909  31.36620096 -22.2109336
  18.65509672  -5.22259456  -3.79074583  -7.30572873   1.15635115
 -12.91964699  13.0790628  -12.28090809][ 20.16719659 -33.62665514  22.04497098  41.81823024 -14.98438808
   6.09696671  -9.58962599  -6.1925907  -15.43232643  -8.17619797
 -27.62361759   6.19215805  -2.54295183][ 19.97854797 -24.47594864  15.02045544  28.0477475  -16.49475699
   3.98630988  -6.24871047  -8.48661416 -12.23621225  -2.23998623
 -21.95590884   2.35877457 -10.7404106 ][ 19.40143456 -15.76032444   8.36992723  24.85796894 -12.57608672
  -5.50116273 -25.69830013 -12.75764159 -15.31881595  -9.80061282
 -32.31013273   8.01978381  -7.64667753][ 19.76700882  -9.14974606   5.11936489  28.72390251 -16.61080741
 -10.57065709 -39.0836111   -9.54095292 -11.98455092  -8.46031272
 -26.02552433  13.44185835   3.49040876][ 20.34296286  -6.39628951   6.7739925   37.53491107 -12.5203918
 -13.31175034 -38.6869126   -3.8373297  -15.62633139 -12.5491203
 -24.22219104  22.1495329   17.2657341 ][ 21.25675368  -7.07188708   2.6670585   40.22097306 -20.5837286
 -24.72889996 -40.80953274  -5.32452159 -14.63543685  -2.7152915
 -24.79104272  27.22699401  13.36775806][ 21.99738004  -7.38439182  -4.79032907  32.00575356 -22.39652425
 -24.58178792 -35.29898176 -13.2663797  -13.67031337  -1.7113722
 -27.44169249  28.21685957   6.19479258][ 22.38002    -10.87497804  -7.44335601  25.91143662 -21.0517955
 -32.6571198  -36.39417441 -19.60665973  -8.50427881  -9.57995253
 -28.40803003  22.24019043  -0.6872472 ][ 22.42771408  -8.50974376  -9.86771866  28.46215789 -12.97946936
 -24.68643613 -29.45290232 -18.43808062  -8.07218177  -8.13165145
 -23.72128175  30.67232328  -0.16812096][ 22.29940612  -7.84933567 -12.97718495  26.76209296 -16.99123729
 -35.86979486 -33.31273269 -18.45683793  -2.21449733 -14.26532194
 -27.02396577  30.53022397  -6.37949806][ 22.14340407  -6.96963284 -11.02433777  31.84223877 -14.07055637
 -33.53768576 -34.05516177 -17.02321152   8.62354599 -16.52974681
 -17.56439009  32.74644469  -3.82508328][ 21.83097517  -3.14231446 -10.96974158  40.43277926 -10.90302277
 -36.42597453 -33.77209105 -14.42244566  10.83129886 -16.39862435
 -23.27362107  35.07381388  -6.87509837][ 21.1763029   -1.97271149 -10.1286385   36.99869655  -9.44304598
 -33.87958388 -31.70224847 -18.60572428   3.63200378 -25.66996718
 -21.51842934  36.64931803  -7.48629324][ 20.22924916   2.60797951 -11.55254458  37.2585956  -11.46260471
 -33.37170827 -31.68528154 -17.249268     5.3011967  -27.14496364
 -29.25902559  32.24705803 -14.75074455][ 19.24556773  -0.21323693  -4.72336454  38.11700106  -7.15638675
 -24.4308804  -34.91060565 -17.35633171  14.14793027 -26.00166399
 -19.02425167  30.29470608  -5.76584191][ 18.45298503   3.40089835 -11.90124497  37.27477552   0.0683823
 -15.90151488 -28.27428459 -18.42815944  10.10115542 -16.66631208
 -23.27301634  34.61462453 -14.42298362][ 17.67650544   2.8319598   -8.83896427  31.16540312   0.53182026
 -26.54123111 -32.65659902 -14.05656467  15.33426774 -21.05367333
 -30.89820944  26.85718157 -17.28487014][ 1.76690431e+01  1.29869592e+00 -8.82501484e+00  3.54633164e+01
  3.46039563e-02 -3.02207331e+01 -3.34646034e+01 -1.75481778e+01
  1.47090457e+01 -2.01795775e+01 -2.97134705e+01  2.42068974e+01
 -1.42689463e+01][ 17.91100523   1.20664193  -8.01077792  31.38382213   1.96700915
 -23.09130697 -26.56262339 -17.8574525    8.82804369 -24.38983772
 -27.0912552   24.34717909 -17.19223851][ 18.27613131   0.92708952  -8.19216909  31.96911518  -4.35797644
 -32.07483871 -24.57620304 -22.64532783  -0.37047909 -30.86230515
 -25.94825028  23.04575042 -12.51929045][ 18.81838055   2.82303579  -6.21811934  35.36019119  -6.72891816
 -37.64789829 -14.57032757 -25.25293449   9.57632167 -20.37119751
 -22.66640711  21.10190278 -11.44793219][ 19.35290327   4.4224418   -6.91975054  32.73248468 -13.01557818
 -33.91085565 -10.80290617 -29.96587565   7.85302514 -28.99305138
 -15.7215682   27.55737352  -6.43238674][ 19.76249689   1.80120381  -7.96320801  31.11657351 -21.21432886
 -36.03494558 -19.7527038  -35.6135969    1.51394056 -33.36672112
 -19.29150606  25.36885034  -8.53590101][ 19.99409267   0.33800279   0.64567468  40.79757697 -18.48783286
 -34.67897748 -26.27669396 -27.98029217   8.34809938 -28.21012747
 -20.0787519   31.87019369  -3.55107471][ 20.11763433   0.27781978  -1.30655635  35.82660276 -20.95861377
 -32.37676767 -22.79446121 -29.06757377   7.02290261 -28.04943616
 -19.64247894  34.78423028  -7.14598353][ 20.11416746  -0.89950128  -1.90036112  36.70689529 -25.26198113
 -35.66348186 -27.03835623 -29.34943589   1.97801756 -35.09716138
 -22.56057957  30.02163071  -9.61430915][ 19.96095427   0.15695184   2.16708486  43.22999452 -20.97432197
 -30.45542249 -22.89691907 -23.79027785   6.22756685 -26.00102405
 -18.38362924  33.1683606   -2.60795632][ 19.64615154  -1.55292902  -0.76556167  36.00133704 -24.86299626
 -29.60677104 -27.26889629 -34.10757733  -4.65794478 -26.46136028
 -17.06801599  24.35418967  -4.9409778 ][ 19.23241423  -0.40580464   1.80826474  35.09029614 -25.14173833
 -27.13172533 -19.84823252 -31.98117083  -1.18130919 -24.32205338
 -15.96160917  22.76534046  -4.19889478][ 18.65068729   0.49465718   5.21377047  34.44000787 -22.42138989
 -20.78527224 -17.46379345 -34.39889189  -1.72805775 -21.19095707
 -18.08474226  23.01322136  -1.86486885][ 18.12934435   4.1125657    8.77882955  35.32633037 -27.37313992
 -15.84054673 -14.94779386 -29.47635665  -4.87621927 -20.85322726
 -15.62884734  22.36883795  -3.91349336][ 17.58980876   8.8321832    8.17653502  27.17521242 -25.00137513
 -19.84891111 -16.2173006  -37.89313616  -7.1045899  -12.62772378
 -15.0860604   15.53974896 -11.03168837][ 17.34640304  17.53096111  12.61369589  16.8000403  -11.36822856
 -24.51827364 -15.65177365 -38.32526479  -2.69225637 -12.83583889
  -4.60070393  18.79083606 -13.26600349][ 17.17953864  17.69320014   7.49753452   3.19008086  -9.46111182
 -31.41977708 -22.73000544 -31.22459021 -13.7767922  -17.211102
  -6.87613684   4.16853456 -18.40414267][ 16.95238733  17.94138691   9.56533328   4.95421995  -3.18065022
 -28.84102162 -23.31605485 -25.35847578  -8.6365189  -21.31486213
   1.0822012   10.00935572 -17.2796191 ][ 16.74208215  19.15891567  12.78971439  10.21282997  -0.64672052
 -29.38166567 -24.84113589 -23.90955432  -2.73426539 -21.70099033
   9.36496421  23.27431004 -22.65309901][ 16.54441242  20.9021206   13.31350242  13.01922681  -3.79640954
 -30.66702736 -19.14680128 -17.41572732  -2.10554924 -24.10019018
   6.59279639  23.64046442 -22.87117346][ 15.91926724  18.61372916  13.26281173  12.74144271  -6.49345628
 -29.72767938 -27.40847972 -23.85120847  -4.04810178 -36.44555079
   5.90160765  22.31033145 -19.70545376][ 14.79985157  14.90051162  14.47785838  15.71288702  -5.47195054
 -16.50707196 -19.55847816 -27.48109958  -7.50679874 -25.58018144
  -2.92913693   6.07871667 -15.61645087][ 13.92494586  10.57163071  17.91355413  18.89318695  -5.87613009
 -24.96466342 -16.68225793 -21.81766828 -12.33418547 -19.02623073
   3.99990892   4.60703015 -10.46047569][ 13.05344938   9.67506791  14.64868789   9.51336892  -8.55885505
 -25.15408179 -12.37254636 -13.78228788  -8.20681738 -12.00887523
   5.11154092  -4.37539307 -10.86420962][ 13.73938625 -13.3554662    9.73769067  18.76328273 -15.38755589
  -9.49351263 -25.71741763 -19.0505913   -4.18088907   0.10695441
  -6.51321218  13.66264502 -14.48344147][ 15.41732006 -24.98607453  12.29987328  14.0989851  -22.45049709
  -0.2941516  -26.7666357  -10.41342486  -8.91179575   3.17461542
 -11.65794763  17.94080962 -13.26956321][ 16.67757928 -35.24159169  20.90198245  21.6845025  -24.38025677
   4.06336363 -22.07832058 -11.02363832  -9.76928081   3.7580955
 -12.14265725  17.90702665 -11.86730295][ 17.38597627 -42.26683838  20.79927471  19.79614046 -27.97001695
   0.56293962 -23.87000152 -16.07795461 -12.80916259   0.38600517
 -10.05563796  22.56462779 -12.67278973][ 17.90286087 -48.1685175   14.76506795  15.02313001 -35.03493369
  -2.95996253 -19.78053417  -3.81363179 -10.29041128   6.66955731
 -11.72095496  20.6866333  -14.78927497][ 18.12690072 -47.28546911  12.98743568  20.21725266 -24.88321767
   0.27358361 -15.48631268  -1.02416036 -10.60264075   6.63710807
 -11.47234575  20.70196374 -12.41787107][ 18.21564888 -42.23238574  12.83910331  17.67132022 -22.25879761
   2.93235284 -10.50786102  -3.85268483 -13.53098871   9.03419748
 -14.35863592  15.27691935  -8.34413475][ 18.07110887 -38.26134421  11.90652824  14.4221292  -20.56172
   3.6639937   -4.38541095  -4.6377985  -10.67242834   6.45846762
 -11.19186753  12.96428294  -6.58715074][ 18.50148896 -49.87921542  16.65582257  32.54208694 -20.35317623
   1.43967846 -11.95598205 -11.74793276  -7.18189644  14.77551632
 -16.05559865  25.53160085  -1.2161009 ][ 18.59901279 -43.50654938   6.14909306  18.60030718 -25.67506476
   5.67129019   1.08270492  -3.10626058  -6.02069714  15.78133914
 -17.63152814  18.53455232  -8.54408704][ 18.66395718 -38.21830828   5.02438223  21.32151993 -24.11669348
   8.90826548   5.71135765  -3.45416197  -7.40453472  16.65482708
 -19.36305218  14.3063765  -12.68016662][ 18.46868629 -48.84417989   3.93316342  28.56094443 -23.21978641
   1.26815611   9.94337626   0.23071813  -1.57913681  24.31738948
  -9.49861999  18.14540963  -4.06413915][ 18.16094126 -41.85659526   1.70105102  25.90863438 -19.70060625
   4.46720645  16.52687174   2.06248536  -8.00656558  24.54333133
 -17.82435674   8.46320095  -2.55062462][ 1.77975558e+01 -4.36804574e+01  4.60435050e+00  3.06592140e+01
 -1.81121761e+01  3.33679493e-02  1.63716315e+01 -1.00428939e+00
 -1.47369965e+01  2.13439586e+01 -1.06171658e+01  9.34843515e+00
 -5.74556058e+00][ 17.4479479  -34.22578349   3.32508169  23.22318755 -17.37240306
   1.05576888  14.44776838  -0.87796343 -10.53070648  16.85171519
 -10.47486591   7.8970028   -8.13563466][ 16.77009997 -37.8148338    3.51767526  27.00733622 -15.73221227
  -2.67027819  12.51856422   9.63444316  -9.71778835  14.36670916
  -2.43629393   6.79833637  -6.84053447][ 16.20453438 -39.9807497    4.17711908  35.47585149  -3.60400155
  -2.05270271  12.28328428  14.37808928  -5.66574504  18.0410465
   3.34529619  11.52895809  -7.17227849][ 15.71489886 -35.15137871   3.21434185  29.63085217  -9.81957466
  -4.33901894  11.89735371  12.77880517  -4.53275277  12.30669401
  -1.71066504  16.3746362   -0.91007749][ 15.09180114 -31.45041224   2.25407737  30.77031912  -6.46400253
  -7.92699157  13.79564741  21.94658193  -0.5660382    9.64999732
   0.74148355  17.99047615   0.9244528 ][ 14.31869843 -26.33718018  -4.48191916  25.53987783  -1.13807625
  -7.79940592   8.89259856  20.59900632  -0.44730122   8.04775109
   7.24610863  11.43637536   4.02890842]