[ 12.98413469  -8.2498291   26.1122786   22.82822808   4.00065104
  14.77194338  -8.87604672   3.18790893  -2.74574135 -13.4108038
 -12.86207533   0.41059335 -10.71502372][ 14.1540911   -8.23893898  32.34574937  37.3360065   -1.07740515
  -2.4303345  -27.75522243  -7.51258348   3.25232905 -20.87667689
 -20.06538295  23.57523547  -8.62219256][ 14.63699924  -4.64460819  27.09098279  27.32517071  -7.17406194
   5.01076574 -20.7226077   -4.25725391  -6.19245538 -25.53770514
 -19.08429094  16.96638756 -10.07228761][ 15.30943238  -5.01437728  28.45347244  29.13040501 -14.10460171
  -0.4297913  -14.59504486  -0.33161816  -7.97658966 -21.72820571
 -15.64244137  20.85678827 -16.24542822][ 15.73929999  -9.86152237  27.04438619  32.65805692  -8.11821238
  -0.48016151 -24.12180567  -8.33450134  -7.5362074  -26.25316301
 -31.35461806  16.5956128  -19.43790683][ 16.02510518 -13.27242073  30.03271365  39.51585495  -7.34946329
  -0.89359807 -24.91745399  -8.04118218  -6.2695571  -33.01746613
 -34.42448544  19.87331462 -19.52179897][ 16.40250426 -13.07187026  24.29302174  33.38659393  -9.16586502
  -0.59789037 -21.55335009  -8.56447958  -6.42986686 -26.6593544
 -28.12194326  10.57806474 -17.55684932][ 16.58037129 -13.92847251  26.55090961  35.63122877 -10.38654582
   0.82970669 -19.63041405  -6.61211295  -9.2722989  -30.19125295
 -32.30666858  14.46089243 -18.54678666][ 16.83887811 -13.06268376  23.4087967   29.80526975 -16.16567046
  -3.90746244 -23.54683129  -5.34217101 -13.65272759 -29.84611214
 -33.94215252  14.50215687 -19.76181559][ 17.90083294 -16.70186387  22.90396515  42.45286622  -4.43040677
  -5.6191332  -22.70906443 -14.56734009 -11.00447746 -23.85082437
 -35.76404974  20.74373212 -13.2625051 ][ 18.29113676 -15.30849723  16.75517904  31.97466395 -17.56322911
 -11.84256854 -20.74100417 -17.54589543 -12.44070968 -28.81989473
 -37.50096751  16.68109938 -21.22750639][ 18.80422574 -13.69303132  20.15025602  43.71083638 -12.93821821
 -15.10738486 -20.21828274 -14.93037777  -7.45945791 -25.04845573
 -36.91005015  23.23803955 -11.188241  ][ 19.33310354  -9.0634884   12.34325702  34.26407124 -15.46183963
 -12.95992852 -14.77573535 -18.54250866  -7.17166104 -19.90970607
 -28.30593588  28.68860229  -7.44684654][ 20.32684188 -16.05657402  16.91173026  43.92196293 -11.79891577
 -36.59303179 -26.92424268 -20.24649687  -7.94478469 -18.77992925
 -37.55384744  27.08136109  -5.69799694][ 21.06543216 -14.57412525   2.63622964  27.57998137 -14.74699739
 -29.57222623 -19.95671266 -18.98149651 -11.8360827  -10.70470753
 -29.7197208   22.9952665   -3.62009002][ 21.34279363 -13.89260559   4.89777906  32.09954931 -14.35609477
 -43.23790687 -26.36648385 -18.02140787  -6.03129828  -5.75943991
 -27.69169127  37.03503526  -6.76484842][ 21.45026629 -14.54552744  -1.25827118  26.96527116 -16.55188424
 -44.59922151 -27.49317209 -19.23333341  -2.9565681   -8.13065074
 -20.98598969  25.75904936 -11.59573632][ 21.66204758 -11.84310009  -5.41362319  24.54108084  -8.4748673
 -24.95059552 -19.93385495 -17.20553298   4.10457362   1.06535992
  -2.26269368  28.30607975  -8.36186031][ 22.15873244 -13.2050303   -7.19772756  25.25627954 -15.63447751
 -40.83742773 -28.86328344 -12.76606605  18.9941933   -6.8197395
 -11.17743898  27.73735183 -15.92938875][ 22.39309316 -12.52170613 -12.90776037  18.37855999 -21.42684702
 -40.68843929 -32.90647371 -17.01167889  20.51088244 -11.54744319
 -13.72571627  19.14941682 -23.72106877][ 22.43749656  -8.27246474 -12.43923063  18.97668195 -19.66791884
 -38.73923395 -25.87559201 -13.34047924  29.68448377  -7.7026747
 -13.84355358  17.46491554 -21.73654726][ 2.21353652e+01 -5.07614737e+00 -1.48131080e+01  1.83145617e+01
 -2.26950434e+01 -3.83624563e+01 -2.50181828e+01 -1.48319928e+01
  3.81156284e+01  2.89081482e-03 -9.72636598e+00  1.35033871e+01
 -2.05554442e+01][ 22.08050584  -2.49021319 -20.25472621  14.81421594 -29.45423236
 -33.31851584 -27.36897687 -20.60352906  33.08287268   0.43156198
 -11.68750882   7.60797594 -20.15565801][ 21.9533432   -0.76018603 -22.51222801  10.89754638 -34.12707263
 -28.98464777 -27.49471215 -27.52994569  31.43715458   1.06162357
 -11.87597106   2.05533495 -17.18108872][ 21.48426596   1.68708405 -16.09184496  18.26329785 -27.21837661
 -33.62792789 -27.98474152 -29.19599482  37.64761761   7.34441376
 -17.69544025   2.77897351 -13.47546217][ 20.35369683   2.18438417 -13.47470916  14.74088655 -24.38817843
 -26.52099896 -25.16868995 -28.70404769  30.73428216   9.18042926
 -13.12461099  -0.44865744 -11.50159276][ 18.75837465   1.91426825  -4.14236133  20.21957558 -16.92882919
 -17.02691026 -25.39699271 -19.52613872  26.00181006   3.98295639
 -24.4279771  -14.75797444 -10.32640936][ 16.40733019   7.65413672  -4.20093635  18.12990863  -6.58971468
 -23.83404864 -26.18361413 -10.0492432   26.85728046  16.53912836
 -23.5258944    6.10669528 -18.76727183][ 16.23741905  13.46497799  -5.22673669  18.13715558 -12.6455343
 -26.46368047 -26.62156648 -17.91076067  36.44990054   6.83321987
 -18.50289629   0.29342823 -11.51518864][ 16.15874693  15.61188659  -4.83029421  12.41267984 -14.43107287
 -30.79287055 -19.48574925 -14.69811085  32.63687595   6.52564421
 -15.62758134  -0.33809356 -11.21174591][ 15.79769117  16.32323604   1.20027652  14.42562603 -14.45574426
 -32.15326904 -16.20450313 -12.59405785  28.06442922   4.17003958
 -13.74803103 -10.92738222 -13.12688678][ 15.94536822   2.19825731   4.56044844  19.52011241 -10.19994753
 -15.665415   -32.83318191  -3.98452506   9.63054641  23.67873056
  -3.36110025  -5.94655107 -15.87244849][ 17.69533214  -0.79392931   1.7212633   23.93669055  -4.88558769
 -18.94659588 -32.12751356 -16.13425079  -2.51728079  22.66135097
 -27.46768154   9.12474787   8.34631735][ 19.53667096  -6.88079794  -3.97298421  10.28821291 -17.11739496
 -31.2148401  -31.14344228 -26.28883355  -8.05289078  18.26046734
 -38.25978119   5.96145219  -4.49460387][ 20.04124869  -3.3291832    0.74264707  15.96964025 -12.97425343
 -32.70067231 -18.81074551 -22.21739401   4.72678561  26.68767401
 -37.54711516  17.41617968   0.64754543][ 20.32303311  -4.22736762  -1.51824346  12.78912531 -19.33740481
 -39.93357138 -24.79977972 -25.90520768   8.02004708  20.24547114
 -36.48489946  10.84646626 -10.52797082][ 20.3999826   -1.98431533  -3.47676004  11.45108477 -22.43479648
 -36.0103788  -19.45652677 -19.44720706  15.76580861  16.69212551
 -29.98646346  16.91195234  -9.01682859][ 20.41902356  -2.29782827  -8.82792377   9.33474774 -27.83112638
 -41.18012193 -16.30695865 -20.30743668  10.21108672   6.99894826
 -37.23429051  13.47028045 -16.57535548][ 20.25193757  -2.84075476  -9.1298746   12.70577232 -28.07705783
 -41.79003108 -15.5247935  -21.1688334   15.99786156  10.0554127
 -36.36619822  12.55943442 -13.04618119][ 20.0759564   -3.00221353  -9.17484854  14.6709376  -26.41430771
 -36.41447598 -15.97450229 -19.41775893  10.94264042   6.8801158
 -37.49839258   5.6755796  -11.80946224][ 19.99112949  -0.97781481  -7.10752729  17.06886829 -19.47278015
 -35.33977204 -13.97163061 -18.2325843   11.37969629  14.6556683
 -36.85889987   6.68778956  -4.04225471][ 19.67457455   1.18118557  -7.97954735  14.17877016 -17.85723413
 -33.01848439 -18.85029188 -19.72285544  -1.56041177  13.66132914
 -36.2313432    6.43488735   1.18338631][ 19.33551402   1.51812522  -7.41074265  13.42511705 -18.805047
 -36.7533162  -29.52673051 -25.73243242 -10.47980079  19.19061518
 -45.19682336   2.04670498   2.8397891 ][ 18.56866127   3.63379014   0.43525643  19.18812523 -14.50395722
 -27.68847831 -29.46548756 -15.84192444 -14.85297414  23.62804644
 -36.2161027    3.68496112   6.15577469][ 17.587608     9.11506318   8.23354956  12.24363907 -13.94042893
 -19.06887884 -14.4651025  -23.68912023 -21.04311948  20.58891653
 -32.15381231  -1.82357245   7.18168897][ 16.94895627  15.70423059   8.22206207   9.85919403  -7.28498036
 -23.123354   -21.08457975 -28.73695624  -7.55709228 -10.19438674
 -11.51885015  -4.69149478  -2.16224954][ 16.80465469  13.46760554   9.33701827  11.53592039 -15.45072532
 -15.09396089 -25.06683064 -24.27084785  -0.59341357 -22.52168303
   0.10776546  -9.78881202   2.88467134][ 16.68504491  11.25202439   9.55607836  18.38909475 -15.48655114
 -19.28970283 -27.62393386 -31.62220979  -4.52680661 -14.05607349
   6.80486542  -9.37379207  -0.88794856][ 16.60749139  17.06523246   6.31485939  19.71360951  -1.59664209
 -29.7316387   -6.2754157  -34.88711068  -7.46798851  -2.46396052
  -6.90289586   0.50870732  -4.55729914][ 16.47706075  17.7937845    3.30378624  14.79857049  -4.52492707
 -27.27216889 -10.23831141 -38.53279289 -19.94903597  -6.0773124
  -8.34077716  -4.87339118  -6.03389324][ 16.15019644  18.2421773    4.63584894  18.40900477  -1.29987889
 -17.68559803 -15.22898162 -47.73726135 -19.3829023   -1.79925404
   3.53135553  -4.20538308  -6.30460225][ 15.71875801  15.64021224   7.74240005  21.98129185   0.3639282
 -13.39753579 -17.12097071 -50.22308381 -17.03844784  -9.32702277
  11.06384375  -2.48487894  -6.88713876][ 15.33883995  15.74025175   8.16323722  14.07055955  -6.58335965
 -12.16967084  -5.47098932 -32.61601817 -13.23762091 -16.1518319
  -0.23488134  -4.66587812  -3.6700891 ][ 14.9486575   14.81701649  16.84454629  19.2881781   -5.14338268
 -24.04129386 -11.42618489 -29.29438805 -17.76655736 -17.89255834
   5.91146094  -6.19573427  -9.10283837][ 14.33829018  16.11444235  21.07627659  15.403537     1.41707051
 -27.81762026 -11.80897253 -19.4374803  -11.31450036 -10.04103696
  -0.51063058 -12.042599    -5.50464689][ 13.76939163  16.57750429  20.67311157  10.2046794    2.83627207
 -21.03739793  -6.78746413 -14.62577181   1.74168107  -1.75568221
  -2.52299385 -11.49336385  -1.11474772][ 1.28764387e+01  1.18482417e+01  2.60609449e+01  7.75683206e+00
  6.84381288e-03 -2.56038600e+01 -1.61083182e+01 -2.49122520e+01
 -6.98807403e+00 -6.90112686e+00 -1.17361188e+01 -1.69587491e+01
 -1.25068048e+01]