[ 14.64905826  -0.47014809  21.34618264  34.77420087 -15.2119348
  -1.37767459   2.90279128  -8.51578999   7.66550258  -1.56689597
  -3.97041838  -0.95056742  -8.56807522][ 19.51580783  -9.16876877   9.08840184  64.12643828 -32.78123458
 -18.5658161   -2.6334235  -37.25154146  10.12061015 -21.01366807
 -15.84598765  17.9187374  -17.24132328][ 20.01427722 -10.44394231  10.41461101  65.77136058 -31.9062832
 -19.26867181  -8.18070232 -35.1650678    6.05609933 -21.3511976
 -13.98213951  18.53463991 -13.68319371][ 20.25770899  -9.84158273   5.64514572  54.57818415 -33.14951309
 -11.68765856   0.26578721 -27.85114689   5.42739931 -18.96676399
 -17.55843979  16.38379441 -12.32767204][ 20.83441984 -16.06630699   4.52306024  41.57337084 -28.19884615
  -8.65960802   0.75357023 -25.76497287  -0.13429209  -9.29124682
  -9.13691327   1.24444792 -13.20649962][ 21.05271416 -12.15044225   1.00562581  48.22271916 -31.15483576
 -14.36483476   0.69685281 -37.29938184   5.4525066  -15.74542619
 -17.57407777   9.65384892 -15.70042285][ 21.11235502 -14.37065552   6.2468486   58.60580548 -28.7731645
 -21.64248666  -6.54154603 -36.37060389   5.00738624 -16.27729023
 -19.20742772  13.25181917 -15.5045684 ][ 21.10686546 -15.13241415   8.06315574  61.42014829 -24.46663167
 -24.15862621  -9.74602315 -38.21456313   5.43951346 -13.05625021
 -16.89746333  11.91751329 -14.64536249][ 21.06954521 -13.85032013   6.59216092  57.36220008 -25.71823407
 -23.47880542  -6.42709458 -34.85432936   2.67114699 -13.43669366
 -18.71035231   8.17909372 -12.8788327 ][ 21.11787718 -14.94971607   7.32593307  61.54213403 -20.33404838
 -26.39035349 -11.98845826 -40.27486485  -0.43007132  -9.99519204
 -13.07260992  13.54505565  -9.36112771][ 21.24425132 -13.40085053   5.93664729  59.65358319 -24.40868917
 -29.57813369  -7.29727966 -31.28621613   2.60259267 -12.18833124
 -16.19247325  10.36332733  -8.01201207][ 21.191215    -9.54712517  -8.17145081  40.13389905 -28.7087067
 -16.00377962  -3.50528094 -30.60875621 -11.44275939 -17.94524385
 -12.81426279   3.31729055  -5.19245545][ 21.24935224  -8.11850716  -6.7306362   34.71111256 -24.88441457
 -17.09486604  -1.02406318 -30.7100846   -8.41131465 -19.01596958
 -12.49531289   8.01354111  -2.80587895][ 21.63842645  -6.57390488 -10.71648766  51.80454017 -24.70558986
 -35.12257633 -14.62289533 -32.75987707   2.70541478 -22.91754639
  -8.57735934   5.63491792  -7.31280298][ 21.78053076  -5.16910377 -15.73866559  50.6473144  -25.91029698
 -37.53763635 -19.96314699 -32.31559549   6.72785408 -20.58038237
   1.6271166   10.33477883  -3.48834286][ 21.94271063  -4.40417377 -19.01312625  46.9386004  -29.56896932
 -38.2330476  -25.21697505 -24.49091625   8.69491022 -16.53209277
  -1.66574923   9.66410535  -3.37897149][ 22.02288443  -2.78983698 -20.44485716  44.4262188  -28.29710975
 -33.99560104 -27.07703979 -16.03668077  14.82071979  -5.26775697
   0.12550185  15.71657488  -0.44700237][ 22.03087426  -0.70761767 -27.95900696  42.2568481  -35.37079769
 -32.97674167 -37.79241183 -17.19837354  15.17777892   0.30241492
  -1.54194613  13.10632424   0.91922303][ 21.95530067   2.35571612 -26.89877918  40.73823127 -30.61027703
 -26.48250146 -32.81987123 -13.10882141  20.65596478   7.72382063
   1.75764837  14.912992     4.29223502][ 21.64581022  -3.32239927 -20.02222546  18.01018584 -23.12006545
 -30.10917151 -26.74838422 -20.48228141  14.39218609   3.17986531
  -4.82924402   7.69110298  -4.83567846][ 21.70597952   1.16827226 -27.82331299  24.51135435 -27.22658018
 -21.93900525 -28.59858969 -21.05821593  15.5209029   12.1595134
  -4.85787046   8.50919818 -11.04952548][ 21.60599717   1.84061626 -29.82896053  24.24025196 -31.11623719
 -18.12020318 -34.67518429 -22.39581805   9.53176266  15.39106842
  -5.14043782   4.98568757 -18.05809487][ 21.30790542   2.23228502 -28.06434524  22.55730514 -31.99271789
 -15.8113479  -36.843161   -27.62485602   4.56305196  18.51395691
   1.32689562   5.51672272 -19.64203121][ 20.75893468   3.61568283 -24.5533209   24.24527346 -28.21156764
 -10.76877288 -35.67274488 -29.53644244   1.00851231  21.07701062
   5.9422167    8.4931015  -18.90304434][ 19.678698     6.60997023 -18.01546518  23.30112959 -24.21806959
  -3.23921354 -25.28270572 -25.53529371   1.8342997   20.82249898
   6.59439687   7.65537529 -18.89212722][ 16.76532921   7.66658238 -12.66165042  23.00605085  -5.75644734
  -6.60313052 -22.01143822 -26.57429713   8.66611248   6.39171611
  -9.27653657 -10.47522732 -24.77822392][ 16.33094129  12.59854893  -8.00618539  21.89764921  -8.10412092
 -11.63318973 -13.39187061 -19.72839014  15.95144004   7.87351271
  -9.84451009  -1.57632465 -16.26742531][ 16.0930404   11.72631382  -2.76741591  26.15567113   0.46748763
 -18.71309789 -17.74802361 -16.5757214   15.2212951    7.71732713
  -9.59801447  -6.81035759 -13.10937435][ 15.96966575  11.06549345  -2.27407235  23.40870968   2.86084381
 -15.08669998 -15.47046432 -18.42298668   5.63841108   1.11828372
  -5.94053157  -6.37898141 -17.51791243][ 15.90198084  10.89499057   1.46581698  23.98854884   2.84021053
 -10.23557311 -13.13878225 -23.69925708   0.48786149   3.78936948
  -7.66124879 -10.51431963 -23.86182293][ 15.88379734   5.9023064    9.17114257  19.84486259   5.17673336
  -1.17918281 -21.18566777 -22.55804037  -9.86676082  15.56175649
  -6.04865     -8.25760162 -20.32440718][ 15.8827539    3.42042574   9.82652633  19.00436013   4.75515816
   2.14609885 -20.28762938 -27.83388853  -9.07697276  17.18046085
 -10.50973306  -6.61339844 -18.43500183][ 16.97519029  -0.1513921   -2.34133309  18.20653601   1.1852386
   3.1695857  -27.6075474  -32.1749007  -16.22282645  11.98516574
  -1.04896702   5.50742533 -26.10267288][ 19.12417937   3.51128172 -14.39286658  20.75493571 -14.29569483
  -1.86723577 -33.32349034 -27.58712311  -7.98550709  23.10119684
  -3.80882066  17.95901917 -26.89126957][ 20.44681824   3.267839   -20.98372323  22.78132703 -23.91361418
  -7.07791672 -43.07266252 -24.88433717  -6.79717876  24.87292992
  -7.32932881  17.4313508  -31.69376116][ 21.04458115   2.40889368 -24.09053157  21.85108369 -27.65670625
  -7.68916315 -39.68444069 -25.0521682   -0.58970343  23.96592987
  -5.56032382  15.86187139 -28.31822148][ 21.30987169   2.35807134 -25.16722512  22.76375008 -27.6418171
  -8.60656017 -32.69547024 -20.62965787   8.03406787  23.82066976
  -4.45434506  12.58431659 -25.42166308][ 21.41459327   2.04127115 -27.631235    24.73421656 -27.68218216
  -6.21163436 -28.65346232 -20.13070534  13.44856034  21.74592248
  -0.90306155   7.48938307 -24.29812022][ 21.47138141   2.77492886 -28.50865443  25.59014738 -27.92396176
  -4.44210679 -26.40766968 -18.83633093  17.04273159  21.42384464
   1.4367932    5.50883078 -23.47049181][ 21.42718046   3.87871608 -31.07732024  25.32803347 -30.25214044
   0.65448565 -25.88467276 -17.3372372   16.74948279  20.02452106
   1.4825364    4.07208349 -22.81929314][ 21.31461847   2.23665243 -29.495023    20.13516502 -27.21811249
   0.47684258 -19.43508995 -22.81529161  19.6109324   14.9484628
   3.76065868  -0.24159046 -22.51389075][ 21.1091883   -3.74317757 -21.68194102   9.22190778 -20.86582765
  -1.56213659 -16.67100032 -28.61175249  18.50028296  12.23985835
   3.69443254  -4.7359789  -23.54718817][ 20.83277519  -4.67660264 -18.37729366   6.18301587 -19.79869016
   1.29123655 -17.45984557 -29.87720156  16.65909797  11.58195036
   2.99212768  -4.69571209 -24.67478061][ 20.26641619  -0.51899889 -16.87010374   6.65461082 -19.34481383
   6.84867893 -14.81732006 -30.31804988  15.79243645   4.18507525
   7.47280261  -1.6618025  -21.70339391][ 19.67930616   5.91516652 -22.95013844  13.79377367 -27.91940544
  14.96391151 -27.88609305 -24.37061244   9.31020982   5.26865772
   0.67958969   4.52693365 -20.79655201][ 19.05136396   3.86296181 -14.12882736   6.55922363 -19.90878266
  14.06639645 -25.50976476 -27.34135494   7.25439997   0.56959468
  -0.52069456  11.43333976 -22.09359206][ 18.10870781   4.83647414 -12.20834633  12.55203733  -8.41357095
   4.28889107 -20.64804885 -26.49523732   1.78950809  -2.82899364
   1.4462601   12.99840802 -23.51237404][ 17.42560772   8.06191004 -15.70523455  26.09121206  -2.21117427
   0.5402729  -24.1587855  -16.11047624  -7.92805024  -3.43893817
   3.90938155   5.16388295 -27.85321459][ 17.31601243   9.42989453 -18.35379592  28.65870317   2.03417445
  -5.27155189 -18.27175492 -18.2351474   -2.8521922   -7.75448622
   2.0727057    1.12390856 -34.06862174][ 17.2120868    7.04629503 -15.84842203  30.21133204   6.05755677
  -5.3517546  -19.05295355 -25.67767643  -0.6107005   -6.9215863
   5.01403227  -5.15351696 -29.221981  ][ 17.04696056   8.75116168 -17.10159196  33.99691273   4.15523402
  -0.99449757 -20.25942251 -27.54852072   1.28144477  -5.76116276
   4.24329316  -6.86371214 -29.92323948][ 17.03371877   7.00448723 -15.80353594  33.25464286   4.55274049
  -0.82503162 -19.53254552 -25.74509116   0.58163579  -3.25855751
   2.17510513  -3.56175823 -31.5468169 ][ 17.05773637   5.14721026 -15.81216091  33.12407956   7.02840139
  -0.49930512 -20.18506234 -28.31142005   0.06863768  -4.63523221
   2.27838555  -4.30295159 -31.02579515][ 17.03941978   5.07376543 -16.70866815  32.12592329   7.01568926
   1.84740368 -15.71780188 -29.85333245   0.07846901  -5.65315764
   1.0955605   -5.23122603 -31.08233527][ 16.90416313   5.84976208 -17.49222205  32.69912652   6.23142684
   5.54212544 -12.89866043 -31.09337673   1.46676546  -8.24091211
   6.957766    -7.91035242 -25.27826587][ 16.6805423    7.0005502  -17.5013746   31.53238602   5.74160685
   6.27423686 -12.58991555 -30.63273279   2.24976688  -9.00596958
   9.59457704  -6.88755769 -24.3794573 ][ 16.41000957   6.50762694 -15.67266151  30.98552005   8.58597869
   2.77599605 -14.2661266  -29.32757405   0.29400106  -7.28972938
   7.08623991  -7.98435775 -25.08267052][ 15.99705399   6.97510991 -12.77059056  30.17029502   8.93828791
   2.43337997 -15.18108447 -24.47250986  -1.49038611  -5.55973279
   4.57354228  -9.66861382 -20.02176702][ 15.38818372   7.3654306   -5.94630506  26.43596893   9.85528107
   1.95371811 -13.39608902 -22.0085171   -1.79145158  -2.7337642
   1.24308132  -7.43359354 -13.95146007][ 1.48277463e+01  7.46867988e+00 -3.91892480e-01  2.69361231e+01
  9.24104804e+00  4.75906141e+00 -1.77238881e+01 -2.23180189e+01
 -6.09117811e-03 -7.90988320e+00 -1.07376284e+00  1.79199250e+00
 -1.34319165e+01]