[ 14.89484352 -24.29177422 -13.68067774  12.35048603   0.83411422
  -7.42923914  -9.56385289  24.29512153 -10.41775874  21.536541
  -0.75326516   9.99735873 -23.4787772 ][ 16.89002835 -34.12017356 -12.57819595  17.53235347   2.42902317
  -5.68507531 -17.81641136  29.81520328  -9.17848274  20.12522741
   2.51196415  15.73715257 -17.51016628][ 18.25468365 -41.29910197 -14.12764265  25.02281233  -1.10272996
  -4.66693133 -10.06557075  27.5786065  -26.87899683  17.98319664
   3.04302364   9.1695694  -18.01546688][ 19.33683446 -35.53734838  -6.41897294  24.82156261  -9.52686451
  -3.38604456 -14.25536083  32.3237552  -30.43236272   9.43936865
   0.1096745    5.66954216  -8.81922378][ 20.0670484  -51.70542742 -11.24507988  31.80395141  -4.01012206
  -3.76790789 -25.48270191  37.10980457 -21.21869894  12.86596117
   3.57667138   9.88257032 -10.0156454 ][ 20.63117546 -43.40922818  -7.54899113  26.58369508 -10.48822606
  -1.64372106 -22.65019861  30.99041045 -21.54147915   3.25357875
  -7.2226389   11.44891284 -12.97341495][ 20.84888259 -54.20853396 -15.36390669  28.64381421  -7.88526623
   2.65609376 -21.14487611  28.38213594 -21.22687078   9.32625942
   0.13326389  15.11763268 -17.72293309][ 20.83415641 -35.62036938  -8.01539949  23.78989497 -13.6620106
  -2.22727027 -13.6820961   28.3576733  -24.75886573   2.88949197
  -1.66588866   8.66804205 -13.53967997][ 21.43580828 -32.07345813  -3.84637013  21.24186135 -12.15651416
  -0.10471681 -12.73058714  30.05755755 -28.79310747  11.20418249
  -0.09758385   7.07338576 -15.16243023][ 21.60605443 -48.65040068  -9.42808427  24.39175472  -9.07838155
  -2.25206227 -10.35475649  31.03970873 -34.8369533   17.73103934
  -0.11056097   7.84461545 -16.32543608][ 21.9566849  -44.95209426  -2.62923523  23.67808941  -8.59294908
  -5.03882949  -6.95547746  28.08219408 -39.31736722  26.5022847
   1.6967969    1.80871734 -12.71931553][ 2.17556796e+01 -5.09392569e+01 -9.60329171e+00  1.94747065e+01
 -9.22439255e+00 -1.20754322e+01 -1.03558864e+01  2.23756690e+01
 -3.64594768e+01  2.43115224e+01 -3.21351811e+00 -1.17460677e-02
 -1.60871552e+01][ 21.17674939 -40.25429475  -6.09596151  23.4574261   -9.62496139
 -10.83799355  -0.42481379  16.79305676 -31.23221052  28.67923372
   0.35129368   5.05190742 -15.41314805][ 20.15125555 -31.76805833  -8.36168043  20.59053249 -10.1792331
  -7.19293826  10.71653669  -1.19570182 -25.43436997  26.95208288
  -5.30354354   3.46122749 -18.34031831][ 19.84617622  -4.32672664 -12.81875406  16.78407394  -3.99228024
   0.16130086   6.05757148 -15.36637931 -23.33770249   2.08087518
  -8.54594414   3.74222905 -13.78708888][ 20.80175623  -0.08476656 -28.82311301  15.76083021 -27.76748825
 -11.01946216 -19.81956367 -31.24001296 -15.65651841   5.19637633
   5.68547553  -0.76418874 -32.46388272][ 21.39862927   5.43611052 -34.24184673  23.79067195 -31.89335014
  -2.70779914 -20.00103973 -23.17989195  -6.19819411  12.90291668
  14.79596024   4.58983917 -27.30545574][ 21.57294363   5.31869036 -37.06998346  21.29962058 -35.48900109
  -3.22636466 -21.97430038 -24.92613734  -2.40172793   9.76486469
  18.90078048   1.48455099 -24.52088906][ 21.46463056  -0.36574135 -24.85209537   9.08820241 -23.19117676
  -7.97561998 -20.12569107 -22.22674806   7.49980075   9.48638766
  23.41117355   0.17461615 -21.49201512][ 21.56702117   0.33904046 -27.05876953  11.06115405 -27.20268364
  -4.15288877 -21.32827772 -20.7513892    2.99877492   4.0962002
  12.75533812  -7.38992378 -18.84918079][ 21.63910852  -0.05629685 -29.61214039  14.4834246  -30.37936497
  -4.88637533 -23.91510443 -24.13434548  11.01675135   2.08903065
  10.81656887 -11.87712368 -20.55321617][ 21.68613605   2.05904412 -32.88346912  22.0685404  -32.06119181
  -0.71369927 -28.94592779 -18.04301232  16.65935216   4.19270486
  11.14749633  -5.51980373 -12.14962915][ 21.62057737   1.91492245 -33.16353693  24.52800703 -30.29474682
  -1.32326519 -35.14961102 -17.61314558  16.64745288   2.48959031
   6.99509957  -8.51607046 -10.37766248][ 21.5955745    1.15607378 -33.46763779  26.78615275 -26.83105953
  -3.7308956  -38.72908806 -18.63490983  16.89439724  -1.38702522
   7.01339934 -11.21935125  -7.9506168 ][ 21.6074011   -0.4700117  -32.35391735  30.82236774 -22.90113573
  -2.47857846 -37.84081398 -17.7831699   17.30014592  -4.6993939
   9.89974085  -7.57515265   1.18228425][ 21.38747628  -1.00361443 -30.84193661  35.97524065 -19.15098107
  -2.91915264 -37.10750217 -18.67743756  17.94361612  -6.76307494
  10.3374303   -6.14902845   2.94351479][ 20.89705943  -2.02539902 -25.70173692  40.41064575 -13.20658208
  -1.53914046 -32.46101157 -18.26714992  17.20168021  -8.73857577
  10.89382544  -3.27974543   3.61836028][ 19.20142491  -9.93989483 -10.06231393  30.69780548   0.12622344
 -13.30380783 -20.62682391 -11.66103668  -2.1540169   -4.90598213
   1.28879235   2.35028638   0.99908368][ 19.77674913 -23.68377201  -2.1755604   33.21840743   1.41052105
 -22.76807459 -15.72204966  -8.0096096   -1.87309958  21.69453026
   9.20347762   1.59238596 -12.22270285][ 20.62629925 -33.02250822  -8.13160933  21.7035483   -1.60057839
 -12.19087905   0.31783717  10.92605626  -6.55184973   9.93462332
  -5.63275417   1.16715077  -9.32016746][ 21.16885749 -42.12939145  -8.25811505  28.15056263  -0.29786431
 -16.02208368  -7.40211524   3.33118465  -6.61806269  10.26220446
  -2.90605574   0.80114613 -14.30952861][ 21.15554346 -42.86355643  -6.18321426  25.61166892  -7.3856148
 -20.07277226  -7.96209495   1.82475351  -6.77415617   8.95274851
  -1.13078883  11.43819851  -5.06730782][ 20.92383966 -42.07065529  -4.07013797  23.47550916  -9.18875687
 -20.09926962  -4.72959032   3.00276633  -6.26368191   7.33359349
  -6.19254323  18.17092754  -6.66899503][ 20.54519416 -43.41623739  -5.56082106  21.9006178   -7.21655853
 -23.32497188  -5.57854054  10.38933182 -11.9742694   18.61310971
  -3.08656849  20.60604028  -6.58481914][ 20.72270484 -47.16451848  -7.47601176  26.49607503  -1.74638365
 -14.16261318  -1.48378482   6.62704863 -17.85852084  15.3519793
 -14.24272656  17.28921057 -10.09000997][ 20.65890841 -47.70345191  -9.03612842  24.25528033  -7.76809386
 -14.55608544  -0.72224114  13.91548831 -10.04530678  22.39470413
 -11.12336642  17.52790792 -12.82039565][ 20.38642381 -41.91060895  -5.94357743  24.68616524  -6.50806514
 -16.12465311  -2.38887124  20.48669812 -11.74217046  14.17981074
 -13.76138104  11.94569855 -11.49691187][ 20.35187694 -42.41194991  -8.90775482  25.9068314   -7.24435247
 -16.42890806  -7.43944582  19.40484431 -21.33988896  11.83106803
 -11.65866275   7.92813442 -13.81459893][ 20.3879636  -46.08379937 -13.05658444  21.28489796  -5.97912163
 -18.44539954  -6.04857686  19.47716348 -21.14719528   6.92121482
 -12.06948988   3.49576421 -15.42423031][ 20.2395661  -47.88472691 -11.71692038  27.21944318  -5.32511854
 -15.2914068   -4.12113041  17.43630258 -15.55700445  13.47855056
  -6.03825607  10.49825114 -10.04293141][ 20.35477808 -41.29286649  -9.63344829  26.69398772 -10.72370412
 -16.73609239  -1.77714316  14.22391517 -15.98092636   8.50672189
 -10.28213042  11.71470273 -13.04310343][ 20.53343897 -43.89087428  -7.08614134  30.48896224  -8.74777535
 -15.48382888  -0.37546272  21.13815585 -16.70433438   8.51075207
 -10.66237018  13.08924686 -13.60555873][ 20.59481442 -47.54169659  -8.73991813  32.49323856  -5.3046931
 -13.12282109  -2.71804246  22.51999162 -13.51446648  14.81655476
 -11.56916787  12.87981104 -12.42409587][ 20.710211   -41.24710206  -3.42148488  25.94162329 -11.50107747
 -13.77804135   3.55805964  18.09723477 -17.75541185  12.79700091
 -11.29530591  14.0125563  -13.23281133][ 21.02249432 -53.62005068  -4.91656863  26.26380807  -8.43339077
 -13.86933157   2.33022341  11.80812634 -16.10931244  15.23677233
 -14.40957736  14.21453015 -10.21063278][ 20.95581336 -41.62553561   3.03868616  21.16457955 -12.35713983
  -6.20454119   7.55239056   7.19508664 -19.01111449  19.14773647
 -10.64680391   9.70740123 -11.99868392][ 20.54641493 -45.2543538    5.96282529  23.7853206  -14.57836605
  -8.4149707   10.660914    13.77108349 -20.90063361  16.68197472
  -7.97787348   9.14318598 -15.52465663][ 19.15770025 -36.29215956   0.06726655  17.44239528  -9.10622805
 -10.42002597  14.11564951  -2.39272834 -15.41286547  16.72284142
  -8.3244759    7.35181021  -8.8149017 ][ 18.03108825 -39.52249411   5.99681263  16.24263706 -12.67934738
  -9.24080786  18.90569739 -12.34802738  -5.41041946  19.64498249
  -8.18916197   3.83410226  -6.92135066][ 16.81288374 -31.46322351   7.26587294   9.65423341  -9.36746166
 -10.74567223  20.45843217 -14.34514817   4.63524068  14.73997917
  -7.31195037   8.39698577   2.27336757][ 14.50362174 -26.54439629   5.65871463  13.40159752 -10.10534611
 -11.27760062  12.01743492  11.19352441 -10.33810925  21.02911577
  -6.90387578   8.5810191  -11.67672281][ 13.89376007 -25.47268407   2.34201614   9.28771968 -12.53996621
 -12.37658874   6.40656493  13.16238323 -13.38585551  20.48262996
  -5.39470692   7.36802631  -9.6169505 ][ 13.41122028 -22.87007885   2.15340999  10.6292496  -10.08853161
  -4.65103665   7.73958786   7.08181842 -12.61574173  12.24479347
  -6.62737988   2.33078359  -3.08818987][ 13.22257649 -20.49120914   5.56799162   9.57134992 -11.25709725
  -4.20289457   6.49436986  13.98455683  -8.57912197   7.58666331
  -1.89826042   8.09549211  -4.20180934][ 14.12282659 -22.19851872   3.1714013   17.4598189  -15.91699432
  -6.31417327  11.98132095   5.61997944  -6.01486656  20.72522945
  -0.68277571   9.15651093  -1.22664141][ 16.09311233 -23.81780187  -1.64057683   5.45929364 -15.64699367
  -2.0063575   19.70367008  -5.97974857 -17.87624985   7.91285113
  -5.61807472   0.7909274   -0.19056865][ 17.95517372 -35.57050058  -3.27529349  10.92817226 -21.35382682
 -10.88258288  14.49504773  -3.25520381 -14.83005908  11.67217181
   1.86916093   9.99737964  -5.61252559][ 18.87359032 -40.4632381   -5.32725339  16.07553695 -19.19401928
 -12.65340624   9.32125094   6.2098304  -16.05210626   7.34035329
   6.12278467  13.81349412 -12.26131367][ 19.42753693 -46.53275538  -3.95861101  26.25050143  -9.58941875
 -13.69485625   4.07223131  12.77305283  -9.99135769   7.21170262
  -1.52702687  10.23475699 -13.40516043][ 19.63563683 -50.76446008  -9.85044339  26.25770961  -2.03513348
 -10.10495631   1.45353027  13.2106298  -13.2237525    9.26093678
  -1.84764751  14.7906512  -12.07614033][ 19.59126941 -46.95867421 -15.71396936  16.93221804 -11.72090898
 -16.64171461   4.85602323  18.16713346  -5.515172    18.32229737
  -2.43231862  14.49199377 -16.94625153][ 19.35351801 -41.93509896 -13.73310759  16.99882741  -8.70325931
 -21.52178261  -0.63209041  10.50816382 -10.60762349  15.03727746
  -8.21277048  16.04611624 -18.00080764][ 19.04114605 -40.81894684 -12.48497459  17.65409502 -10.00545705
 -20.92884939  -0.15334582  11.43797917  -7.68373795  17.24917589
  -4.88196475  13.76405192 -13.70016596][ 18.43672701 -38.92023783  -8.12583904  22.77610568  -1.25169514
 -16.43444249  -0.07685162  16.58175806  -6.16524968  10.90612945
  -9.47363024  14.94230236  -4.32845211][ 17.51822808 -40.8031547  -14.22382739  19.21824399   1.14400809
 -16.30483759 -11.02936407  12.34577809   5.9568855   22.98608082
  -2.51940327  10.78623043  -0.99565402][ 16.36645693 -33.62626802 -12.46385281  16.22543838   1.365104
 -15.7326738  -11.82136534  11.0917326    4.26950693  16.65260193
 -10.24671296  16.05537759   7.77036748][ 14.94208602 -24.63247425 -14.14403254  15.3848857    3.92394198
 -11.16060535  -7.21345857   1.44011666   4.29328723   8.20410114
 -18.2658054   12.65590905  -5.16908394]