[ 13.96510881 -16.7898953   14.58906503   4.61204326 -16.05683461
   2.15831259 -17.40235216  -8.13900418 -20.44211212   6.17761685
  -9.82543937  -4.31546747  -9.14217738][ 16.0977137  -25.7034363   21.26046043   1.17569803 -12.73005406
   4.76688479 -12.44955273   1.27654855 -11.36085106  16.104498
  -8.06757703  14.41455561  -5.88945644][ 17.23868232 -30.47115901  24.98842654  -3.44634263 -14.37242358
   4.60529597 -17.18917489  -1.469403   -13.32041204  12.21616386
 -12.00619773   7.88400922  -7.30115166][ 18.22068207 -28.51738475  18.69113464  -9.41838432  -5.32751995
   8.04033016 -15.22263076   4.11473686 -15.86975693  10.58430919
 -13.83305157   7.12885853  -8.54830382][ 18.91437998 -34.84565981  20.40925282 -10.25393809  -5.43522197
   8.11263678 -19.38389912   6.35914535 -15.90294148  16.43598994
 -12.34803858   1.26574393  -6.32126554][ 19.19078994 -40.60519323  19.00551325  -9.95673975  -3.99190934
   9.01719352 -12.61314107   5.05548728 -15.22001515   8.24976313
 -14.14200167   3.60496731  -6.58167226][ 19.57781381 -38.67868312  21.03856168 -10.66275146  -4.79764019
  12.98705871 -11.17654051   8.69769759 -13.21016899   9.65026967
 -12.85968951   3.93863837  -6.7089118 ][ 19.59129035 -41.35253431  20.97098389 -13.40484043  -6.29793916
  11.69358568 -21.09363315   4.21028575  -9.31233194   5.63758849
 -15.4528015    6.68282934  -7.99081692][ 19.802854   -37.4599094   21.51774103 -11.11221196  -0.81356788
   9.99827505 -23.37595235   7.1085741   -6.45629349  13.13402987
 -12.19335659   0.4755442   -9.36683123][ 20.0673865  -35.32904492  20.31072175 -12.42513786   0.76009298
  12.93918668 -18.40580557  13.20877722  -7.40786061   9.52428659
  -8.04373218   5.59724376  -7.67197763][ 20.20851901 -45.98448903  21.44563329 -15.09953265  -4.43303979
  17.6390545  -23.41057917  10.36364866  -6.34135555  13.21420948
 -14.3838583   -0.4902352   -5.51272256][ 20.02862481 -43.49543584  22.62193903  -8.39037475  -1.51787909
  16.17182195 -26.44542431  11.23831784 -12.52577289   7.42079624
  -4.83451498   0.69600636  -3.89827136][ 19.82812079 -39.93627876  20.0167091  -11.85475987  -1.27996963
  16.21215154 -24.56174497  18.07687373 -11.64985877   7.06102121
  -1.48378779   4.57996737  -0.83476749][ 19.86917432 -34.19600253  24.54311967  -5.25831532   5.89773186
  24.71887923 -14.86129622  20.44583635  -8.74510945  11.95403093
  -9.52401394  -2.6982626   -5.51740541][ 20.03881158 -26.59707069  31.25289183  -4.65332694  -5.49689894
  10.36913585 -31.44781604   1.43288951 -23.68792214  10.34466387
  -5.06486546   1.48140838  -3.55439467][ 20.20481851 -19.83061488  26.89738902  -4.26572219   4.04201795
  17.93670902 -39.08629523  -7.56208739 -38.28787384   9.92162329
   3.53776833   1.31602889 -12.81742976][ 19.85325019 -11.55858896   8.76276141  -2.64502506   0.80661399
  11.06992786 -32.45250316   1.0499985  -36.07964755  10.92991588
  -6.79435131   6.70577548  -6.60787311][ 19.35176531  -7.57461279   0.75033085   2.78929249  -6.25294885
   3.39663288 -37.25510348 -14.38844089 -38.07951475  11.10870926
  -2.86291849   4.70549576 -25.82952509][ 19.32877961  -1.77968655  -8.17765704  10.3747027  -11.424694
   0.60165284 -36.72599439 -23.07670235 -24.37508944  10.88847924
   4.46652744  11.94921048 -26.87989256][ 19.84225464   3.46448194 -18.98757289  17.84581806 -22.393085
  -0.66650747 -37.93210893 -31.95204079 -20.09955982  11.26020713
   1.47914356  15.81555234 -37.58658841][ 20.36307585   6.58160682 -23.35146433  21.50609504 -25.42160652
   1.11258627 -33.54026189 -29.2209643   -4.32092037  13.53397241
  12.33578846  15.43940284 -28.01154561][ 20.794109     5.58112907 -28.02680417  18.5100102  -27.42536737
  -1.81925143 -36.10106658 -27.03375973  -2.47552423  15.58363301
   9.58027227  14.65185673 -26.30903964][ 21.09173854   2.77123443 -25.84940032  17.01030117 -25.16720412
  -3.14133789 -29.79721742 -25.76468552   9.31294199  11.34679864
  13.76025862   8.07876087 -22.32336594][ 21.2765012   -0.02821042 -22.60248442  10.50550259 -22.08124978
  -7.32985067 -20.59322925 -25.35471397   7.05402711   1.01395925
   2.32227992   1.87868478 -21.44614597][ 21.39275906   2.0026931  -30.55000329  21.07018043 -29.882461
  -1.38248181 -30.34653204 -18.3886682    7.58959257  13.4147761
  -1.0422252    4.86955292 -24.82157977][ 21.35762746   0.13289491 -28.75951436  17.71511294 -26.23557456
  -5.64665452 -28.40229105 -20.24053095  10.3485173   11.63678118
  -1.75244302   2.07992033 -25.36477594][ 21.49452429   0.05613011 -30.20705676  18.9368094  -26.80671059
  -5.22394338 -29.63402919 -19.44566885  13.59106367  13.38212446
   0.66393844   3.54726249 -24.86000899][ 21.59737336  -0.28414592 -32.08009978  21.0045651  -29.89758991
  -3.06230582 -32.71810881 -14.83970014  11.79373971  16.8861913
  -3.45793502   4.94058139 -26.99490804][ 21.66585911  -0.98979419 -32.44119443  22.08550236 -28.81148917
  -0.46729898 -31.2332328  -11.30045826  13.56853978  20.19369793
  -0.43463675   8.81220295 -25.63069497][ 21.21600122  -4.54736542 -22.20140074  14.59581824 -19.78967583
  -9.13948398 -25.86917814 -13.43921088  14.26030189  16.79668563
   0.14528125   2.19617744 -23.69789427][ 21.05635207   0.53981641 -26.52600035  21.64144562 -24.76083142
  -2.67499162 -30.49474562 -11.10572999   7.43083953  13.77145715
  -7.7687509    4.1660402  -21.87635663][ 21.021007    -0.68698675 -27.6960366   20.20561182 -28.72404995
  -6.79588842 -34.33485639 -12.4104775    8.60253176  14.38476214
 -12.66565067   2.52304611 -25.8318788 ][ 20.96008473   0.37316866 -28.83188642  22.64531451 -31.74272879
  -2.67689919 -38.84540087  -7.960768     5.2671894   18.29579383
 -12.74800508   6.12209376 -24.40495097][ 20.85190046   1.25305018 -27.77829995  23.07108197 -30.72290839
  -0.21900863 -40.08066486  -5.63714431   6.00987922  20.72227281
  -9.81028059   9.53880708 -23.26344176][ 20.78981492   0.6938597  -26.71794787  20.49943322 -30.19971306
  -2.4374929  -38.66538707 -10.32768832   9.59211685  17.02734722
  -8.10138468   8.71966807 -22.81403455][ 20.71382428   1.44121108 -26.72918542  20.31787179 -29.6444899
  -1.53713168 -34.90967395 -12.94404808  13.68329845  19.11396906
  -5.32334259  13.4270543  -21.55725327][ 20.40736383  -1.24468383 -22.0447699   13.10040066 -26.41288417
 -10.71063604 -24.79876669 -22.65212622  10.82714067  13.23762691
  -0.90385676   3.35279237 -17.84057816][ 19.93859364   7.5736032  -27.61664031  20.71489331 -20.20493397
 -14.26625853 -13.43572081 -23.03725312   4.06335137  20.46262393
  -3.75505644  18.79062521 -21.68004523][ 19.48168738   3.54866688 -20.3522084   10.23660509  -3.71034973
 -19.46724781 -18.57059605 -14.75382949  -6.60417661   2.78003198
  12.16684469   5.00266968 -14.08467868][ 19.57137827  11.02505085 -26.23142218  12.58999714  -5.01955279
 -18.20555049 -14.354754   -15.31117392 -20.63175281   4.90531776
   6.26572991   5.67711952 -13.03689315][ 19.7293189   10.65106971 -26.12563869   7.21527606 -14.80384117
 -19.60025931 -12.89564519 -27.58715819 -18.70989244  15.72506765
   8.59440025   2.78951348 -12.41542315][ 19.70261168  14.58179033 -24.63786044   8.32983917 -16.82702331
 -13.62711167  -1.66091715 -31.93131619 -10.73138473  26.07450666
   4.16854324  11.62897331  -6.15532783][ 19.62652549  13.67093986 -26.58516747   4.75777184 -27.68785103
 -13.8963433   -4.17533456 -37.25098915 -16.94749578  17.19880872
  -7.8303426   13.07557354 -12.06391166][ 19.56684848  13.73201114 -21.7626168    5.12089294 -27.60198422
  -7.61709272   2.62568242 -31.48704108 -10.2219833   17.87308511
  -6.06963291  24.25372558  -8.90700324][ 19.46588851  13.16665007 -21.96212575   2.79473264 -30.24118953
  -8.10021046   3.84963976 -30.10355036  -6.30345409  13.42766581
  -8.17270274  29.02863877  -9.73561292][ 19.33466879  13.9695806  -21.13529827   4.52165342 -29.57294094
  -5.23818611   6.01360156 -26.96689591  -0.03436456   9.1457519
  -9.83249154  33.27491857 -10.94492448][ 19.13868938   6.90498534 -13.92774568  -3.52230163 -29.77004868
  -4.38504817   0.082029   -24.84594378   3.44052752  -6.27223384
  -7.87598778  27.60431447  -8.643813  ][ 19.16025552  11.77376985 -20.17973749   3.67064136 -36.31068498
  -1.54582473   0.43082507 -20.63486573   7.34026721 -10.46065919
 -15.02230909  35.90813995  -8.19656146][ 19.30692714  10.68147098 -19.84630187   2.8748297  -37.78052363
  -4.00300619   4.95950517 -18.94653256   8.79893719 -18.46855319
 -13.77625315  40.98340741  -6.38254832][ 19.30132929  11.54746239 -19.80089142   4.75919054 -37.58641281
   1.54115766   7.03960647 -16.49826248  10.55598712 -19.59812631
  -8.35475097  39.29789995  -1.98261296][ 19.06776384  10.47205258 -18.21404144   4.00881935 -39.12813767
   2.04040961  10.78022247 -17.02913714   7.73181777 -22.67040252
  -7.92887721  30.08287741  -2.94070764][ 18.76933085  14.03999951 -19.30978048   8.57870979 -42.83887028
   5.78834596  15.67133923 -14.65121107  10.34538269 -19.81351621
  -6.49083602  27.0333286   -3.43452476][ 18.40135256  14.38508277 -17.57526135   7.03229525 -39.25198943
   5.99400567  14.84665224 -12.69547245  10.00889164 -16.42183237
  -8.2783488   23.24223351  -1.99635551][ 18.04713374  18.12448522 -19.46488784   8.32750667 -37.42706198
   2.33238445  15.33902477 -19.08620611   8.88518851 -21.00989507
 -10.76175683  11.63310043  -3.53339646][ 17.55411646  16.46399666 -10.7486794    3.21614264 -35.47902223
   1.85584599  14.42776763  -9.57523355   6.72126685 -18.41169475
 -13.11466675  12.4389209   -3.05089035][ 16.9532058   16.97876662  -4.29641053   1.8200314  -33.92883958
   9.50037861   8.13048419  -1.18048098   7.67147962 -21.12925648
  -8.23970862   6.67170117  -3.0330316 ][ 16.43757075  16.0377644   -2.19908492   7.22345414 -36.42727722
   8.78279795  12.25157159  -3.16183027  10.49865018 -20.72921657
 -13.52234829   4.89703378  -4.31750881][ 16.11072747  12.43299522  -1.75255458  13.8923655  -37.46021977
  14.13192132  10.10867766  -3.00474434  13.57177046 -23.02271367
  -9.38173183   2.62453682  -2.90280814][ 15.83734575   8.76068639  -1.2605935   13.89204066 -34.88363889
  19.17265885   7.96636998  -2.17926729  11.53724857 -19.48939011
 -10.05032908   1.71612812   0.40291192][ 15.49566373   5.5940149   -3.7942312   17.18525907 -28.09951567
  16.62439999   2.3613196    4.69266957  11.84843921 -21.0698769
  -4.46873154   1.96373697  -0.60340831][ 14.92726323   3.39884454  -2.95891972  18.81721238 -23.19752441
  13.1107523    2.1483053   12.42303512  20.66814837 -20.11300144
   0.45755293   5.00430559  -1.50385737][ 14.29166751   1.59724931   0.88804463  23.00982305 -14.97337363
   8.67888801   4.31292665  16.03983626  20.77308523 -19.9294289
   5.28134738   9.7172362   -4.31463553]