[ 13.75176251  -3.88822922  -5.24637264   6.78822024 -43.45838962
 -16.40442146  23.26066965   1.16066395   7.34732753  -2.56960536
  -7.19254639  27.80832905  -0.67983361][ 16.64512072   7.06563938  -5.28758273   7.31041525 -31.00622826
   2.2111161   18.10160625  -8.86272377   8.2896455   -3.58400385
  -6.84108945  17.57641249  -4.2289943 ][ 20.0123532   14.06397274 -17.93392954  -5.47351481 -54.9244576
 -12.12518011   6.7065352   -2.54465615   6.48154553   0.40565788
 -13.61424176  17.68724069  -5.93661004][ 20.69014721  13.94710164 -15.91136229  -6.24098423 -53.43550169
 -15.8903967   11.59547073  -5.22197283  11.61997487  -0.05799857
 -17.75999983  24.12757436  -6.10306898][ 20.8829936   12.0841332  -17.68484711  -7.10818787 -54.81278655
 -20.92872286   7.22369617  -8.75542942  11.6580457   -4.13304739
 -20.66487515  19.50400899  -6.27401618][ 20.94122323  13.64458437 -15.15893515  -4.35519816 -50.11027994
 -24.49543173  15.68125583  -8.62359484  17.851279    -2.72469536
 -14.78936434  17.71703568   4.46876784][ 20.95758861  12.3893025   -9.47997946  -3.34554264 -41.29128914
 -15.68841968  17.49289802 -14.30570774   6.47706341  -0.40778162
  -5.09652264  11.36330439  -3.29810428][ 20.92548297  15.09174883 -13.93612959  -1.12786085 -47.59403123
 -19.98417512  14.91339918  -8.26302653  14.31843035  -4.45617755
 -10.85074718  16.49879971   5.83509287][ 20.87765381  15.53701407 -15.10924689  -4.04135707 -48.27713366
 -20.91597174  15.02107736  -7.9732243   13.16651071  -0.95700969
 -12.01384844  23.23894055   4.00264884][ 20.79985683  14.30008872 -17.82022594  -8.79252574 -52.93814332
 -25.46281823   7.44548151 -14.87720621   4.47900397  -7.58353158
 -19.12193278  21.36786686  -4.52664778][ 20.67901863  16.77387035 -13.0074785   -5.22215708 -44.47589046
 -19.83398799  14.13978104  -7.57777929  13.84424453  -5.27120486
 -13.07085507  31.40187514  -1.32631827][ 20.55984316  13.06115781 -20.75573856 -12.58670134 -43.69087776
 -26.02595993   1.07425037 -24.16798846  -2.04712226 -18.92392093
 -15.33583412  17.94382889  -8.24628893][ 20.42935903  21.88550277 -24.96254174   6.19429608 -42.39757804
 -13.60903337  12.68892274 -17.8923945    9.46379204 -17.13025705
  -0.58246034  32.30509778   2.83229421][ 20.18497352  16.48148808 -26.47250205   1.27602528 -40.75239855
  -9.6488647    7.02801537 -23.45512671   5.46315309 -16.73798466
  -3.1258515   31.95141653  -3.30377683][ 19.66761741  15.37464645 -29.11455873   4.24701645 -37.20606451
  -6.40330817  -0.62173305 -30.20407223   4.62915565 -14.71076189
  -4.45058238  29.20772471  -7.51909248][ 18.99443657  15.28375254 -26.2332364    5.41018541 -29.33185415
   5.03818942   3.39759632 -28.0378484    7.60692237  -2.92805179
  -2.45872299  32.1004005   -4.01609803][ 17.272564    10.47461821 -14.37380041   3.93811301 -17.59509652
  -1.59501055   6.49821984 -16.67708918  -1.64519324  -1.71772507
  -3.48864912  27.55730811  -6.05230488][ 16.58402307   2.39287167  -7.32226105   1.10049493 -14.60345649
  -2.16362693   9.75318725  -3.4000284   -9.76678707   7.46640121
   2.30721263  20.09140674 -10.31780603][ 17.04693556 -11.4668365   -5.19968977   0.29229379  -7.67748633
   6.59627178   9.18102165   4.65575042 -10.28207489   9.41921063
  -0.75376675  13.99959397  -3.19884974][ 18.46076514 -23.05475072  -8.30080156   4.99312213   0.05257291
  -8.80992415  -4.05790276  14.80319547 -13.15037582   3.00293825
   6.26364479  24.57516506  -5.70003802][ 19.24717565 -32.05317853  -9.71585677   8.74154849  -4.93672072
 -20.62261912  -9.91496075  15.48740043 -13.23551527   2.66225044
   1.40036851  20.47515881  -6.76334477][ 19.67748695 -35.88757418 -10.47828923  16.35672539  -0.34936453
 -16.15377803  -2.33543555  28.16331741  -5.28675065  11.9089852
   3.76819395  21.80993936   5.18462851][ 19.88433164 -36.61993474 -10.51498149  20.02055912   2.15009708
 -11.18579138  -4.75515901  28.89464165  -8.58357658  13.92281366
  -6.384453    20.43751216   6.08134057][ 19.93183133 -38.10090315 -10.31961555  21.1614669    4.48952016
  -7.44269866 -11.94988376  26.1327888  -11.95918417   9.74080535
  -8.45322111  22.75219612  -1.17375071][ 19.97421162 -36.26193232  -6.44664472  19.37571285   2.93549991
  -4.1517867  -16.72958312  21.41346488 -10.38680249   7.46504492
 -14.79180697  15.79604141 -11.59488194][ 20.17051352 -36.52211999  -3.94640179  20.77995252  -1.27984827
  -5.55048215 -14.92420525  31.33016573 -12.3135013   11.73492654
  -6.64429189  15.98275529  -8.00250235][ 20.50940801 -34.5795513   -4.6861333   19.40213591  -2.92009598
  -3.81436452 -14.77538249  33.19497208 -14.41125177   8.04177335
  -8.69911584  20.70362012 -10.97000681][ 20.67936726 -41.78651899  -9.00952906  23.59833853  -0.32955605
  -5.92204311 -14.96829776  30.76784444 -14.14460898   9.40646706
  -6.09115278  23.22744586 -11.81740239][ 20.71659901 -35.34485833  -8.8124415   24.42080431  -3.82598259
  -4.04046873 -13.26676774  26.42822938 -17.20805075   7.35804165
  -9.52440167  20.16345517  -6.16682011][ 20.72381763 -46.0169984  -10.23560996  31.88800479   1.69478398
  -7.93073975 -17.06456948  28.40811369 -10.77826125   8.75536645
  -7.2290491   23.68142929  -3.92857468][ 20.45375699 -34.77922008  -7.61237299  23.87251241  -4.21967502
  -6.03578979 -10.1826289   26.97884622  -9.36580259   5.46953571
  -8.08893524  24.93027069  -7.54904467][ 20.38226818 -40.13669177  -9.40570071  23.67506085   0.81573058
  -8.00300141 -10.02021754  29.99391041 -11.04583914   4.32432656
  -4.39467869  25.57476733  -9.68952183][ 20.14791992 -41.05170301  -9.31884709  34.07722001   6.29035809
 -10.17867521  -8.32825296  34.6513105   -6.60779645   9.46595748
  -7.35690431  27.11106066  -9.39166385][ 19.82076462 -37.08567847 -11.17289467  27.72791559   0.95342678
 -15.87484869  -6.78966759  24.97238569  -7.88607025   9.27826285
  -6.70958686  22.35280767 -12.8674189 ][ 19.38818454 -41.43800857 -14.19784798  28.03651816   3.005992
 -21.52016633 -14.04257612  25.7238693   -4.06944085  16.99688189
  -0.55599571  22.65203089 -11.07978117][ 18.79980553 -27.42521337   0.04855397  37.88822961  10.20907803
 -23.31460096 -24.14500335  15.13672653 -14.99504744   1.27225447
 -13.64602251  19.1645763  -13.17279942][ 18.43172174 -10.95975214  -6.84437126  27.96968879   5.53361703
 -30.71691604 -34.81853284 -11.46666205 -14.12527008  -3.88751628
 -16.09283947  12.06965879  -8.00342345][ 18.92630922   2.96939935 -17.78439756  35.89687001  -0.31599509
 -21.1478131  -31.81491541 -13.78219154   0.44434089  -2.89268868
  -7.75774927  17.89172253  -3.98778864][ 19.62774458   1.10719278 -21.01000756  30.16249133  -7.10995448
 -25.78192656 -30.89467495 -22.21761417   5.65395603  -0.09603161
  -2.34128494   1.99652357  -7.95981431][ 20.02377046   3.24727344 -28.65974217  34.3546468  -19.00543277
 -20.22449164 -33.34769677 -24.09438486  15.53813933   0.16049977
  -0.95218939   2.74098072  -6.20784931][ 20.26599141   1.13789732 -30.65196487  33.30192414 -21.72199304
 -21.92978095 -34.24222332 -29.04601174  20.24536327  -0.21640617
   3.28711501  -0.66268702 -10.37445685][ 20.26080697   0.57468391 -28.61897801  29.87606443 -18.95212732
 -15.81448081 -26.75131424 -24.19224916  23.84637401   4.18846616
   4.84900964  -0.85287446  -7.8848494 ][ 20.15404196   1.95293692 -33.5951156   29.15452123 -24.03952613
  -9.24500927 -26.50577129 -22.36582888  20.06032765   4.19683559
  -0.61069317  -6.57512327 -14.92492256][ 20.06748539   2.65139136 -33.72433947  28.54711724 -22.83485719
 -11.54700692 -22.7330667  -29.26470468  22.98850152   3.06725422
   3.47714724  -6.781449   -13.93596038][ 19.99835068   5.54813655 -37.44311468  31.20030355 -27.8892601
  -4.80369795 -23.21126852 -27.01921317  19.50036009   5.64623818
   2.40191205  -7.79913335 -14.8142128 ][ 19.94263417   5.96773751 -36.64564204  29.41650611 -27.54722043
  -1.53782822 -20.02207171 -27.40422951  17.63685806   7.72186804
   2.79013632  -7.76101834 -15.30402465][ 19.88959312   5.34921969 -34.2785449   25.52185281 -26.2442728
  -1.75718802 -17.80034247 -31.37045436  15.20364935   8.61608245
   0.39122787  -6.2466716  -16.70911055][ 19.78396228   5.98432107 -33.20294659  24.56536359 -25.70157138
   0.26444138 -14.36288704 -32.80229392  14.80406428  11.23662957
   1.1937614   -5.08716423 -18.41622251][ 19.5644705    6.92923936 -31.60584291  22.37064847 -24.60793959
   0.25510545 -12.21105431 -34.9533346   13.40479207  12.17633972
   4.05190626  -4.25542479 -17.37111936][ 19.29004173  11.55207831 -34.78080849  24.48378833 -27.27516826
   3.50770563 -11.70136696 -36.84306252  11.03048341  11.5663478
   6.23502559  -1.4490352  -17.88412292][ 18.91275556  14.80061029 -34.90665964  22.69868688 -23.86334036
   1.30131218  -7.48472384 -40.5181915    8.11966061   7.9775258
   7.84911248   2.21478627 -16.9406231 ][ 18.39938499  15.45291786 -31.1412429   21.63823716 -16.3548655
  -1.02658392  -5.1116107  -38.67856033   5.82892034   4.326614
   9.80839762   7.88618627 -16.5381953 ][ 17.68205908  15.21558958 -26.21989845  23.48858554 -10.12263789
  -0.94421553 -10.69920636 -29.07600394  -3.31048311  -5.82200508
   9.31513857  16.93894524 -22.13229558][ 17.22020623  12.48856311 -20.36365679  31.122644    -0.10940295
  -0.59663065 -24.01749123 -26.99920604  -0.89271318 -20.15367757
  10.81477774  20.11277399 -25.99134033][ 17.17829207  11.74490428 -20.00471949  34.25873068  -1.26297043
  -0.09878821 -24.87450743 -27.73924672  -2.56493615 -22.97757276
  10.30181899  19.54749824 -28.91213667][ 17.13604254  11.16548556 -19.76111974  33.42367244   0.14192026
   1.00664924 -22.21562677 -29.30068303  -2.01748492 -27.95604037
  11.97045338  17.16910708 -28.87773536][ 17.08477557   9.89981348 -18.23070898  32.99139867   1.33463227
   0.06444535 -20.96579481 -28.93889523  -4.5898455  -30.04485898
  12.66278669  18.31959332 -28.79682554][ 17.01982002   8.32104004 -17.29472354  34.0997439    2.49256582
   3.62746082 -22.94521852 -26.82128433  -9.32569777 -28.96498971
  10.48981916  21.9842404  -28.82021734][ 16.93894182   7.14797167 -16.48704599  35.17216872   4.36805189
   3.79927797 -24.87790873 -26.70110206  -9.00803933 -27.24353944
  12.02539998  20.77339953 -28.04341647][ 16.78860792  10.10712471 -19.31204365  36.1911564   -0.4405813
   3.26402029 -24.77551251 -23.71591303  -5.90993847 -23.5897053
  11.43001103  18.21352388 -28.08247896][ 16.62876785  11.7841656  -20.29142573  34.00792849  -0.62109351
   1.52737087 -20.17263937 -22.17909974  -2.36930596 -23.8019287
  13.10974832  13.61197346 -24.48755182][ 16.45838936  12.05919588 -20.1573226   32.68658035   5.34639649
  -2.03217471 -15.19782874 -23.78667166  -2.91466695 -18.25918525
  13.73012954  11.27737029 -25.31585988][ 16.21173287  12.46588355 -19.56765388  33.87055413  11.06379903
  -2.24682413 -12.48601977 -25.98639679  -6.56517841 -18.95991734
  17.78819973  12.72310839 -22.29880427][ 15.86025579   7.51604285 -10.77275897  26.11026964   8.99552192
   1.28612156 -11.82971476 -18.9887712   -8.51343934 -21.03225564
  19.08946338   6.3371209  -21.2815349 ][ 15.32192436   9.94397029  -8.25765292  24.11230531  -6.46777271
   2.92311972  -2.92893961 -17.19492887  -3.22874125 -19.41733142
  14.93042188   1.32032306 -18.19734492][ 14.67862797   7.90829975  -1.44047096  24.99928753  -9.19802309
   7.54516113  -8.05477673 -19.02856156   1.73988844 -14.6164087
   9.14339065   3.80886302 -13.32832503][ 14.01589328   6.83850369   4.31515007  27.98114435  -2.54516346
  -1.70797106  -9.37848076 -10.55272039   2.64567064  -7.01870616
  17.46922173   4.41491848 -18.55802737][ 13.57958842   5.68719732   4.84618437  29.76763374   0.09010788
   7.45178708  -5.3175818  -15.35784893   4.12320225  -2.79286687
  16.54814275  -1.78800666 -18.81096038]