[ 14.41426229   7.42960542  14.62591345  18.4873506    2.03463738
 -18.50061108 -16.24083383  -4.02979576 -10.95501767 -15.47791568
   0.67529463   2.88396574 -14.32746993][ 14.66215232  10.54043416  15.14473383  21.75222938   9.44325738
 -19.92405819 -19.83678337   3.5756696  -13.34912802 -16.84379133
   4.94051384   7.72739802 -17.73931196][ 15.95537781  15.41821733   3.10764668  20.39227845   7.23780697
 -28.07275847 -23.38938943   2.02832763 -12.31088102 -19.59862899
   5.852893     7.04350416 -32.7815664 ][ 16.33789906  18.07408251  -0.72561298  17.64461626   8.09596303
 -21.39622597 -16.0452755    4.65295015 -11.45890527 -17.91570171
   1.61778976   9.12784876 -26.29111611][ 16.61218623  15.4830404    1.49403604  20.89069478  11.27300678
 -26.66657383 -27.65134255   0.70529958 -13.28403652 -17.24003981
   7.19725257   6.59416918 -27.97117806][ 16.62359899  15.44562939   4.04705216  18.2705776   13.94074109
 -28.34006275 -26.97286844   1.95125895 -14.33491718 -18.93228326
   8.82401309   6.93660505 -30.09672435][ 16.40371658  15.90725894   6.61978741  14.89352005  16.02518411
 -28.47806551 -25.53041854   2.07204132 -13.50034749 -19.73740202
   6.62503808   7.30113563 -31.63441942][ 16.10194495  14.99659346   8.64088678  17.10136952  17.55211016
 -25.73507822 -22.60449704  -3.91110598  -9.94751699 -16.1717555
   8.52216147   5.02439323 -34.04299719][ 15.77838769  16.37535562   9.41674146  16.65827865  13.43151905
 -20.00827922 -19.77523304  -3.10831254 -11.20912921 -16.00929708
  13.56684971   8.24342836 -26.5953188 ][ 15.38552807  14.56234058  11.1179579   18.61316794   4.98174914
  -7.32519145  -7.37448582  -1.09315444 -11.25502198 -12.84802594
  11.76911245   4.10579479 -19.66305533][ 16.68161114  -6.00652048   5.86859914  15.12897886  -6.39128274
  26.45821947 -18.09455623   5.48804309 -19.28485758   1.57629242
  -3.05038007  -4.78838847 -17.30553146][ 18.13390985 -14.97815905  -6.94588902  20.29379571   0.86668553
  18.74048728 -22.26534126   2.85823277 -16.46335734   6.85575349
 -10.60522627   4.15965279  -7.74535774][ 18.59556216 -13.00059151  -2.50069812  15.89659457   1.46205191
  16.00393351 -25.7690137    0.88535013 -16.46209998  16.935458
  -3.85119088  12.1268776   -3.89750831][ 19.35528487  -5.4334646   -8.40875235  10.86973832  -8.33067124
   9.73115886 -24.95610238  -9.79111152 -21.61411267  13.27464599
 -17.07187935   9.07580846 -14.07033613][ 19.50984478  -1.63777032  -8.84097063   9.23152425 -11.65173783
   8.32787743 -21.37984462 -20.26935447 -26.43392039  12.3736309
  -9.66058464  17.86969533 -21.87561298][ 19.31877881   0.78948457 -11.13762961  12.84294392 -12.12520871
   7.25673259 -19.41483161 -25.48314863 -22.00001903   7.52979145
  -0.49096886  16.64139284 -17.1327479 ][ 18.98076078   0.69901172  -9.13300396  11.54939094 -11.17088084
   8.71037596 -15.88510235 -23.65266468 -21.61843628   7.12950513
   3.49790897  16.46267053 -15.38553633][ 18.46134812   1.73099994  -9.09481342  12.23248999 -11.76171135
   8.96923985 -14.10087169 -16.85232    -26.29189227   8.79362079
  -2.37877962  18.29560166 -15.87199563][ 17.89011363   1.92629707 -10.02689344  11.68017906  -9.70988746
  13.19180455  -7.50937374 -14.7932436  -23.93626652   3.05113203
  -5.82770415  16.01993329 -14.54336623][ 17.39965073  -0.37575556  -8.38559     12.18991477  -7.81607368
  14.28707505  -3.99221957 -16.07726759 -21.50051071  -3.68184339
  -5.73172475  18.08898045  -7.90925682][ 16.98124523  -3.53181046  -5.1613286   10.66199749  -4.68541079
  14.97960579  -2.65848091 -13.28164505 -21.50987384  -5.7004933
  -0.0681338   15.29692288  -4.34051842][ 16.90051896  -5.99921074  -3.99991419  12.10299529  -3.81492119
  18.39388585   3.11584802 -14.16856315 -24.84641225  -1.95025995
  -5.66919798   9.88806355  -7.83939773][ 16.84164149  -6.45746402  -0.67259073   9.29497822  -4.06088448
  15.7982138    3.82656208 -13.63444962 -27.1426019    3.95467949
  -4.69890459   8.84771503  -9.73413017][ 16.84504203  -4.82448291  -1.96949668   6.14046934  -5.17930145
  13.14087916   1.85566526  -9.25463867 -22.63528805   1.5220538
  -9.14804893   8.49796707 -10.15771835][ 17.6784434    0.78899076  -7.94062036   3.24866495 -20.56747832
  10.16888008   2.41847915 -11.12937476 -20.17360788  -0.15749793
  -3.66435369  16.5400274  -10.26432221][ 19.26216629   7.23167344 -17.09675467   1.82422213 -36.44113859
   8.71502499  -4.78952892 -14.41765229 -20.05154461   6.66199857
   2.31050776  24.26865081 -10.95957078][ 20.23568327  10.38538111 -22.07263039   3.83228553 -42.11693978
   5.73461573  -6.09321191 -13.51491821 -15.01711252   8.39260016
   5.41460718  21.71353253 -11.71685917][ 20.62374538   9.38934916 -20.36801311  -0.20612121 -41.23899152
   3.51514176  -6.75901531 -12.6491571  -12.73988575   9.53969479
   1.99013035  16.42619672 -15.45395033][ 20.6996336    9.68822102 -14.38963645  -4.92546811 -35.24352366
   6.36565844  -2.05164659 -11.29351096  -1.1118959   13.91137678
   1.06552902  18.20796607 -15.30883468][ 20.94665078  12.05305791 -20.1387845    0.71242708 -37.18004223
   5.6524373   -3.65567996 -10.67856861  -4.21188188   5.2993817
  -3.84889923   7.0546697  -14.16295059][ 21.18082971   9.03058894 -23.90948493  -5.8123072  -43.58416828
   2.85077815   4.97700294 -18.3454214   -1.36226919   1.91270299
  -1.51209181  11.28386037 -16.9328623 ][ 21.3302491   10.05690042 -24.63211387  -2.11001345 -39.55164316
   3.88946922  12.33793573 -16.64334474   0.25793115   6.51993897
  -3.7345166   14.19696028 -22.93209828][ 21.41258499   8.90273404 -28.18282869  -3.40978537 -40.36704551
   2.86853013  11.60826212 -14.28737234  -3.45034958   5.50781246
  -8.05828157  17.41060762 -25.54145468][ 21.49622357   8.09049695 -29.72041709  -3.11208712 -39.63388608
   4.66343343  10.89634789 -12.69255109  -4.3589526    4.37879374
 -10.23379143  17.25208204 -27.0681299 ][ 21.5761727    7.14336464 -30.41215665  -3.48985428 -38.67037329
   6.31516618   9.59314989 -11.60023323  -4.90641903   3.67391
  -8.69129434  16.54323525 -27.48383512][ 21.5674291    5.56477659 -30.81529136  -5.48024523 -38.18695246
   8.12030068   9.48326974 -11.84011377  -4.0503597    3.01028624
  -6.1911226   14.15418327 -25.14805954][ 21.49105119   5.71164256 -28.36953909  -4.32633116 -34.74039676
  13.26566841  10.63877162 -10.13345847  -5.01193216   3.22828755
  -3.65777064  14.19953832 -21.2820835 ][ 21.21769745   5.83419523 -24.41786044  -2.10895687 -32.3668937
  17.69332601   8.84041556 -16.63774628  -5.57952961   2.17807398
  -0.29802916  10.91513925 -17.05963966][ 20.92851476   3.28688202 -25.0400333   -6.0272357  -32.66197544
  17.26337628  10.65369592 -16.93465799  -9.27708656  -3.25885842
  -1.33091985   6.04197827 -19.82126808][ 20.71057893   5.33768741 -23.16081501  -3.24265689 -26.60227287
  17.93493576  12.36789678 -14.18558046  -8.06226152   1.23993106
   0.6162809    6.41199298 -17.99833792][ 20.73945174   3.94589059 -26.91178547  -4.17159277 -28.55759179
   9.45747311   9.38873359 -21.38575371 -12.9199905    3.60144171
  -2.91034016  -1.32442095 -12.71686375][ 2.07340129e+01  2.97481948e+00 -2.61313284e+01 -1.20568649e+00
 -3.08892115e+01  1.34891792e+01  1.00483151e+01 -2.07785967e+01
 -1.42851909e+01  4.09018371e-01 -2.86337009e-02 -1.45110982e+00
 -1.56236805e+01][ 20.54952516   4.88765062 -27.64428583   2.58007518 -31.82695195
  14.89497375  12.90363861 -19.03238271 -13.90302411   5.2956464
  -2.14207462  -1.5310192  -16.33209182][ 20.16815241   6.60715106 -27.44843409   3.99173528 -29.00418418
  13.40489735  14.99817951 -18.16149873 -13.26042062   7.07157896
  -2.48385979  -1.14252768 -15.08145709][ 19.51026882  10.99872022 -28.48619616   4.97561155 -26.38163211
  10.2996463   17.34573409 -18.36905859 -12.61844244   7.98017921
  -3.44718587  -1.3014662  -15.07154328][ 18.82103649  13.57288429 -26.27624683   4.75438649 -26.14085536
  12.80590243  14.20636008 -16.04759796 -10.13532371  14.17277328
  -2.26906015   3.04357519 -12.43932295][ 17.76758496  15.14414778 -15.05799428  -3.0163143  -11.78333751
  11.19678704  17.04218936 -12.1375597   -9.1440837   16.11017139
   4.4150785    3.50288428  -5.30070893][ 16.39404988  10.41606713  -6.51480087  -0.11905625  -9.11940166
  12.90117995  14.67067983 -10.84614562 -11.74628131   5.19004193
   0.76351746  20.07193713 -12.53010662][ 15.45635191   6.68786861  -2.24852905   0.77072364  -6.67326075
  10.92843991  12.44639979  -6.87603048  -0.33326069   9.95665476
  -2.13268741  17.25806375 -17.41132208][ 14.68179637   2.22303132   1.82820465   5.32376616  -3.41119738
  12.20830919  16.87098422  -2.42554474  -3.05087136   5.76398952
  -5.14234329  11.54093463 -19.31955259][ 13.80966753   3.86683562  -2.44436231   7.33654631  -6.01144333
  14.44984765  15.40911416  -4.28345092  -0.01770287  -0.31411116
  -0.77441845  -0.73134602 -14.65309906]