[ 15.64667959 -18.58186258 -20.69443118  13.87311501 -13.88538778
 -13.69286612   4.49957262  -8.4629865  -13.15444281   7.02159777
 -10.62793443   3.49012264  -1.20008209][ 16.80446362 -25.97141816  -9.00511007  12.00763068 -11.43082064
  -6.32189261   3.9617917   -5.43078575 -10.86806246   5.15767451
  -8.98478194  -1.09627066   5.39782481][ 18.05624392 -34.36019684  -7.22125656   7.57123032 -21.82654229
  -7.33301941  -1.66448226  -2.14309978 -19.5638301    5.86156995
  -8.72933898  -6.47098437   6.78653774][ 18.98485197 -39.13361337  -2.27648199  16.07284027 -27.01562106
  -0.98036887   5.64974828   5.377383   -18.21222739  19.89309523
 -10.62198371  -1.34538474   5.96851934][ 19.37396892 -35.75615783  -2.82085258  13.50541911 -35.30566449
  -3.38878851  -2.36847845  -0.30796726 -23.39971504  18.19746697
 -15.27036044  -3.2590939    1.52646518][ 19.50481266 -35.55314381  -2.15810964  17.24709096 -31.14545393
   0.56384381  -4.07293387   2.72814102 -21.07368025  25.78346475
 -17.8361009    3.1189229    4.8988457 ][ 19.40452554 -35.72953978  -2.2395491   22.29881128 -22.37973722
   9.11187324  -5.03059334   7.35910338 -15.83750529  19.68991495
 -17.37215109  -0.58364382  -3.13825   ][ 19.17950513 -46.98148328  -0.59479541  33.58087047 -14.51727593
   4.1890966   -3.16112431  13.34098461  -4.50982595  34.30752507
  -5.03228516   2.1802351    4.66028321][ 19.39316353 -48.28849927   1.17029186  29.93683973 -13.07180624
   4.16120448   6.92117391  12.64495021 -15.980162    27.62754913
  -4.91522339   0.17526684  -1.62687233][ 19.17366178 -41.62565662   3.98920185  20.24130541 -17.06491957
  -2.30213002   7.75595734   7.29523562 -24.61512055  23.92383377
  -9.80473     -0.49794293  -5.65524306][ 18.33132787 -34.80371496   3.66474001  11.73568252 -11.60950562
  -5.91112151   1.97946586   8.92296946 -25.36883431  19.39094564
  -7.57385295  -1.28392919  -3.69756432][ 16.13159894 -33.27958024   5.15930829  10.78316465  -8.77916329
  -7.90276054  15.74656894   0.37055383 -10.94574283  15.31673628
 -11.04407242  10.8854853   -4.59958021][ 12.58617283 -32.95684954   9.31003445  21.81332019 -13.51076096
   0.20371034  24.26250981  -2.93907372   2.03796897  23.49144202
  -4.7502015   -3.2061711   -2.49531091][ 12.52193399 -37.13215761   5.67207665  16.08082486 -21.60427771
  -6.5355074   18.52160726  -6.91354248   3.96166873  22.54780039
  -4.75576859   3.0342854    3.1918109 ][ 10.47789571 -28.31150734   6.84197783  11.12574801 -10.90401117
  -3.63248754   0.75051159   6.44550873 -11.59938252  27.01167887
  -2.05299785   8.73855022  -1.09479786][ 1.01376703e+01 -2.99450419e+01  2.49029215e+00  1.11136812e+01
 -7.84373127e+00 -5.51356525e-01  5.79384129e+00  5.24088356e+00
 -6.92610269e+00  2.44575541e+01 -7.22339803e+00  3.70569521e+00
  2.54307873e-03][  9.56684327 -25.05998492   6.08477848  13.6449083   -6.60643927
  -0.50825925   2.3321985    8.44922262  -2.4321332   18.65271887
 -11.67566208   1.83745267   6.91252298][ 16.91609019 -12.435145   -19.18306426  12.73179212 -33.19012846
   2.11645236 -11.32594584 -14.75059979  11.74840892   3.25777027
  -9.26307905   6.61925492   7.39085864][ 17.3566603   -1.15494652  -1.36720776  27.79192945 -17.13167583
   4.68575653 -12.68913898 -15.10508921   9.51625414   5.0384892
 -13.24952566   2.88691461   1.62552461][ 19.48810779   2.49683278 -15.56732513  14.6896389  -15.96209964
 -20.95663525  -8.23604798 -24.8651797   -1.20957221   6.25465619
  -2.47717643   0.63192511  -3.85834021][ 20.04777239   3.46810535 -20.54650283  11.13381056 -21.00992485
 -27.88167419 -10.61161194 -32.3919822   -0.32164138  -1.78326432
  -5.11025094  -3.1212288  -10.55713194][ 20.68119997   3.72033829 -19.66838701   7.36561831 -18.26078013
 -26.41676328  -8.51885087 -26.97111681   2.98982792   1.46098868
  -5.91599644  -3.58787258  -6.03800535][ 20.72705318   3.38308852 -20.07893073   8.80179629 -14.33047555
 -28.97235298 -10.50716728 -17.79982601   6.96732978   8.14606214
  -7.60247981  -3.30342597  -4.27166516][ 20.86713577   2.18426221 -19.46344663   3.45426287 -11.80941936
 -27.23563948 -12.81646756 -13.5805374    6.5456812    3.05530157
  -6.27250211  -7.64675351  -6.01188131][ 21.0421701    1.4822169  -20.27446286   8.2096489  -10.6052917
 -32.44928525 -18.49270845  -8.07249952  21.28416609   5.02332437
  -0.66258145 -14.58245134  -3.85817453][ 20.84540627   1.93419132 -19.52875499   6.75133546 -10.3132617
 -30.85383277 -19.08217945 -10.88324292  26.43506457  -1.41205795
   0.75048221 -12.11938009  -6.09394354][ 20.90403576   3.28627973 -17.95232067   6.63433513  -7.46443526
 -28.34052187 -17.43609649 -10.46021695  20.72203217  -1.28196618
  -1.14351977 -10.05697668  -8.20790698][ 20.82876142   1.68533745 -22.98336255  -0.25450114 -14.5183601
 -33.03631037 -18.81937308 -13.06356408  12.17706468  -1.553582
  -5.01350842 -14.95506056 -15.009853  ][ 20.67178138   2.51648587 -22.91833362   1.42437019 -15.69001028
 -33.66163176 -22.24305189 -15.09482217  13.78178603  -8.16237459
  -4.69036077 -17.90587967 -15.42690018][ 20.70484423   3.74639744 -19.66815956   8.29989996 -12.03063028
 -30.01806802 -18.3292069  -13.50866097  14.71692715   1.04695993
  -2.29488657 -10.74843377 -11.01912757][ 20.4314627    3.54094991 -17.3434332   17.80430766 -11.24681442
 -33.17843789 -13.45598591 -19.47235823  15.68102209  15.44678759
  -9.26658896  -3.03587708  -8.10684216][ 19.80629664   3.12448641 -21.80754248  23.67026702 -17.50505306
 -35.20143724 -17.27335134 -26.55202213   3.0040403   12.90903063
 -17.70791256  -1.94219682 -10.15801794][ 18.80244061   8.17467678 -23.94731326  32.79787604  -6.20969343
 -47.17546786  -6.68192599 -37.59581224   5.12469979  24.51728396
 -21.91844336   7.06976029  -6.92055475][ 15.90942271   2.88368434 -17.24092643  25.65582218  -3.50493757
 -13.99471509  10.7577808    1.32515818 -14.2925494   -2.51316305
  -9.87686193 -14.42772952 -10.86720021][ 17.47694098   5.16967632 -15.97232227  23.37941855 -18.3140591
 -24.11940418 -23.27420766 -20.73097965  -7.47809473   1.08775933
 -11.5510578  -12.69606964  -5.73227696][ 18.65474611   6.76151996 -17.06403476  30.99055746 -15.50382301
 -39.05030902 -29.58916786 -25.35895712   3.04395327   6.69615097
 -16.03305435  -4.55807332   0.13745724][ 19.16370516   6.59487123 -17.11316569  31.82471896 -12.12676631
 -46.16925027 -26.65219953 -32.01424572  10.82440696   6.27843386
 -18.57659974   0.12273811  -2.344889  ][ 19.5495515    6.17730799 -16.73627014  28.68924349 -12.67765654
 -48.3469816  -22.62256525 -24.12336694  13.0975481    5.87153966
 -28.94280323   5.90892528  -9.11900074][ 19.51835549   5.05932722 -15.4687547   27.29947246  -9.18612467
 -49.82527735 -17.76079448 -27.38422536  13.65468714   6.22715197
 -23.57307037  14.62299624  -9.12123168][ 19.42488369   5.62114126 -17.47805962  29.14017425  -7.75372848
 -60.85010888 -13.06771261 -39.76055506  17.40056964   2.61552606
 -29.26744991  18.3777187  -19.38257968][ 19.43716488   5.95686667 -18.58577203  27.96347552 -10.4559348
 -56.78924887 -10.47283398 -37.36479544  21.93032291  -0.6241101
 -28.7583989   15.99463196 -19.10497642][ 19.15581803   6.08177716 -17.4091606   31.67380886 -15.60994461
 -47.92447399 -13.02054612 -24.67804105  24.24673369   1.39619533
 -24.26401948  12.96151849 -12.13429388][ 18.9601917    2.86358598 -17.86366422  28.61828402 -20.75745849
 -50.58994633 -17.58912787 -27.96858299  20.88947411  -7.74064218
 -35.37298819   4.81136062 -19.32307636][ 18.85288448   6.10686379 -20.20139608  30.73886206 -20.02976614
 -47.50746829 -11.65732763 -30.33974449  22.98907924  -5.14504045
 -32.39232724   3.04549387 -20.82957568][ 18.48285064   5.6050748  -19.39050107  30.71297237 -20.09276987
 -38.16771336 -12.0514948  -26.35747018  13.28877367  -0.58428994
 -28.8929217   -2.01016441 -13.29896838][ 18.2009312    8.24705865 -18.14084812  33.11507613 -10.66973589
 -36.25859023  -0.49360575 -32.83670173  21.26916555  -1.97496419
 -30.50078653   5.74425475 -19.83507524][ 17.86474314   3.92594381 -16.18883598  25.89425558 -11.81209903
 -29.42001727  -6.1426804  -33.26306492  17.0103166   -8.76694748
 -32.23263653  -4.24122793 -19.42537145][ 17.06981107   3.35303731 -13.14971788  27.8881468   -4.24899454
 -14.79718521   5.34925105 -31.43955232  22.63235873 -13.20505593
 -31.91870449  -4.63828164 -15.20780995][ 15.69634098   5.79287445  -5.34992358  23.46641055  -3.46793829
  -9.03043272   5.52843914 -25.41727544  20.50122417  -5.51674282
 -21.33595235 -17.14980914 -15.36440085][ 14.79697286   6.44395249  -2.81244854  25.06409766  -8.18775173
   0.48450211  16.42323909 -20.19711357  37.75890173  10.20224521
 -10.12363854 -13.21080549 -14.30764093][ 13.91678587   4.64940517  -1.22574861  24.57328482  -7.55662392
  10.55055242   6.03493582 -22.4918943   25.08030084   7.29585751
 -16.47748011 -26.52136654  -4.62731645][ 13.40873955   1.34190242  -3.4025797   26.94572473  -9.68306642
  18.67981197   3.03824415 -30.485544    15.02453663   2.89816297
 -11.66802235 -20.3351154   -4.16553873][ 13.09444292   3.67222626  -3.25468924  25.92173081 -17.82625389
  23.22122054  -3.33797547 -26.42596346  17.23571462  -4.59098381
 -11.82791506 -17.21456234   5.88459466][ 12.4575831    5.12585032   0.71433364  22.18298612 -19.8529499
  18.39540034  -4.02795917 -29.68961388  10.36911957   5.65527365
  -6.63368656 -11.89435724   5.99315078]