[ 1.28007602e+01  1.09289266e+01  1.93893128e+01  1.03484627e+01
  5.52591314e+00  1.19436539e-02 -3.54344308e+00 -2.17257740e+00
 -1.33823388e+01 -1.36556245e+01 -7.79572727e+00 -1.01113390e+01
 -1.27999551e+01][ 13.73956738  13.3511715   24.76998026  14.50988497   9.61271831
   5.03930966  -3.43196665  -4.80430834  -9.07749363 -14.27132184
 -16.40741336 -10.15068271 -11.12691962][ 14.3002142   16.51111538  23.17043931  10.92230995   2.85483569
  -1.87200648  -9.1575584  -12.60273855 -14.18010116 -16.86303829
 -15.94874312 -11.10502699 -11.94367349][ 14.3179633   16.01595602  27.42395371  23.35042913  15.49371938
  -1.5491837  -12.40818974 -10.8793372   -9.45077299  -9.46223514
 -16.38401818 -14.85276955  -7.35093549][ 14.3793823   15.07599208  24.55370789  21.4555259   16.66977124
  -3.8778187  -13.765569    -8.54185435 -15.5676614  -16.72230316
 -16.76794737 -11.49700501  -6.52435404][ 14.38234189  12.76144974  30.02537791  28.83865668  20.85207733
  -3.34031466 -17.3344319  -13.18370721 -10.61875175 -11.9466739
 -17.84597835 -13.54918901  -9.64417273][ 14.22785513  17.16530804  27.59581535  16.03748109  10.1751639
   2.52666756  -0.61502377 -12.95158751  -3.30203451  -3.92897761
 -13.60881918 -10.1680467   -6.29431486][ 17.50953472  -9.35820625  -7.58352047  30.22344606 -17.64779213
  24.1612544    8.7333176    6.25355378   6.57193467 -17.42239148
 -28.4338052    0.75572051   2.86399581][ 18.36541848  -8.25832867   7.61002081  15.45314785 -18.34753525
  -3.90576097 -15.76412029  -4.26133959   6.86099344  -1.07244976
 -10.92497698  13.19438485   8.75993133][ 18.70891221  -4.8867427    8.87939626  21.28035468 -12.22705591
  -6.8733964  -19.73426736  -5.52639139   0.74613899  -5.92827691
 -11.69936216   9.53210935   2.14308771][ 18.54492959  -1.38533766   7.13527325  15.32647059  -3.9522401
 -10.85461996 -25.04731382  -8.11720239  -7.00737464   0.94137922
  -5.56776391   3.14804281  -9.16197984][ 17.94488192   3.71187459   4.78756522  22.69764882   2.64120471
  -9.16250761 -23.14496348 -18.61233742 -11.23294882  15.5342609
   5.4827444   -1.48820244 -23.67517985][ 17.37279555   5.51472605   7.22105047  13.89280451   4.87175786
  -7.2087754  -17.55540826 -25.505522   -15.71700191  17.18159897
   3.0258       0.10233264 -26.74466358][ 17.01754446   4.2736024   12.47237685   7.56620236   0.50425191
   0.59345951 -16.71062544 -18.92397035 -18.79737409  12.4283756
  -0.36300318  -0.84593576 -22.73344386][ 16.79684247   2.35075201  15.50518562   4.66381156   2.22292445
   2.67626267 -14.16211123 -13.81684102 -23.16621879   8.40116563
   2.76207839  -3.43993719 -20.12392736][ 16.7150554   -0.54240011  16.42311289   6.87845301   6.1101741
   2.72221014  -7.41209255 -16.35543808 -28.19824426  12.6502085
   3.4151279   -6.38548328 -17.77800436][ 16.64658979  -2.53745037  14.86300844   9.48720805   5.7864365
   4.72560479 -11.16009105  -8.07464602 -18.33000279   9.21026623
   5.5694106   -6.42630963 -17.18984576][ 16.71670658  -2.11585653  14.01704616  11.44138939   8.45674341
   9.59280762 -17.88353971  -4.20851245 -17.08909671   6.81519346
   2.84502144  -3.73667984 -18.0517547 ][ 17.38622061   4.42607725   4.9619841    4.06531403  -3.32217369
   6.06623505 -16.57182567   0.13351425 -11.37507417   9.10187502
   0.61434639  -9.0703101  -18.87037175][ 18.88783416  12.82121748  -0.62759514   2.7320636   -5.09087124
  -2.16268638 -12.24584055  -9.8695386   -4.7327558   22.28456953
  10.12687494  -9.78146133 -22.8208757 ][ 20.52092325  14.01317318 -16.22747059  -0.7305319  -15.66702628
 -17.05138027  -5.65074681 -23.73997896   2.13341453   7.22198997
   6.98731669  -9.19979097 -31.1859785 ][ 21.11565538  16.0926439  -20.38120047  -2.38632969 -18.80956634
 -19.73074804   4.48065063 -24.99493061   9.45754324   3.01131969
   8.75463359 -11.66846934 -38.9553195 ][ 21.3478      15.58245301 -20.09992685  -3.5795602  -19.02206974
 -14.7530765    6.12440395 -16.14868421   8.99367972   4.53355028
   9.50755625 -15.48920693 -34.67696187][ 21.4064398   16.03014997 -20.4483861   -5.29808576 -16.54326565
 -14.38985562   5.97738757  -7.93815113   3.11333417   5.7991754
   6.88389605 -16.03520114 -33.26903067][ 21.49402796  12.97484468 -23.83980326  -9.9695275  -17.05002264
 -16.57565287   5.74820228  -8.44032245  -6.42715663   3.45669461
   2.63443556 -17.56583343 -32.0489437 ][ 21.51484127  13.44004658 -26.79103906 -10.03341801 -17.2602158
 -18.68057679  13.33269412 -11.24566903 -13.35971884   4.43128128
  -1.15410838 -20.67281404 -37.12962064][ 21.41714225  14.32763101 -25.0891563  -10.13987124 -15.46348563
 -14.48673355  18.81598468 -10.07543214 -13.5637772    6.42721558
   1.09338329 -17.32724568 -35.60488608][ 21.12182969  16.61754655 -23.95694336  -9.36824634 -16.36042942
  -9.90552665  20.32947436 -10.80410531 -14.28858528   7.96850588
  -1.91380365 -11.75240374 -35.46193364][ 20.61066903  14.12782723 -23.80768564 -13.90321506 -16.06327057
  -7.80654946   4.69961438 -15.18661629 -11.72295582  -5.6671247
 -10.98948486 -11.47737505 -30.56864625][ 20.17019482  22.50532519 -21.67314026  -9.219885   -20.46469394
  -4.29482565  24.45488043 -30.25061079  -7.01290436   0.05488623
  -9.29105408   0.39013288 -36.6393994 ][ 20.17487165  24.28781403 -19.48510072  -8.26294244 -21.60326802
   2.32205597  21.72801507 -28.37246824  -7.73864795   0.95461578
  -2.83812198  -4.72740265 -31.45375777][ 20.36055098  24.22174707 -21.10835745  -9.60458189 -19.92241263
   0.21464492  24.60057231 -27.07836489  -9.42905072   4.29548717
  -2.5466066   -6.49764274 -23.5434367 ][ 20.22271118  25.07472328 -23.75461987  -6.41927441 -24.43994718
   3.18114212  25.74328184 -38.98273935  -4.13911314  -2.95543466
  -3.10030652  -2.66314381 -30.44683374][ 20.0187244   21.91346767 -18.64747691  -7.80999314 -22.29497829
  11.57888335  20.55338763 -35.24204301  -5.00196201  -5.45337256
  -0.7231819   -7.26049913 -19.76064105][ 19.72437313  20.17024449 -18.33046161 -10.46676683 -14.59030056
  11.9311851   27.80782095 -38.24799119   3.98836724  -9.08169749
  -1.81984272 -10.36076274 -19.25248782][ 18.44865536  16.3939833  -11.39605412  -7.24580624 -16.09568934
   8.19111364  26.71647504 -38.02272965   3.67043678 -12.21012032
  -9.58441829 -11.79441217 -19.75089079][ 17.34330284  14.08514451  -7.31359914  -1.66052237  -8.47585685
  17.68344058  24.31742922 -39.62852646   6.41521766  -5.19325384
 -19.57178929   6.93666675 -23.08428718][ 15.84936399  11.81275273   0.72073938   2.86268973  -5.3096653
   4.70779157  28.92230567  -4.38032965  18.49304652   0.05999155
 -14.38203062   6.84463897 -20.50492196][ 15.24243984  11.01448863  -2.00079424   7.93623596   6.15441206
  -2.97874475   0.39007243  23.42776948 -10.27881363  -5.97650245
  -8.62874657   5.65440786 -14.13501919][ 14.89682529  10.13000932  -0.43068657  17.65300318  17.49112587
  -4.18881481  -4.51187193  28.06832995 -15.9823575   -1.45850796
  -2.62866544  -0.66798429 -13.58003334][ 14.42210461  18.16473769   8.03993212   4.299838     3.17080699
   3.11977089   2.20557641  -1.44876661 -13.01150985  -2.85376304
  -7.26278649  -3.22317544  -7.66963448][14.32179516 20.08424771 10.83525902  1.04607599  6.14338681  3.24870909
 -2.33536625 -1.78350847 -5.58307111 -6.34751402 -4.43202018  2.47254817
 -6.38170093][14.20985395 19.30214508 14.11783909  2.46932785  7.76708258  7.19566018
 -3.67043384 -1.78942711  1.00387467  0.73612542 -4.0791569  -0.91410542
 -5.11238028][ 1.40866326e+01  2.03672438e+01  1.72267249e+01  3.52680743e+00
  5.19264606e+00  2.93366985e+00 -6.82458461e-02  3.78500068e-01
 -2.62347416e+00  1.73591455e-02 -5.92640115e+00 -8.57796686e+00
 -5.59404647e+00][ 13.37025652  17.93973535  15.67593645  -0.34005862  -2.67480945
  -4.11046468  -2.09171688  -2.90859604  -8.57210476 -10.34863814
 -11.893551   -12.52618971 -12.06287674]