[  9.84008816 -18.20884107  -1.31974256  -4.30759199 -11.51593097
 -10.49038322  -3.63378016   4.96512373  12.35209794  20.72797054
  20.04955193   1.04595919  -2.17116316][ 1.78934041e+01 -2.72106959e+01 -1.47841758e+01  1.62687127e+01
 -1.55523052e+01 -1.22820850e+01  8.25907134e+00 -7.38491507e+00
 -1.17665637e+01  5.74661679e+00 -7.87860182e+00 -1.16845220e-02
  3.83061561e+00][ 18.9829014  -29.21374766 -12.60767329   6.06326676 -18.14776313
  -9.94329828   4.27368081   2.30261486 -14.45699714  11.6000631
 -18.22450574   3.72202526   0.14019419][ 1.99139740e+01 -3.39297087e+01 -1.15946794e+01  2.63137917e-02
 -2.54332544e+01 -1.41689649e+01 -4.33235854e+00  1.12409834e+01
 -7.67567277e+00  2.20959557e+01 -1.69138456e+01  1.23685158e+00
 -1.08464861e+01][ 20.62976353 -36.88641583  -8.64687791  -2.81746129 -23.89487024
 -12.88455069   0.78459602  11.22248926  -5.53294788  20.8887107
 -11.82623511   5.13254689  -7.18646284][ 21.04419755 -40.6405901   -2.59909744   5.34302648 -23.15895797
  -8.90745507   3.19597684  12.40680781  -4.88747632  24.88714489
  -8.06927788   0.9106096   -7.33885659][ 21.34743296 -40.67174569   1.95510344  11.07396066 -21.62682051
   5.0765       7.65582726  -0.70371433 -16.74509207  19.16586317
 -18.9406046   -1.67824013  -1.21785853][ 21.53059152 -44.97222846  -0.163851    14.20532913 -18.87068921
   2.954597    -2.01010335  -6.91080671 -12.63614422  21.71390371
 -21.58552853  -1.81061666   0.20375374][ 21.33791225 -50.57699785  -3.45029792  20.26443087 -10.97315652
   0.05553021   1.87690766   4.38835771  -6.14652979  30.86617559
  -9.23027355   4.53812213   8.99022437][ 21.1693524  -47.05986707  -0.52501414  23.03606532  -4.76455227
  -2.56001929  -6.66816903  -0.57452809  -9.64856206  37.21128266
 -10.45122557  -5.16643565   2.18104692][ 21.08968215 -31.97912311   0.99429659  12.26161027  -8.90940879
  -1.92596572   0.06980058   2.9342263  -18.12635157  21.21135215
 -15.41612153   3.24523097  -6.9942529 ][ 21.13015972 -44.76112479  -2.85871757  21.42844309  -3.63144452
  -4.1859167    1.24497724   5.78389054 -10.04896688  32.35028008
  -9.23078296  -4.59014885  -2.5900784 ][ 21.14040737 -39.21372741  -0.5968935   22.91751023  -5.90825355
  -7.2700113    0.83170964   7.68227363 -18.48152663  27.19750474
  -8.73135453  -4.83901582  -6.40091803][ 20.67150217 -28.8192563   12.51912812  31.33448907  -6.89640641
  -9.5694582   -1.67866687   2.35638328 -21.96714052  22.48494448
  -6.96819503 -15.05025491 -15.27224143][ 19.8504034  -13.82124749   9.10257486  25.45687663 -11.3786585
 -14.54012875 -22.40786016  -9.64048704 -29.99579734  17.00663628
 -11.874548    -9.92872651 -16.31103863][ 20.39812149  -2.70687469  -6.83932499  21.07098602 -13.70185438
 -26.6702272  -19.28842526 -22.21008495 -42.28658086  26.98070551
 -20.41320052  -7.95787883 -20.81394791][ 20.86674329   5.17101666 -16.47918912  25.02343281  -9.54315341
 -37.93942782  -4.41026187 -36.76936793 -37.33695364  27.35640595
 -20.21742552   1.8549892  -20.99323346][ 21.27235812   5.5448216  -15.79654592  25.14941724  -8.3015675
 -36.34379252   0.11031069 -28.8118514  -14.92033488  18.2057228
 -13.11466801   1.43598109 -14.81593397][ 21.49335467   8.57082903 -18.93602714  25.8535205   -5.23810849
 -38.52639734   2.31838476 -36.87434509 -23.28698409  34.53341984
 -13.06427997   9.63852496 -23.5802179 ][ 21.27547295   9.60741874 -22.10388808  21.82700721  -5.99681259
 -40.70633786   0.39697913 -38.98095935 -15.98624571  33.31857676
 -15.92598715   7.06934054 -26.86200218][ 21.19178909   8.90016918 -24.01141144  17.16054443  -9.66158123
 -42.33836803  -3.67584685 -44.02553519 -15.92484838  27.85775405
 -20.61460416   2.76974431 -33.26896196][ 20.64577363   8.87962999 -20.88577407  13.26504304 -11.11585524
 -32.13660172   0.57515623 -35.92222376  -9.31645663  24.8182144
 -14.62346507  -3.6510578  -25.84253298][ 20.32080383  13.91404876 -19.72660589  18.26244395  -6.00719166
 -32.90018629   7.5543527  -34.19140706  -5.90825596  32.70721822
 -23.06827862   4.42017356 -27.871418  ][ 20.25495065  15.73287392 -22.9467671   16.71503363 -12.3172344
 -28.58093689  10.57267664 -36.2865882   -7.0428766   32.64851606
 -23.62063267   2.4658604  -28.81727219][ 19.70275276  13.31919858 -18.91738659  11.1832897  -12.45860959
 -27.5119138    3.89993164 -38.42647674  -8.71859925  24.12898333
 -25.45492939 -10.58817604 -20.41063624][ 19.53963009  16.87959744 -21.16811107  16.35990601  -7.73465772
 -28.64343887   9.8926428  -39.37450307  -7.14634616  25.66973691
 -33.86556015   2.31921058 -27.72207058][ 19.10933122   9.29392326 -19.739614    12.27296276 -10.22632557
 -19.76136907   2.00000316 -38.90893925 -11.35371741   8.9064247
 -24.74884287 -19.81997951 -25.55469069][ 18.56488701   8.30338001 -17.40631038  14.65869348  -6.17926883
 -12.89693645   3.48636743 -38.4253843  -11.91889081   5.67813904
 -21.83317391 -23.54117483 -27.44158245][ 17.70726215  12.63888982 -16.4724658   12.49082922  -0.47179781
  -5.22735336  17.39048438 -42.41086927   4.27370135  12.46774897
  -8.47788924 -12.17786923 -28.30051131][ 15.87291743   7.619657    -8.82176609  16.41589447  -5.19259016
   6.87545188   8.60432505 -26.39669653  14.91922772  14.72271897
 -14.42357656 -16.01726092 -16.31253277][ 15.0150384    6.05989066 -10.20620016  14.69992598   1.88529845
  13.07728322  10.34875608 -17.20679199  15.7651781   15.62487857
  -8.4967855  -16.14503855 -11.98573961][ 15.11898812   0.59349704 -20.19477975  26.01239426   0.39238198
  -7.59278635  -1.34054513 -12.46831743   5.49355753  14.34824794
  10.41605111 -14.13158384 -14.65866925]