[11.26254439 -7.73224073  7.92207114  8.92928075 11.45919684  7.92834351
 10.70701795  8.72061317  5.45913847  5.85464648 12.41092919  5.73337824
  3.64932745][ 16.64115934 -11.28389529 -24.21098176  16.57235636 -12.915299
   9.5883837    2.21591109 -14.09903361  14.46081026  -5.66015873
  -9.83801125  10.93391942   1.63825076][ 17.09640963 -16.46582627 -14.34844     10.36331875  -6.63281594
   5.54939597   2.26130881 -13.85004633  13.58986442  -3.13136761
 -11.73682188  11.13085929   2.17031359][ 17.62853336 -19.88970536  -7.4163897    4.4359322  -10.92128393
   2.13675266  -4.47171951  -7.46462435  18.53765235  13.30485162
  -9.5969061   21.34474587   4.52973918][ 18.17932372 -25.41381257  -2.7786452    5.6080708  -13.03537825
   0.04702008  -6.4076376  -10.24636763  25.29462806  15.29097626
  -6.67362713  24.57262731  10.45554303][ 18.83664713 -28.16837199   3.19997483   8.01996963 -11.90232474
   6.07918477  -3.61368714  -7.97908257  18.35766421   7.19917107
 -11.41470459  10.04438679  10.86637692][ 19.4132733  -34.37355545  -1.85825061   2.20378752 -16.31245961
   4.05859842  -8.08898433  -5.71870264  18.83541845  12.72515097
 -14.75866885   9.95847125   7.43752208][ 20.15706892 -38.25216202  -0.12391892  10.97715981 -18.09662588
   9.421572   -13.69691875  -2.58669952   9.29138787  11.59399475
 -13.91155519  10.33621381  10.04498798][ 20.64929192 -43.56337524  -7.37038207  19.31692291 -24.12429967
   6.39509182  -8.87939685  -0.06095625   4.38893227  19.88223797
  -9.06331328   6.31271792   9.22807755][ 20.90990514 -46.32835901 -10.88415364  21.70072546 -26.80057979
   5.55479689  -8.31617303   1.11646207  -2.67918416  23.4745405
  -3.87738764   5.0877879    0.8385414 ][ 21.20634097 -44.54180653  -9.05213248  27.77372362 -26.37955107
   7.57017705  -2.13958191   1.53902179 -17.21433062   8.67205285
  -9.65673586   1.32242133  -4.17823202][ 21.25645443 -35.8509676   -4.84569462  27.38347013 -26.18129932
   8.29697263  -3.55707626   3.90324513 -13.02071849   8.17299426
  -4.85014482  -0.16657689  -2.4967606 ][ 21.3016794  -37.44188872  -7.56976621  28.28305001 -24.13298944
  11.14827242  -8.81805541   5.21434646 -11.06387305   4.92239525
   0.39356288   0.0970055   -3.43374541][ 21.24577648 -36.33234517  -9.72555314  27.35672366 -25.4812216
  14.38830451  -4.46448885   6.09544283 -12.77203145   5.26499101
   2.0585311   -3.05236462  -3.75659771][ 21.29327755 -43.73153323 -15.58441601  31.96536704 -20.97309727
  12.23360479  -7.14731414   8.85667018 -15.89322641   8.11032586
   7.48643502  -1.80302248  -2.08160026][ 21.14037507 -38.62979693 -13.38836263  33.13373527 -18.42194158
  10.53227035  -7.9474773    9.80494816 -15.51055097   7.64217333
   8.193773    -1.045725    -2.82023455][ 21.18982981 -41.04721707 -14.38962373  33.57559639 -20.11651939
   8.47236322  -3.09817153   7.19454211 -19.4383624    3.80710179
   9.76443295   1.37214227  -4.86513568][ 21.14244046 -49.31954307 -20.38439052  32.55944759 -18.01228032
  17.36008636   0.42207721   3.78802594 -14.05066928  13.79495881
  16.68838978   7.30889872   3.48464796][ 20.99965924 -31.82648201  -9.25418168  28.88960249 -24.27379795
   9.36557147  -4.76399959   6.37916094 -13.12095847   7.07951386
   2.73128428  -3.84727394  -3.0790562 ][ 21.0357568  -48.21817683 -16.02643146  30.37004578 -19.2352042
  13.84447968  -0.8229944    0.54225926 -18.04063344  10.10918326
   7.63236179  -7.43036506  -5.03840119][ 20.87328772 -36.73577525 -10.10681612  29.28658166 -25.76463057
   9.54480731  -7.17207219   5.49878235 -19.27538016   7.53700665
  -2.50069325  -8.53048456  -2.84217169][ 20.29314991 -39.91856827 -10.25834745  31.20615395 -19.57473338
  11.91217908 -11.25134072  -2.16908275 -13.63970301  23.75250913
   1.85914574 -12.55064328  -1.99530732][ 19.47775615  -9.35548771 -11.2684878   23.41644478 -26.71935305
  -8.08802117 -34.13491557 -18.80901844 -26.6386945    3.77933721
 -10.62091389 -10.47783265 -13.06893317][ 20.0475168    6.02711685 -19.72874768  15.90281655 -15.05552607
  -7.21396085 -25.56574088 -12.90096966 -22.15778428   2.97776974
 -11.54043349 -10.06625096  -3.17758843][ 20.68875268  11.29425466 -22.69892897  25.21762984  -2.99202564
 -23.71183346 -24.7125871  -21.59485929 -13.54263208  19.67476939
  -5.28454162  -4.68174071   7.42382292][ 20.75246331  13.57134709 -26.12053183  18.38828634  -5.22368186
 -26.07261334 -28.01478864 -27.9927565  -17.37706192  11.84862504
 -17.16722363  -6.47086795  -3.83673339][ 20.56543342  15.0932831  -26.90250816  14.88299214  -6.63361081
 -25.65705508 -35.21014256 -25.62850086 -17.89974994  16.54904697
 -21.87989389   5.01734301  -1.35884067][ 20.5120983    9.60730867 -14.89852859   9.81026511  -3.66029533
 -24.97402643 -27.50922798 -26.32438031  -3.03188581   6.00790783
 -20.13131604   2.6280987   -4.33141216][ 20.63281279  10.06900611 -16.64762011  14.7424352   -6.37417529
 -35.74366061 -26.85123593 -25.51029108  -0.07420418  15.51873772
 -27.39472107  17.53822493   3.69053147][ 20.53386364   7.34856667 -16.23703061  14.23117042  -9.73314047
 -33.37734224 -27.05537583 -25.03346135   1.09417207  13.82500556
 -26.75155177   9.04070277  -3.32010221][ 20.54368692   7.96349214 -16.52255553  23.79413453  -8.48086253
 -34.54441683 -27.01560097 -22.09729024   7.2906703   19.01441641
 -32.14743316  15.57410795 -12.72262698][ 20.44609828   8.02015719 -18.14903765  19.06789788 -13.94034797
 -32.61828898 -24.74279344 -17.54555285   3.55277033  13.34943106
 -29.25924589  18.55468247  -7.75514534][ 20.70834689   8.25708477 -18.47609853  23.54984497 -16.79048555
 -31.22447637 -31.39788257 -18.82664764   0.60439913  17.13572584
 -27.41186917  22.53384753  -7.34169498][ 20.66878953   6.25775261 -19.80286006  18.4708926  -22.75576726
 -36.28886676 -34.15148237 -25.89286736   2.37975802   7.12031483
 -29.365717    19.15394212 -10.93610379][ 20.49239392   6.16550592 -17.42731331  26.11603156 -18.5711052
 -35.69451605 -37.15717168 -26.58572435   4.78829886  12.34359704
 -29.29190831  25.64986877 -11.9648201 ][ 20.32014732   4.91981166 -14.28202371  27.67964635 -17.47050544
 -26.7882093  -30.80061239 -22.78006754  12.27963018   6.44216497
 -23.23472434  22.45930395 -11.96668138][ 20.16641329   1.14257105 -14.53436344  26.62732339 -21.7525131
 -26.54058869 -34.06427361 -32.29622119   5.83200153  -3.06354393
 -21.29759741  15.69996923 -15.37716858][ 20.02671859   3.10237819 -13.10450007  28.78008311 -20.43474875
 -27.35836008 -31.34917456 -36.13986668   7.76358583  -8.88398306
 -23.9730096   19.89145286 -13.11080982][ 19.8440177    3.14329511  -8.66542448  34.28588321 -15.6708927
 -26.75677301 -29.72577432 -37.47533315   7.8847005  -14.96910641
 -18.8492286   22.48079293  -5.60735992][ 19.46041905   4.04053118  -6.78851088  29.91800967 -16.78877636
 -30.00197221 -27.46993639 -34.73912954  12.38950942 -17.27911705
 -13.96210764  18.21721937  -1.19841771][ 18.58740398   4.65405036  -0.98569415  15.07840202 -19.63766661
 -25.23858069 -31.71707743 -22.71840658   4.73879769 -17.98897404
  -5.78148645   4.67676483  -8.24615183][ 17.5359445   11.77114039   3.37710302  12.84813297 -22.40448189
 -16.53268431 -16.55307316 -17.27765438  14.96134871 -12.58076428
   4.95122088  -0.40914693   2.07804371][ 16.63018241  12.01733534   2.55844256  15.67017065 -20.72407557
 -18.54209415 -16.89473569 -15.42703309   5.69867183 -11.21491146
  -0.27455913   0.76192891   3.33519314][ 16.11630265  12.30275496   1.67222545  18.40545372 -15.64927325
 -31.40450068 -16.58798423 -16.85589142   9.42672114  -5.65548331
  -0.980946     8.78102861   5.79608837][ 15.51868048  13.4071062   -1.4479719    9.26639199 -15.95467289
 -27.00321658 -18.25255233 -15.8919872    9.87799814  -3.90624135
  -4.73092155   7.71953528   6.95869   ][ 14.8816379   11.87096508  -0.50657278  10.54897554 -17.34233903
 -29.47322742 -23.58425677 -22.38664315   9.40250605  -5.26182174
 -10.73310035   6.71402876   2.51321154][ 13.79680759   9.53808542   0.46814757   7.1057658  -19.67317793
 -29.30532461 -16.24795171 -15.10554844   3.07016667  -0.2038724
   1.63338393   7.24361648   7.25290205][ 12.93286771   6.88632797   1.46530289   3.76718119 -14.2149263
 -26.63304652 -21.28498449 -21.57286446   4.70641784   3.91843442
  -2.90787316   6.08301652   8.93482402]