[ 12.28439385 -14.09155225 -18.44575593  15.94969196  20.05518715
   5.98795334  -2.31286315   5.09687269  -3.73064171   4.21704789
   9.74174575   9.86311798  -3.2027923 ][ 14.11122915 -20.79607655 -26.30434997  24.3238231   -1.26019391
  10.67950544  -5.45898114  12.06175483 -12.41640052  14.0946074
  15.44935563   3.37654367   5.46369287][ 15.43931674 -26.55517275 -28.50957935  26.1199826   11.92643886
  11.33753805 -16.66980302  16.62297036  -6.19602005   9.99285545
  12.71693244   2.69640349  -5.94808751][ 16.61770442 -29.7563161  -25.94514935  29.35572198   5.01268922
   9.16025265 -23.13200722  21.73285605  -2.65000952   8.73030843
   7.77116482   6.19590191  -9.95511096][ 17.72442373 -39.13563739 -31.39606123  36.19599792   2.83762459
  10.72893654 -19.02125078  20.37589738  -5.09663359   8.66085796
   3.48598289  12.245624    -6.9817945 ][ 18.19996114 -40.32414834 -27.56029374  31.92262614   0.11293321
   7.2349544  -10.57098884  16.31637862  -4.68832866   6.06903369
   3.97921295   7.6191329   -4.67672665][ 18.62226147 -39.3914555  -25.94209529  32.3850412   -2.60741732
   3.32284718 -15.56984255  13.34028485 -12.47387514   4.64467827
   5.39570377  -1.24916261  -6.40991981][ 19.1005887  -41.45593958 -21.20648477  33.06995083  -6.30525938
   5.61686156 -16.04960938  20.15457832  -9.19708697   3.75164829
   6.89341673  -1.9403443   -3.72443946][ 19.75812155 -32.83062887 -14.81649501  32.92261956 -15.55344015
   3.51749825 -15.32195663  17.38338879 -10.87760599  -0.05623672
   2.39362862  -1.47132674  -4.90978419][ 20.06265129 -34.83218364 -14.72511812  31.4156418  -17.72153507
   2.54739696 -14.53440762  15.66773545 -15.23645053   0.90923872
  -3.81513677  -2.0079298   -5.90998659][ 20.1760565  -50.39607702 -20.1839233   32.68229574 -13.27963405
   2.63750478 -17.46219905  11.28039216  -6.5035942    4.49145835
  -1.94494941   0.7376682   -1.58083143][ 20.23548807 -39.73698683 -12.57015708  34.45884334 -19.94938674
   0.34313145  -8.43015977  19.01570991 -13.83131878  -2.55278394
   2.57728884   5.89295752  -4.59212088][ 20.47005488 -39.04425063 -14.8152926   34.59180893 -17.48957397
   0.10538561 -12.53500551  17.37326093 -12.19405494   1.24009284
  -4.49661485  -2.51065302  -1.41189138][ 20.45759679 -28.2320468  -11.92156662  29.88657745 -20.14215905
   5.58561099  -9.7640091   15.48725686 -14.05321943   4.38437823
  -2.93413135   0.96203706  -2.97718421][ 20.55808567 -36.18365915 -12.15254391  34.00737854 -20.3590192
   5.12771533  -4.70835301  17.7430757  -19.36940768   8.80773071
   2.01654836   1.90100048  -8.27435704][ 20.46392367 -37.11066988 -13.85235573  33.54563291 -19.24415235
   3.44978966 -10.83710199   9.89799095 -13.9241334   15.5404647
  -7.27784397  -2.21748483  -3.1273859 ][ 19.89058954 -38.72556559 -16.23777199  31.62319997 -17.69928833
   0.47511422 -13.75870977   5.29718113 -15.10779059  23.70218715
 -16.69033186  -9.18492365  -0.17396484][ 18.7971911  -11.17594101  -0.46054245  28.73129449 -11.50366605
   3.45308216  -7.57232272  -0.9029532  -21.6563542   17.04199523
 -14.87606373  -1.69956443 -11.20900495][ 18.85690147   7.29487875 -14.55416859   6.36636795 -12.00391205
 -12.50013926 -21.71278336 -12.65766839 -12.91389956  16.12681102
  -6.70538928 -11.47303686 -13.33271694][ 20.10498276  11.94043289 -20.55586011  -4.21239035   1.07140706
 -31.27731371  -9.99979284 -15.16422787  -4.2561425   17.82231857
  -9.31873698 -12.75832297 -11.34095373][ 20.58553637  10.81764121 -22.68136677  -7.93093637  -3.1935239
 -32.03188594 -10.83166457 -14.72640694  -1.19822431  17.39219285
 -14.16875209 -15.0337436  -19.92940598][ 21.11095086   9.10469546 -26.68697581  -7.81451299  -5.64956235
 -25.97510538 -11.7929982  -17.80928282   5.73751442  11.92418876
 -13.21775187 -17.74850578 -24.81117072][ 21.27065808   9.63125174 -28.26944006  -7.46919462  -1.65774695
 -16.05212716  -2.98129188 -16.75029655  13.05133949   5.17610339
 -11.42929399 -23.55006495 -20.95929595][ 21.36628817   8.01080607 -32.8767913  -11.99124029  -5.5008205
 -19.92969226  -5.91755848 -18.31589392  13.34027265   1.56392082
 -14.19888453 -15.09598392 -20.85544829][ 21.11440795  12.32657799 -27.93114931  -4.7353893   -0.67170904
  -8.91246206  -2.44931693  -4.26743025  17.70011077   7.1718431
 -17.73920138  -0.17076938 -18.71433628][ 21.07039681   9.10061991 -31.34427096  -5.47447815 -10.43831377
 -16.33813003  -8.66043891  -6.20236678  12.33967472   4.91052777
 -27.80868477  -3.86370479 -22.54051464][ 20.80216326   7.07647004 -30.91143628  -3.05649846 -14.75210019
 -15.57286632 -11.98479594  -4.40806826  16.15450463   5.2547062
 -29.90067365  -9.21417305 -24.73524526][ 20.75551951   6.55634704 -29.14994222  -1.10469672 -10.01350364
 -24.49025641  -6.82314924  -7.34556204  24.55035675  -0.95768927
 -26.70617817  -8.65782421 -22.30400832][ 20.63458581   4.89587297 -27.22807156  -7.11174666 -10.59306671
 -21.51767836 -14.2903762   -5.3184858   27.19505769  -4.49846185
 -23.08633322  -8.5875252  -22.16538642][ 20.59541214   5.80456839 -23.43263233  -3.29170241 -11.21939345
 -22.09719885 -15.90374963  -4.58292323  28.65740749  -3.33629244
 -19.82603341  -3.0095428  -17.31505648][ 20.37346481   3.68612815 -24.85445796  -1.43935089 -21.48177491
 -25.67766129 -21.94745656  -4.53163027  26.51330171   4.22327358
 -22.8013854   -2.61277131 -19.17653973][ 20.11518344   2.68794353 -23.21945971   4.2642669  -22.77449682
 -31.31398975 -29.77817661  -3.86280455  25.63500927  -0.41608193
 -19.03330503  -7.31254501 -23.54870071][ 19.96092384   3.29662967 -19.4065252   11.82751968 -18.52870054
 -27.15241299 -30.4773346    0.33475334  23.19961983   1.12408081
 -14.17572018   1.9017888  -14.88257015][ 19.80676462   3.09982459 -17.65748785  14.70463668 -12.68675001
 -22.12545851 -29.20151673   1.66776747  10.07953393  -4.0886668
  -7.7360009    3.08595501  -3.12434115][ 19.22165839   4.07966142 -18.98988413  22.08338751 -14.92411042
 -32.57485463 -35.13674416  -3.66805864  -1.50468092 -20.81364662
 -16.04639857  -4.15831358  -4.5547671 ][ 18.18986198   8.18305281 -14.07655864  19.82397566 -11.97385944
 -34.29469938 -26.36579786  -2.04816096   0.87948547 -19.36204892
 -12.72788665  -4.26323187  -5.08423391][ 17.40751013   1.99139616  -5.06416399  17.2073061  -11.02255932
 -28.44666315 -20.70834362   2.53470994   4.03042919  -0.15324367
 -13.8817427   -1.44065307  -6.06047095][ 17.85788463  -9.37881219  -7.97912422  18.9450182  -20.38333196
 -25.31078681 -13.22081976   0.93247594  -6.16544839   6.94861112
  -8.59481632   0.60786903  -1.05367429][ 18.88340121 -17.42501347  -8.43167835  23.13983957 -23.01220683
 -33.34961491  -9.07039728   0.27024578  -6.79322735  12.10976693
  -2.60378009  -1.35148827  -0.13329298][ 19.14734302 -22.31511715  -8.46622201  24.67206102 -25.02577334
 -25.21810594 -10.07009118   2.1819441   -4.73132356  12.22875694
  -3.05661345  -2.25281105  -3.15051219][ 1.94050844e+01 -3.08304784e+01 -1.02581674e+01  2.22308926e+01
 -2.94461251e+01 -3.03021074e+01 -1.02090767e+01  1.57769364e+00
 -1.71009780e+01  6.00592491e-01 -9.99284595e+00  9.76922022e-01
  1.48071930e-02][ 19.32795647 -32.44075577  -5.58078959  24.6831542  -22.36846917
 -23.98248973  -8.41019891   3.94828638 -14.81096211   4.02497736
  -5.41653739   9.79392875  -1.43128075][ 19.22496562 -33.95748597  -6.71244769  22.66736647 -19.62831322
 -17.81523029  -1.20921538   6.88527611  -7.43463744   9.09052391
  -9.91549647  13.81548547  -7.97429667][ 19.36942631 -33.34635316  -8.3050239   26.03127604 -14.10312149
  -8.43394262  10.49483692   5.17638808  -6.77756596  10.49674701
 -16.06202722   8.65331644  -6.60179833][ 19.33951326 -35.86921459  -9.10819158  25.55486867 -18.25201539
 -15.18414561  10.58563322   1.85675731 -12.08624486  14.67881427
 -15.67405282  12.75531419 -12.23888783][ 18.88250527 -43.38662229  -8.83583143  27.25730645 -17.17278768
 -20.29076972   3.45426344   8.40670981 -14.46149027  15.00642444
 -15.39115317  16.56870181  -4.10672115][ 18.63662894 -43.74860107  -7.32250572  26.44179573 -16.58589116
 -16.01356432   1.97716656  12.90373512  -3.40478991  21.55310655
 -13.51371891   8.13808351  -4.41371278][ 18.69582933 -40.90031502  -4.23297971  26.7672934  -20.12659785
  -8.63539813  11.32016645   6.13855931 -10.89158479  14.87490137
 -12.60731534  11.40124268  -1.87465302][ 18.57815897 -43.15860847  -2.11860815  30.534543   -20.29164192
 -13.47172757   8.75959102   1.96688863  -8.76360148  18.73467292
 -13.86558424   9.32439297  -5.64582654][ 18.21549795 -48.92085584  -0.31373981  33.05072355 -21.94450714
 -10.92343837   7.51171057   9.33893698   5.79357563  32.79465564
 -14.52925274   8.29193664   3.11981516][ 17.62116713 -46.80085751  -0.52514814  32.02032976 -20.00568682
  -6.69262587   7.86419214   6.83147665   3.48326292  24.61097977
 -10.55374493   8.79605147   0.37492676][ 16.92226312 -33.18003508   0.44348049  25.26898834 -19.84688373
  -1.47701884  10.72233034  -4.98161797  -3.76697171  13.48336587
 -15.9513695   11.04072945  -0.36769266][ 16.27932078 -43.31558798   3.3780948   31.31749025 -14.97008258
  -0.65212627   6.32221137  11.63455132  12.98513759  17.78835791
 -15.68276777  17.12751742   6.59574824][ 15.91614296 -40.43941725   1.49080549  29.17399133 -11.62833101
   3.94123908   7.15492252   9.7088108    6.70647829  17.44879184
 -14.68914478  12.27464596  -0.57292539][ 16.00308334 -34.98819221  -1.80153918  24.9430725  -17.79300508
  -1.70485326   7.99927559   5.55710361  -5.03491539  15.29118161
 -12.10098341  12.75971695  -1.99511439][ 16.67661138 -43.48327235  -5.03315978  32.40691787  -9.75242711
  -3.35702684   4.08923815   3.42584742 -18.92091462   8.16271414
 -22.59912361   5.86292319  -3.97281355][ 17.61277748 -29.83951051  -3.44921739  22.50903292 -18.03304455
   0.27563218   6.01466403  -1.23195638 -10.42681435  12.42437458
 -14.08595788   4.40893201  -4.1144801 ][ 18.07309697 -40.3587833   -2.95120906  29.61134412 -18.85222625
  -3.23312899   6.19518475   0.06575307  -9.50946497  14.95724188
 -12.8666905    7.22761112  -3.47458066][ 18.30382045 -38.55397077  -3.67000069  28.34511537 -19.01011296
  -4.33600202  10.20963168  -0.37054348 -13.69178451  17.754127
 -13.962351     0.77462537  -3.48857077][ 18.10702888 -42.54419016 -10.59221494  29.6854232  -11.42294546
 -14.641441     9.55226474   7.99699236 -16.82717631  11.74480976
  -6.33053862   5.92408069  -6.38393667][ 17.93896251 -39.23057781 -15.31133559  31.00593469  -9.90468892
 -17.6749929    7.76566566   9.40039436 -14.19316298   5.95887291
 -12.94335925  12.73241666  -5.70569016][ 17.47450685 -35.85240394 -15.28057511  27.14843867  -9.09267837
 -22.85620084  -4.4990388    6.88013697 -12.98917384   5.04218864
 -13.1926044    3.28274995  -8.08122351][ 16.77291645 -38.40832106 -19.18237498  28.61659716  -4.47695506
 -24.69249924 -15.3742747    7.37275468 -19.25697323   3.62309612
 -13.61023452   6.7009893   -2.15549705][ 15.96893769 -30.52822646 -16.42660686  23.36986531  -1.42986352
 -22.92841469 -20.33069055  19.68244035  -6.51569543   0.52775768
  -4.5942741   14.09552911  -3.29834043][ 15.64183514 -23.93353557 -19.88314997  20.36315845  -0.06442451
 -16.02140743 -13.30185702  14.93643728  -2.49658866  -1.92876275
  -2.28030804  13.23314184  -6.97098165][ 15.23260784 -21.75891022 -20.66350042  25.33329814   5.51061412
 -12.10972604  -3.97975424  19.60844816   3.97137873 -11.16174472
 -14.75703352   7.85295089 -13.36086295][ 14.38062613 -18.58691533 -17.70722343  23.22955518   5.60642619
 -11.28221053  -9.60534406  13.93944902  21.40637494   3.69527049
 -12.81338488  14.68535791  -0.51070333][ 13.20292437 -12.59608526 -19.6533731   22.31977404  16.03862704
  -5.17398931  -9.80993216  11.91355158  13.45190399  -1.3105472
 -12.52088212   8.02426896   1.85481361][ 11.90377639  -9.46694213 -17.26540793  21.08503963  11.32049069
 -11.60392941  -1.82587003   6.16213339  17.94541979   2.68501615
  -0.23404698   6.95095278   4.62799756]