[ 12.5427529    3.88618023  19.51285952  20.75730068  11.88494589
   7.63691558   5.79740572 -10.31697127  -2.50709516 -12.23571955
  -7.69269155  -7.72400268  -9.60888624][ 15.10954518   0.77999204  18.28059937  28.37352886 -27.02157966
   0.89301238   5.22659477 -26.2429224    2.75489356 -13.75108107
  -9.51105812  10.88527155 -14.14205609][ 16.36468556  -5.90306235  15.6450365   49.5190864  -23.75947255
 -10.24805799  -5.83288877 -28.55019538 -16.06108282 -35.6751247
 -19.98353309   8.16471688 -29.75345832][ 17.18984532  -6.16970025  17.78691631  58.80995195 -20.1767234
 -10.9531656   -2.26763805 -23.85512789 -12.10031941 -27.78776407
 -13.45066498  19.95462225 -25.96942676][ 17.94455412  -6.3139051   11.17937427  50.5393706  -20.52679359
  -4.31049879   7.58808432 -21.65450032 -10.996017   -29.56744617
 -21.11970839  12.30382999 -32.41538512][ 18.78995267 -11.11654469  10.42728833  49.2818772  -18.46445756
  -7.93040352   2.53752075 -27.69888    -17.67867362 -23.96504664
 -22.6514745   11.00028328 -33.8136732 ][ 18.86479602 -13.89669826  13.5552251   53.11974178 -18.52557964
 -20.19057701  -2.59771978 -25.86655644 -21.12549808 -25.61369405
 -28.13824677  12.4860418  -35.72528181][ 18.75911713 -13.24561185  12.08775113  49.15059251 -19.42963068
 -24.29272077   0.76159399 -21.36661792 -23.24230634 -27.90939154
 -32.06706306  10.72221739 -37.23452595][ 18.96275961 -14.42315862   8.7385831   40.57644703 -18.55903139
 -24.7015571   -7.60544693 -16.30374101 -31.13889895 -17.31998532
 -32.35099782  12.40048783 -34.7219027 ][ 19.022159   -13.49396889   6.35918583  40.83128848 -17.78237648
 -23.74696588  -9.47526436  -8.94510635 -35.3007999   -9.46446506
 -30.05195585  16.84197931 -34.13293957][ 19.28920908 -12.92616008   6.68834752  46.09520552 -17.91234701
 -28.71536891 -11.43925964  -8.5210248  -37.57017831 -11.95416756
 -33.16384264  15.62164482 -30.42577329][ 20.14632808 -10.57164934  -1.78567767  47.62622309 -16.01894524
 -32.58289568 -12.86112558 -11.4091501  -28.06858339 -17.62938746
 -19.89145528  18.29848145 -24.46766982][ 20.39184637  -5.92587559  -4.14565425  47.54641554 -12.33646769
 -33.79913335 -14.14834055 -10.31777494 -22.98952199 -15.69702437
  -7.16589175  25.38602316 -17.91674638][ 20.80896953  -4.47535343 -13.94275094  33.56595301 -14.67734151
 -39.28890475 -17.81728886 -15.0915507  -13.3259901  -12.9922788
 -17.84799651   7.46646007 -19.11362491][ 21.06647515  -5.14672736 -11.32032204  35.70887181 -11.48005877
 -49.08827079 -21.57997489 -13.37286508  -9.28503969 -11.73484097
 -14.74236235  24.44406986 -20.58614421][ 21.20370285  -3.98609808 -13.29659561  23.75996176 -10.68305364
 -48.5575189  -19.9615357  -11.19993062  -4.66990861  -8.27131782
 -20.9675084   13.58965646 -18.81556356][ 21.36807228  -3.58334128 -15.13980364  19.51792277  -9.38520792
 -54.95196825 -21.82821681  -6.72568007   6.84589817  -1.25371282
 -18.59052554  23.50097444 -20.21962605][ 21.49449119  -1.54271483 -19.53750577   9.79108054  -7.12940962
 -47.4495486  -20.91679634  -9.11568427   6.18129346  -6.34093574
 -22.41085363  12.21410314 -22.5777587 ][ 21.59519599  -1.55308343 -21.58894068   9.21876932  -4.24213308
 -46.96179109 -19.34007098 -11.2293666   14.94001917  -0.29934242
 -14.93059127  18.08104002 -20.48722775][ 21.63855314  -1.54194795 -24.43991172   2.00768501  -3.68128506
 -43.48801288 -20.28321449 -15.36889096  11.35886395  -2.56507794
 -19.35951622   9.18961857 -24.23885127][ 21.63896754   0.96129083 -23.64594444   2.50391346   3.21302916
 -37.0339636   -9.7080042   -9.3074877   17.16720559   4.32677625
 -17.58490254  14.66275288 -21.88565691][ 21.5496344   -0.93725255 -26.36504924  -2.62545859  -1.67575331
 -37.09699936 -21.4987409  -18.04078475   4.35810021  -1.41044451
 -18.86898289   0.50368321 -32.42208155][ 21.30195799   1.78249037 -20.10191436   2.50496719   4.8571972
 -20.99104246 -13.71308114  -5.36100141   8.63756712   7.5275936
 -10.35788908   0.62250173 -20.56534305][ 21.07997181  -0.06764941 -18.00774849   1.22036932   3.41033836
 -25.5850254  -21.62115551 -11.42665435   0.12942374  17.59328778
 -10.00531473   8.43396561 -21.20108729][ 20.36126042   0.37855494 -16.25091274  -2.05732262  -1.51960976
 -29.11741029 -26.90705698 -22.56237747 -17.93235588  13.49995749
 -24.21218458   1.37976517 -27.72444604][ 19.65651349   2.67383989 -10.5154687    3.81468336   2.47510535
 -23.50116497 -27.54165296 -18.12177225 -23.90633418  22.83406798
 -16.19813251  10.55724733 -20.62787126][ 17.90871508  11.92883313  -7.30770589   3.11724431   6.77691297
 -16.70089812 -24.22559643 -11.65408382 -12.82215199  16.23611127
 -17.7333007    9.83161515 -20.8164586 ][ 17.32769237  15.01816293  -7.91251523   0.79011897   6.62676994
 -16.22859662 -33.29723865 -11.80712579  -6.21745993  19.14508402
 -18.15217256   9.63528643 -20.14320618][ 16.83003771  16.10952149  -8.07089521  -1.45462499   7.81614342
 -15.4616147  -28.75517935  -9.05997397  -4.59115777  14.59088365
 -23.89275348   6.14715578 -17.28016195][ 16.25802334  17.43451111  -5.39235962   2.67505823   4.61203031
 -19.81592    -20.71781281  -7.0132365   -7.9830956    6.7819342
 -20.21047084   7.13171304 -18.31389452][ 15.53222526  14.9328443   -5.41530232   4.96658914   4.93871399
 -17.84229381 -18.83918783  -6.26723795 -10.89163751  10.38702402
 -10.76544995  -4.51456587 -15.8360818 ][ 15.22205854  17.49423878  -4.58230443   7.99130079  10.43585465
 -22.59492998 -21.16463106  -9.86838835  -9.18689661   6.96870181
  -8.91413973   1.86116402 -18.80719312][ 14.82636942  19.19286818  -2.02048833   6.37318355  14.14943026
 -14.21960939 -19.53223637  -5.630107    -4.71650854   7.55725258
  -4.91583658  -4.6825115  -12.66268209][ 16.73204433   1.0997251   -0.50143129  19.06882174   2.89868067
  -4.67578246 -34.92252986 -15.52593555  -3.77448754  -6.68190781
 -20.68871722  20.84880666 -10.20033634][ 17.85844486   2.64450882  -0.98066305  14.82836541   1.14529867
 -11.40103665 -40.45254393 -16.04607377 -11.14914103  13.62383481
 -19.46988085  14.75435361 -11.21090813][ 19.16027487   4.7174694   -7.49301289   3.68609594   2.71867433
 -26.6153089  -23.76429928 -17.16243022 -12.22644995  15.78648619
 -18.55297134   5.97926145  -6.18355244][ 19.73386733   3.82766001 -11.60205382   6.17811161  -3.9931816
 -30.63664247 -35.52749812 -18.0729177  -11.04158423  20.03427786
 -23.49259404   5.12357355 -15.77090726][ 20.11253428   3.96025979 -16.03408779   8.15487899  -5.30363776
 -29.92764773 -30.46756396 -13.1680557   -2.60774618  23.86214886
 -31.25205588   8.61298348 -22.16870875][ 20.26167867   4.91865248 -15.64842168  12.08025908  -4.94790945
 -25.11511958 -29.89642661  -9.32343788   5.67988141  24.84080378
 -27.41281692  13.75248138 -18.70542166][ 20.28494997   3.83155685 -17.4164024   11.27588038 -10.24370705
 -26.14289076 -31.12574473 -10.91230758   8.7414107   16.14357947
 -29.02327853   7.48420467 -17.7847726 ][ 20.11662557   4.0846224  -18.41877635  13.64236295  -6.52588008
 -21.02333394 -24.52276372 -20.31142739   8.19316033   8.91812522
 -23.05446466   9.18674834 -16.4016077 ][ 20.02875448   3.36653425 -20.79338108   9.66889566 -10.6051797
 -24.18941705 -28.33759488 -19.19493994   4.78106892   6.66436515
 -26.8803017    9.7904319  -21.81594754][ 19.88317007   4.42940133 -21.30471359   8.79809599  -8.36377784
 -24.44777612 -23.83200969 -17.13689137   1.63746843  10.61519298
 -25.71371015  14.22208022 -20.80297911][ 19.65283212   5.25330391 -19.36243847  10.17842707  -7.82112508
 -22.15674353 -21.48386222 -14.37245748   4.51273439  11.1362235
 -23.45649211  14.6182512  -19.52222124][ 19.40918241   5.28368891 -17.90425743   9.49268629  -6.01612564
 -19.52935963 -20.38562257 -12.53208949   5.56128669   8.12158608
 -20.9929481   10.02373296 -20.58146781][ 1.90836538e+01  4.89531710e+00 -1.34631649e+01  7.67382529e+00
 -4.25036591e+00 -1.02045827e+01 -1.92611219e+01 -6.39285601e+00
  3.55695405e+00  1.04397811e+00 -1.78990967e+01 -1.28444103e-02
 -1.64178725e+01][ 18.88978993   5.17511404 -14.35610384   3.17179268  -5.14602063
 -21.07640498 -25.28975688 -21.04903355  -2.6517782    0.27234974
 -23.60807214  -4.10085808 -24.64736982][ 18.5420577    8.31097402 -10.63772605   4.1758421   -1.46604007
 -17.73813064 -26.55392466 -18.89733694  -3.00200061   8.04805458
 -20.70717292   1.03705271 -19.93681631][ 18.06248162  12.26100069  -7.98112271   1.77558523  -0.41989749
 -16.80108507 -27.04970302 -18.90712722  -8.14027243   6.93312308
 -18.69673239  -0.42349863 -21.27794828][ 17.63518078  17.21082615  -4.00767955   7.62429402  -0.16334615
 -22.43017185 -16.86901091 -13.20324372 -13.54769988   1.28114486
  -9.65632829  -1.46750428 -24.82237296][ 17.62726037  17.81185437  -2.89335796   9.20169154  -1.3168472
 -32.11295213 -13.69618318 -13.64805173 -20.06090502  -4.39828691
  -3.91671315 -10.15438474 -25.30850495][ 17.55079262  16.56048187  -1.98564415  11.48402249   0.60004658
 -26.88278453 -12.49241535  -8.55003739 -19.5372377   -2.44784486
   2.05470519 -10.46846642 -16.21657893][ 17.45068646  16.69592018  -5.94954705  11.41930648   1.49987577
 -28.7653286  -14.64064862 -18.199726   -22.8960858  -10.10987077
   0.13329065 -12.30099621 -22.19253555][ 17.34993855  15.9216418   -4.48729243  12.94296388   2.93668585
 -28.70550505 -16.20410333 -19.29529084 -23.70150059 -12.38228786
  -3.46923458 -11.86723952 -23.42977388][ 17.29906548  17.3224721   -5.28761059  13.69890559   2.14243944
 -27.57197068 -12.24617563 -21.19263477 -24.27757868 -10.11957647
   0.33132794  -2.16455255 -26.10428279][ 17.29656042  17.86270638  -2.35213522  16.6424374    1.02299078
 -28.90273996  -7.39698591 -16.71792102 -22.73721738  -9.11921191
   3.64936951   1.40341    -30.66020237][ 17.24125215  17.8324606   -4.07149608  17.57018079   0.89187483
 -30.33546535  -6.45490135 -22.01665965 -24.41440161 -11.67473808
  -4.00862186   2.03555427 -34.52417635][ 17.05730296  14.55373407  -1.74391878  18.67325204  -3.21623294
 -13.94412775  -6.33810047 -22.15022675 -16.83677692  -8.35974431
   3.59174088   1.77302694 -22.500984  ][ 17.20456225  13.83416616 -11.22532097  13.50541023  -8.7300175
  -8.75952058 -15.71900704 -29.05423119  -5.14892283  -2.03795697
 -14.38295562  -4.76564606 -26.57714454][ 17.24951582  16.05400175 -13.03088729  13.75837118  -6.11925645
 -11.01959281 -12.50782064 -29.69286376  -1.12913605   4.75649808
 -21.58990649   2.7995219  -25.9135846 ][ 17.09708423  16.26163815 -10.81588177  13.73670397  -2.22479337
 -15.65142207 -13.29294995 -31.92912438  -2.02809219   6.78567174
 -22.06409861   2.55740163 -21.15050597][ 16.56534013  19.28768425  -7.22064555  14.60221304   4.94910264
 -14.61867183 -13.8339662  -32.41549729   3.71283676   2.96079279
 -12.42848495   2.65659054 -14.70758418][ 15.72419687  19.52938399   0.10711631   9.78279644   3.64810902
 -12.32293494 -13.13731003 -26.55071362  -8.0227189    7.66923982
  -3.92478391  -0.32760335  -6.43381872][ 14.52554171  17.08921918   0.84462809   8.55954876   4.0686227
  -8.85444486  -7.35424885 -20.26119248   7.23111884  19.7376163
  -3.07055913  -5.05609919 -11.51596888][ 13.71255732  15.92705571  -1.94524012   2.6193683    3.47407527
 -10.84350276  -9.9508913  -13.29051319   8.00251496  13.30566275
  -0.7217792   -7.12347457  -8.85128713][ 13.21616015  13.36093777  -7.22289359  -4.43384172   2.45336634
 -11.41136863 -17.48685905 -19.45531541   0.64134068   8.85365775
   8.86687076  -1.70917947   0.95427912]