[ 14.39505832 -13.49732111  -7.27166152  20.33282252  10.02622928
   8.86213893 -12.40342534  -4.78970402  -5.09739579   4.65172623
  12.85024445  10.36630805  10.15120523][ 15.64024949 -12.4314376  -12.10738068  24.04061314   5.4769519
  -3.34370683 -24.27815288  -1.95079467  10.6334178    2.37678881
   2.41484067  13.28436643  11.64663826][ 17.10218064 -17.68214851 -11.91810191  32.6395465    5.08434886
  -9.64604217 -20.5891854   -8.52212402   0.27288845 -10.35629324
   6.50554556  14.98132636  20.42912322][ 17.60984277 -19.22190686 -11.40692785  32.72697907  -6.04175628
 -20.76739031 -12.58271853  -0.10330655  -5.91252176  -5.14460557
   2.9862317   12.38334837  24.4106167 ][ 17.78277826 -21.32330191  -3.00135002  35.72378424 -14.39469272
 -12.29116798  -8.86593861  -3.80382972 -10.54206249  -4.44043472
   7.18110091  -3.34058906  23.36698894][ 17.57859582 -23.36160024  -1.69972892  28.16973416 -24.90187803
  -8.98035388 -15.19235591  -8.95784701  -4.99817166  -4.91908302
   4.47337847  -6.76529023   8.57978626][ 17.42187415 -13.27160856  10.83385488  30.86089162 -19.66615093
   8.11607104   0.28976257  -5.63672148  -1.12384816 -12.61938695
  -6.46342272 -13.79361889  -7.25386297][ 18.43701716  -5.96841924   6.48408156  35.5524609  -15.34205524
 -23.32972254 -20.20164872 -24.22490347  -9.16428501 -24.24296225
 -25.19759675   5.35616183   0.41575465][ 19.7205907   -0.88251943   0.7829968   34.71041169  -7.61453021
 -27.43846242 -11.467809   -19.25929554  -7.65540956 -15.17891302
 -27.4955704   10.83636292   1.56508608][ 2.06023400e+01  3.31013737e-03 -4.10025160e+00  3.42013218e+01
 -4.83243622e+00 -2.81761152e+01 -8.86717726e+00 -2.87367454e+01
 -1.11363894e+01 -1.04010433e+01 -2.40341406e+01  2.69949986e+01
 -3.90731490e+00][ 20.82129545   0.24591135  -9.51606751  34.44500165  -8.60393834
 -35.20274122 -14.28720892 -27.23077557  -9.3819268  -15.81116733
 -27.63282908  20.39969762  -8.83203531][ 20.76584106   2.59915652 -14.26963507  31.47176412 -15.2489488
 -40.25862377 -14.44255176 -19.10105869  -6.18929435 -15.88627598
 -27.13910212  27.74737351  -4.45888227][ 20.62908725   6.37483824 -17.36664383  34.88880456 -15.06523302
 -42.47308223 -19.07714635 -10.4246832    7.67961307 -14.44340275
 -25.27101007  16.94805045  -8.99828742][ 20.73165181   7.46044346 -22.23133912  32.30494341 -18.73228829
 -42.40814    -18.95606442  -5.28571388   8.30503543  -7.16757261
 -28.16329047  26.8931687   -8.78387935][ 20.80780826   6.97162677 -24.67679082  27.01352546 -22.83859962
 -37.330652   -20.23896916  -5.4602797   10.33290672 -11.76067546
 -27.57406559  12.15659667  -6.92574899][ 20.81051551   6.95930033 -23.69607585  22.57622376 -16.61618214
 -25.16970932 -14.83748397  -6.64986     16.8738734  -11.28224753
 -21.38689515  10.73305871  -3.848171  ][ 20.80346495   8.11753982 -26.18671163  22.14264319 -16.06124635
 -34.28383632 -13.5321482  -10.12030934  17.20244364  -8.2502101
 -24.19052645  10.0290347   -4.4408712 ][ 20.5567073    6.79811829 -22.6017868   19.38015877 -13.51100962
 -30.29782699 -10.82756924 -13.26519308  17.11567628  -8.47572432
 -23.10195325   5.8009988   -7.06277034][ 20.56608034   8.44244773 -25.85233161  17.70750782 -12.7733261
 -37.62140428  -7.87691501 -17.93462207  18.39718118  -3.68973935
 -23.97964889   8.59623328  -8.93045701][ 20.33855454   5.55130308 -25.42932435  16.39933466 -11.81473496
 -33.88281279 -12.59184648 -22.32900405  17.31482366  -9.75523821
 -23.43485427   0.86980647 -14.69273671][ 20.20048152   6.75078528 -26.96725435  11.86992081  -5.05890702
 -34.3831999   -2.14318283 -26.43911164  15.38300248  -3.28368943
 -32.04790347  -0.09691721 -21.66200331][ 19.84816653   5.74574961 -28.49392656   6.86032132  -7.45455862
 -28.11634251  -3.0775003  -32.24722677  10.07868086  -4.76419079
 -32.10240312  -7.20608418 -29.47155412][ 19.85154915   8.90401356 -25.11223292   4.12571902  -7.20644007
 -25.13213276   1.48114288 -28.54781753  10.03459852   8.99593427
 -22.39479099   0.47278855 -25.84936082][ 19.52887106   9.396855   -24.17314698   0.36396554 -15.69346228
 -23.77764731   3.58594843 -33.32374929   6.38944437   7.28882346
 -16.33553321   0.71362822 -27.06061708][ 19.27131927  13.14526552 -22.46295903  -3.15472929 -17.84689047
 -27.64478427  10.97243099 -31.54995111   1.43819413  13.20118341
 -12.96503475   9.53990487 -29.28982869][ 19.16148282  13.70795608 -19.94463434  -6.92579214 -29.04720591
 -26.72048387   9.93328162 -34.43596575  -7.60522815   5.73454102
  -8.51400299   5.32411214 -37.32759596][ 18.48220895  14.20783389 -11.19587803  -5.57970211 -23.85181228
 -11.33865926   8.41449754 -18.08191787  -4.49106576   1.97892379
  -7.1851396    4.09445113 -23.5509644 ][ 18.14191602  17.60305243 -12.62065957  -3.09674135 -30.48178052
 -21.16921803  12.70280627 -22.24838017 -10.27019573 -14.72813132
 -19.33095844   9.59068471 -25.91927992][ 17.96113578  18.33575152  -7.01874854   2.3753543  -29.36323992
 -18.19436283  13.72067823 -23.08644386 -13.77023403 -18.66058275
 -12.41227541  10.81212695 -20.04739086][ 17.77670183  17.63313059  -5.13226028   3.07520154 -25.67096319
 -16.78683314   5.76842653 -20.4851744   -9.72932617 -12.57923731
 -11.94817587   8.36165376 -11.34603915][ 17.64874994  18.13338721   0.88818526   7.24336594 -29.02382781
 -18.53870722   1.28091531 -15.55884399 -12.92029422 -14.16515007
  -1.17363861   1.94524139 -12.35261486][ 17.57151569  20.2232928    0.22162124  13.75566311 -32.5439098
 -26.09300758   2.54234364 -22.16163199  -8.81243245 -16.01502486
  -3.08315884   1.99393096 -16.29985829][ 17.36713099  18.24092013   0.63412956  11.57186889 -36.19781738
 -29.22804633   5.22520564 -24.15366319 -12.84613515 -16.49658087
  -1.57704128   1.26534191 -16.53477079][ 17.18633161  20.66948544   1.86104982  12.35868586 -32.99684334
 -25.88881601   6.64025714 -20.52905708 -11.5918156  -15.23842624
   0.41505021   6.99755633 -19.9534393 ][ 17.01880747  20.02377829   2.97019043  11.161315   -33.12132655
 -29.17050008   4.24619165 -11.80575584  -7.09570949 -14.95192496
  -3.80540811   3.05237619 -16.11537307][ 16.68229325  21.9478243    2.1983268   15.32366878 -30.95177421
 -28.40971158  11.3535964   -5.79669411  -8.40102226 -12.76475163
   1.16303779   6.96453555 -11.71640223][ 16.2152269   19.78511014  -0.51558906  10.35830518 -25.62905673
 -24.62740885   9.40924533  -9.37627324 -13.21220503 -14.85416176
   0.08123364   4.32015105 -10.6662366 ][ 16.04422923  18.42353052  -0.23803367  10.65745675 -21.01808601
 -20.05919906   2.63616625 -17.83993443 -16.93795693 -13.53476755
   4.43225863   3.05643127 -13.72973206][ 15.73816307  18.11545723   4.01915628   9.96570494 -15.0962591
 -17.06330669  -7.66036507 -12.50450389 -14.37948696 -11.85849582
   6.76755694   2.58212937 -10.69330228][ 15.31206297  19.59340735   9.70929554   3.78888453 -14.11588433
 -17.65963747  -1.52318702  -4.4634059  -23.2233156  -16.50913727
  11.21652089  -0.0393141   -9.82774929][ 14.44468068  18.82477236  14.5581035    4.79569894 -19.95219172
 -19.83809879  -0.16188126  -2.07891043 -17.80460364 -10.87936445
  -1.2408177   -2.22758324  -2.91278378][ 13.75092624  12.2178769   -1.31367769   4.34533785 -10.94313863
 -28.48614445  -3.4167491   -3.28949541 -22.48468028  -5.34184012
   9.40107217  -0.28749154   2.17750758][ 13.04577347   8.25143539  -2.24455022   7.01843101  -9.61010866
 -35.8945163    4.37795984   4.82817844 -19.5647947   -7.01525936
   7.78572133   0.18479396   8.87992813][ 13.05389971   0.35446494  -2.49115459  15.87661903 -16.38915172
 -26.49570594   3.62712144   5.86495733 -11.82474778  -6.57293781
  11.63442648  -7.80628144  10.60646622][ 13.99338505  -6.02277919  -8.9311678   15.76426417 -11.33778343
 -25.00736093   1.59382395  -7.16945799 -24.30825603   1.64361349
   9.72813806  -1.7837223    2.43354104][ 15.45696344 -20.31719425  -7.22638115  22.62422305 -14.23430585
 -17.37237339  -2.54322119  -1.11380427 -26.76216144  -2.71798425
   5.08572465   7.56531475  -7.79632191][ 16.75768611 -25.44047309  -7.03268967  26.72289776 -10.86160812
 -21.33065662  -3.60049531   8.53505946 -22.64178143  13.75974231
  -1.90519476  -0.50325121  -9.67953451][ 17.58530725 -32.63234649  -7.95283594  32.4914179  -14.14527087
 -24.65658899  -3.57535249  19.89106032 -21.2961399    7.75744952
   0.90147434  12.00071845   7.86252119][ 17.97395996 -33.00974912 -10.0891513   32.93577342 -15.2309072
 -15.66659895  -1.84590912  15.73757821 -23.72510946   7.26873853
   0.45153642  10.78037658   2.09584426][ 18.15388041 -30.26417887 -11.87213466  31.51920428 -10.31968099
 -11.12607988  -4.37575979  13.17797701 -26.44660816   0.57651103
  -2.48199169   4.51630184  -7.07030246][ 18.26847565 -38.0420536  -18.37823131  34.1141551  -10.5646973
  -7.26091575  -6.13645456  29.23281088 -16.3548211   14.55923717
  -1.31765996  11.10240259  -7.15076597][ 18.0095379  -31.34647361 -16.11445447  29.05822814  -3.23532759
  -7.64408846 -10.20971631  25.4322745  -16.07087101   6.68003669
   0.64574568   7.70210706  -9.23054115][ 17.64899497 -40.44809019 -17.32097501  36.24690219   4.60250227
  -9.57826848 -10.79352107  30.35189876  -4.66250702   8.45972827
   1.62433297  11.60291942  -0.83249586][ 17.51180532 -34.07271605 -16.06053973  28.40512145   3.76440078
  -9.88454315  -6.32801962  29.22148186  -7.56472928   2.89990485
   2.58076554  12.92160109  -6.25426361][ 17.17099215 -30.56815736 -12.22715784  30.78423011   2.27212517
 -12.18100902  -8.79235206  26.98605922  -8.04797306   4.3128369
   1.85510564  15.06277642  -3.03769405][ 16.8773436  -30.9677556  -15.0115452   31.2286419    4.23993165
 -12.85174052 -11.14509409  30.66924256  -0.34738455  10.22479342
   1.4117074   18.47565987   1.86431624][ 16.31164104 -26.23979131 -16.04062269  29.07151176   3.76708792
 -10.30402285 -12.80166527  21.27181403  -3.02478196   1.56728034
   2.47642793  18.92647065   1.2781764 ][ 15.80149319 -21.98400752 -16.51545136  23.46970852   3.3903003
 -15.88838837 -14.56369073  20.57552403   1.06632032  13.83540538
   1.64097211  12.52943777  -0.56852361][ 15.06593412 -19.4643592  -16.13180368  23.36142605   2.04886721
 -11.64028482 -12.85389542  16.21368594   4.95025764  15.35380819
  -4.40916987  12.22016024  -3.73085049][ 14.40366491 -15.98628093 -14.97765133  19.38435277   0.86038713
 -11.79639994 -18.87707156  17.79202354   7.63971112  18.00390074
  -4.42269133  11.89060835  -0.66952819][ 12.55876859 -10.96875627  -9.14260695  15.99677953   1.99628302
 -10.6871689  -12.5344027   14.92833119   0.43436859  14.44029295
  -0.7286772    6.89174519   0.47796634]