[ 12.53288484   7.99225824  28.56751687  17.77510526  11.59647784
   1.2855902   -6.30397455  -7.14219422   1.88300937  -9.26593368
  -0.67615125   2.08153653 -10.92462165][ 13.52420741  12.18480819  27.14458659  15.66282474   5.20991184
  -3.55211059  -8.45161874 -16.16502893  -7.94629442 -21.48528404
 -15.25074804  -5.52233295 -13.99140749][ 14.1325166   17.00924964  28.1638339   12.5029731    4.84922457
   0.82568865  -7.85318511 -14.18306212   0.57939586 -11.51513631
 -11.88204999  -9.05055868 -20.57343747][ 14.39687211  15.20791588  29.16552078  20.35585645   8.60060612
  -5.80236392 -12.88241173 -17.08219809  -1.77128091 -18.84325978
 -22.92453863  -5.28726123 -14.89990238][ 14.53836172  14.65384402  27.40673829  20.47437698   2.44934386
 -10.66630696 -10.46857752 -17.00602791  -7.63330214 -24.62086037
 -25.49977127  -7.74172616 -18.3329688 ][ 14.50974375  15.77587041  20.91349021  15.66843693   1.56916118
  -6.50012605  -1.64680379 -12.07014852 -11.84792461 -24.44521848
 -21.23037509  -8.49146548 -17.14170343][ 14.41766448  18.62485712  19.00771938  12.93318949   3.63112094
  -4.68661589  -6.80280214 -12.72465662  -4.10496453 -15.26795966
 -16.17814507  -2.21220089  -8.24932198][ 14.2945742   17.48551757  25.16498327  16.13014378   6.98679979
  -5.27614708  -6.82711947 -13.45161489  -9.77493676 -18.90375922
 -15.11973203  -2.68763496 -12.26886614][ 14.26335647  14.60868639  28.58056764  23.90153445  15.47959934
  -5.19923207 -11.20693086 -17.66819938 -17.81812897 -21.31319986
 -18.54306515  -7.0556064   -6.83495973][ 14.24636491  16.89190042  25.66901853  18.83274425   9.46826711
  -3.03642443  -7.34797381 -19.54023944 -14.79648992 -17.67130681
 -13.97858616  -7.80369658  -4.92171883][ 14.00886355  16.14454986  29.59561035  23.79478232   7.47571685
  -5.73666167  -3.91322364 -16.67567379 -10.05838957  -7.21753223
 -10.40211146  -8.3164891   -1.00150668][ 13.40665172  12.27835414  26.45155901  21.36684713   6.4096037
  -3.36062375  -2.01774781 -18.57485822 -15.09462184  -2.44380652
 -15.22763181 -14.1002505   -3.6401999 ][ 16.86804852 -21.02644712   2.59896338  19.33805622  -1.10672216
  11.21664715  19.01176925  -9.15326377 -11.71810584  -2.45801272
 -22.36805266 -11.77461999  -2.02625922][ 18.78388017 -32.32148413   1.6270903   23.83498164  -4.70525553
  11.08787596  21.62736929   1.88533957  -8.32815313   3.12884504
 -23.25960941  -8.76299886  -7.58927872][ 19.26756168 -31.98330105   8.6569713   36.19694121  -4.11313681
   0.27784832  17.00131961   1.15465806 -15.95043911   0.48559865
 -13.14991527  -0.7161263   -8.60959864][ 19.52949418 -27.87718223   6.32007757  38.16368889 -11.76280809
  -7.23996      5.4230345   -4.87470078 -22.4369296   -1.14198138
 -15.2337367   -3.63756937 -14.36965089][ 19.24883174 -23.66112693   7.41057359  42.91388618  -6.2490528
 -12.61921032  -2.69249654  -9.27951124 -20.20293279  -3.28461494
 -11.42251268   5.00304581 -12.11226896][ 18.99672591 -13.40064111   1.03121522  35.10256756  -5.64820108
 -16.47842903 -10.67277214  -3.51480082 -18.91161466  -5.96858481
 -24.25436488   0.80667756  -9.41658476][ 19.03935428  -6.13081021   0.04198691  41.74004438  -8.61339288
 -37.10713607 -15.68361279  -6.98530311 -13.8496112  -18.59988265
 -21.13841138   7.93126263 -15.53667417][ 19.61413225  -3.61703725  -5.71479583  36.77692002  -0.13412923
 -28.43740043 -10.49853095 -13.49195241 -17.13191135 -18.42099273
 -16.72501792  11.02564582  -9.79239504][ 20.45836467  -3.35899006 -11.85322245  37.78807634  -9.05377738
 -42.83552367 -17.14261168 -15.61104866 -14.72633497 -15.42618128
 -25.27766641  16.27725049 -14.86535588][ 20.69085421  -2.05235463 -12.92272828  24.06168379  -8.21527262
 -30.30181168 -15.1524266  -14.27613408 -12.06023227 -12.74822089
 -14.29363252  14.04902432  -9.19181632][ 21.03288988  -1.17443047 -11.67428489  26.73596617  -5.07819678
 -47.66536077 -15.89861642 -17.08032161   3.62893989  -4.72034521
 -13.23230978  26.53109479  -6.02680034][ 21.14295433   0.39406535 -15.92492443  14.12394739  -9.92767913
 -45.12404221 -17.05658381 -18.41966922   5.02630015 -13.20155009
 -18.84885293  12.05563159 -16.8866207 ][ 21.17366967   0.60391611 -17.24858512  11.21538531  -9.45161893
 -44.33978031 -13.99212026 -15.63847793  10.63991505  -3.40198138
 -14.92231878  21.35257622 -17.9406391 ][ 21.1847737   -0.51936923 -17.06773194   8.00038594  -7.75831666
 -39.46589908 -15.85292955  -9.97869533   9.97116146  -5.39728169
 -22.65966828   9.05037308 -23.88633268][ 21.18366603   0.44002082 -12.7982027   13.19584184  -0.84370244
 -33.5111707  -10.01024768  -0.36880931  18.32354465   2.50562677
 -17.83027415  13.5200088  -17.42491804][ 21.16346789  -0.96326657 -15.44693349   8.04898647  -5.00802378
 -41.05207985 -16.30516721  -6.21503191  15.35601923   0.54228301
 -21.33785144   9.2919385  -18.09651911][ 2.10886331e+01 -1.10411412e-02 -1.54268452e+01  8.36094348e+00
 -6.32637766e+00 -3.47081975e+01 -2.12537052e+01 -9.76951007e+00
  1.14548700e+01 -5.76057369e+00 -1.91762568e+01  1.64527281e+00
 -1.77408446e+01][ 21.02475585   0.65461748 -16.63014372  10.06717926  -7.64392003
 -34.58273952 -20.16105033 -11.35426067  13.17777028  -0.11207665
 -16.52645723  13.13177582 -14.34241241][ 20.7068636    1.66936732 -18.28318133  10.82539672 -11.52073893
 -32.24265601 -27.16701866 -21.69650763   1.74771954  -3.20528035
 -25.16950481   6.47031267 -22.16980462][ 20.40318313   4.28907627 -16.71535326  12.95825762  -6.55627292
 -27.5117537  -20.67390097 -20.42261252   3.22141993   6.2192104
 -20.61388255  17.11327889 -13.82414224][ 19.53753877   6.1824491  -15.96919515  16.65186765  -0.348793
 -21.7029724  -28.56641895 -26.25167011   1.41095072   6.99193088
 -21.79427251  18.2078739  -12.92615414][ 18.57937475   9.02918103 -13.16943053  16.20351972   8.46118233
 -19.41480712 -19.34238324 -23.2840231    6.94295166   9.49783717
 -13.50020981  17.19728592 -11.60921073][ 17.34330927  11.60846767 -10.84946449   8.1867053    1.87727306
 -11.55199741 -30.3718016  -18.58504268   6.14254499   2.86220113
 -13.52361319  14.69711451  -5.30726432][ 16.78321235  12.89376821  -9.79162427   4.08374195  -1.48048206
 -15.42342759 -24.39547548 -23.92525775  -0.94750058  -1.41792673
 -16.57132032   5.29695985  -9.39469989][ 15.88994695   8.73411902  -2.05301958  10.19106501  -1.99088509
 -12.33117801 -22.38478432 -11.02444809   1.1848067    0.55259352
  -8.81426572  -2.65636742 -16.88337136][ 15.5799316    5.83596245   2.88692012  13.24508473  -5.07961053
 -11.31514732 -24.87187817 -10.01337447   2.17764048   6.19092341
  -5.52495079  -4.67078846 -10.31535762][ 15.99079283   0.08240914   3.84179678  21.49291772  -3.7621829
  -6.68783427 -23.23264588 -10.13525065   0.97993251  -6.29093518
 -14.95181477   1.61646581  -4.7634007 ][ 17.02627965   0.80410192   5.48241525  36.99611453   1.05941718
 -16.02432345 -28.43672007 -11.48761817  -8.11433933 -18.98298766
 -11.87993123  10.8994744   -7.36945113][ 18.53616234  -2.46847621  -1.94768435  48.63926955  -3.32059331
 -29.78023789 -19.46195338 -13.47646884 -19.45574377 -13.38030171
 -23.13648475  11.62918687 -11.10765482][ 18.92249783  -2.43332252  -1.60093449  44.29020218  -6.13224736
 -35.28873058 -11.75149546 -12.3149798  -16.88418123 -12.7127727
 -25.89215917  17.97818868 -10.8005725 ][ 19.01894091  -4.55819849  -0.05909761  45.49884021  -2.6066867
 -37.98731843 -11.39205674 -13.22653232 -16.25145493 -11.65151559
 -31.41567116  15.66386518 -12.85469204][ 19.11026351  -4.77469964   2.02221679  40.33691575   1.03432208
 -37.22125923 -10.16286848 -12.03698003 -13.16817792  -1.33927568
 -25.74505216  13.83001313 -12.00161656][ 19.18227906  -4.93061124  -0.44656426  30.52397102  -6.80176749
 -36.94470321 -19.56335041 -17.38367574 -23.64505529 -16.87377463
 -28.08061582  12.17867196 -11.96562648][ 19.59033503  -4.78082609   0.9038321   39.00051099  -0.95638004
 -39.21106811 -24.85913703 -17.28496424 -23.80680321 -15.5198759
 -29.11964021  21.92190571  -6.6265245 ][ 19.88080731  -3.40838544  -0.87188844  38.84549999  -0.81897452
 -41.39960958 -24.86344011 -10.75227213 -16.29403512  -9.75465977
 -24.02113752  27.42093601  -3.50741202][ 19.91826725   0.0381212   -5.24023947  31.81945819  -2.00448782
 -35.13085229 -19.89168435  -6.05987631 -13.56320604  -8.4277412
 -19.88817037  26.08843926  -3.25509391][ 19.90649293   1.30986714 -15.27753961  22.17375944  -8.47206083
 -35.3372075  -29.12604244  -8.8548017   -5.73548578 -11.6601156
 -18.73038021   6.87766717 -12.65181641][ 19.95999256   2.11160996 -14.9020536   24.80156292  -7.56234138
 -37.99563115 -22.96751842  -6.1731355    6.97145781  -8.325922
 -20.86928501  11.79132553  -8.53942412][ 19.93380714   3.2388057  -16.74346561  21.96665702  -7.42093955
 -37.16118601 -18.40150648  -6.1957385   12.10346818  -4.44469197
 -22.28873593  16.88612134  -9.75451997][ 19.86699843   2.87163565 -17.72058393  19.02004457  -7.13458966
 -37.51489815 -16.9623833   -5.30699241   9.29341169  -2.06872202
 -25.15368336  18.09858468 -11.44629969][ 19.69802837   3.88380204 -18.86991259  15.5320134   -3.42298867
 -31.95945377 -14.3466088   -2.35981659   9.24297975   2.03342089
 -26.8371789   17.51565342 -13.0273844 ][ 19.39277617   6.03488471 -22.33413009   7.56311696  -2.86877897
 -26.6602743  -11.72479615 -14.35840426   1.4883219   -6.43181849
 -23.64362463   5.20691995 -16.13552472][ 19.14092566   8.70066111 -20.80382068   4.75155569  -4.83934269
 -28.44692771 -14.78958364 -21.05253456  -0.73708209   2.39248451
 -23.19238615   0.85369266 -21.46276823][ 18.90720363  12.6386592  -20.18640774  -0.4126963   -3.33850662
 -27.53516134  -6.43874129 -27.65429865  -4.54094765   5.42559591
 -23.32993871  11.34268657 -19.93018567][ 18.63551788  15.77919487 -17.00252496  -3.74681007  -7.09394528
 -21.2710967    2.7101372  -31.96297992  -8.27459781   0.40183464
 -19.18709981  22.61525091 -15.09510188][ 18.37234426  18.74382745 -12.38466289  -1.90100673 -10.35658466
 -18.92579064  10.50450404 -28.86426655 -12.20219057  -5.15554027
 -18.16717255  28.16123943  -8.46854128][ 18.18598877  17.7529439   -9.1285887   -2.08830049 -18.34090369
 -18.11071713   5.84889606 -19.12646277 -14.28119804 -10.43602147
 -14.93902162  19.98371912  -4.9206999 ][ 17.96009725  16.87492375  -3.32583448   1.79862725 -20.5859801
 -20.633242    -1.8630875  -11.24657289 -15.54271051 -13.34042274
  -9.02457464   9.56187295  -9.33150525][ 17.95869672  19.58025565  -3.81507903   3.94196504 -20.00271942
 -16.49347519  -2.43839659 -14.81563925 -17.49770564  -9.39820074
 -10.72031089   4.51515943  -7.56466132][ 17.98762841  20.84703011  -5.27588829  10.9316172  -24.24938925
 -26.97390254   0.66217078 -21.3598587  -18.54931588  -8.47672948
 -13.70980348   0.78223551 -15.1096687 ][ 18.03812408  21.20830061  -4.20055913  12.9276607  -24.66934878
 -28.36698521   2.58541001 -19.29179338 -17.15668639  -8.49933827
 -16.2743648    3.74703682  -8.48927082][ 18.06585424  20.52276553  -3.39909401  12.28821177 -24.03653326
 -28.44455197   4.77157446 -18.46700063 -21.12425727 -12.67123153
 -20.48140169   9.21876147  -1.18833058][ 18.06970582  19.71060489  -3.03416558  10.21851111 -20.6739086
 -23.95652409   6.75702526 -19.85884302 -26.82783599 -12.86492079
 -17.27227101  18.68703337  -1.26277052][ 18.06068448  19.01862444  -7.47631796   9.26403644 -17.41487034
 -24.48563328   1.41971141 -24.80745061 -23.89253627  -5.2787101
  -9.22650941  15.60283179  -7.07138331][ 17.96513366  18.2050215  -12.19062928  17.2709076   -8.33659373
 -27.18451446  -5.72458482 -24.66165227 -18.82351958  -5.29749264
  -7.5704145   14.32759264  -8.35661386][ 17.58472919  17.86544479  -9.25967993  21.19071244 -10.04459709
 -30.1011624  -10.86581905 -17.16555472 -15.39065492 -19.59579581
  -9.36658544   0.53542739  -3.95402319][ 16.76238753  23.06430197   2.81281524  11.52837356  -5.30621716
 -22.50620723  -0.75506483 -11.62306254 -24.12226176 -15.22521997
  -1.49071515   2.06697303  -3.80960483][ 15.76074905  21.72323641   2.89955679   7.84835749  -7.05910285
 -25.99689632  -8.0344039  -11.85357563 -17.2659508  -10.19505312
   0.64133398   4.57258844   3.21680295][ 14.52641595  18.87503947  -0.95532613  -0.03064102 -13.23754809
 -27.1096957   -8.92097615 -12.45514345 -13.00622577 -13.42736471
  -5.53939266   5.98731392   9.93315509][ 13.81531484  11.23674455  -0.66855447   1.20156311 -11.14996947
 -27.04786771   0.03492252  -7.47726341 -24.02669868 -20.39852047
   0.06024835  -0.09822489   6.73617114][ 14.40442692  -9.03766658  -2.88174408  10.9933049  -16.15228547
 -30.89958116   1.10261718  -0.89537626 -26.8719455  -10.53566571
  -5.47128292   3.44171335  -1.77237167][ 16.59734937 -23.98053437 -19.34972863  17.10984198 -11.75063505
 -15.39382232  -4.95252646   2.40459648 -22.28846772   1.73386211
   1.01372393  16.45011876  -3.58832585][ 17.14754548 -31.43123607 -19.22228955  20.87241064  -9.99572983
  -6.06074174  -5.04121327  10.31749109 -20.59163718   5.02643887
   5.21404487  16.6238869   -5.17101059][ 17.28618946 -30.40271492 -13.71441907  23.70024963 -10.93890442
 -10.57381301  -8.90533655  19.44545907 -18.78037441   7.94217365
   3.82303948  15.30519885 -11.40704183][ 17.61605687 -33.38548196 -11.77272037  21.76338581 -12.47438932
 -15.51945472 -11.71645687  14.75431758 -30.42842211  -0.34004139
  -9.48179904  10.79122846 -11.75697708][ 17.99923303 -33.86082561 -14.76757496  23.33709429 -10.17010627
 -19.88741027 -13.58424597  17.06152553 -30.05659388  -3.06871771
 -10.61212559  10.85921232 -14.06295141][ 18.10851728 -34.55476084 -17.44811127  19.91997501  -4.25451174
 -15.35350091 -12.2985688   16.08020116 -26.27056348   4.09358366
  -3.41058397  13.55681988  -5.49873833][ 18.03322425 -32.10512717 -19.79535222  18.42719207  -0.92309986
 -10.98554698 -16.32545147  16.46559103 -23.31852885   0.36197024
 -12.11647325   3.34880505 -17.47259367][ 17.78146564 -32.82904407 -15.84013675  24.39406339   3.02658412
 -12.94009254 -15.92646519  18.88308    -21.17118894  -1.86126146
 -11.38437915  13.79282281  -6.15147181][ 17.50742094 -36.57623624 -19.13187213  23.48241285   1.66449533
 -20.90462143 -23.61349404  13.05635078  -9.51889602  -2.09761816
 -12.15197364  19.38304465  -0.42643715][ 17.20269984 -32.47656398 -14.74449049  24.24656276   7.42428023
 -19.60130622 -14.78209987  16.75891476  -2.61335052  -5.40241025
 -13.20676659  18.40348134  -2.71628829][ 16.89498548 -24.13054969 -13.64364015  19.35106854   1.05019977
 -19.22620421  -8.70868945  23.9473793    8.376159     2.47457392
  -8.05286511  16.90053155  -1.70838575][ 16.15609526 -18.31910795 -11.50749486  18.26605728   0.26587763
 -13.16603054 -11.19170413  23.40510462   7.8539937   -0.76974056
  -7.31174007  12.67462947  -3.59315854][ 15.12879217 -15.82887121 -12.01461302  15.60188078   9.51867554
  -2.78556639 -13.28670664  17.3455819    1.1509471  -15.16169567
 -20.95866393   3.91394046   0.15422652][ 13.84125817 -14.19179199 -12.54581864  13.39480615   9.55841529
   1.19196657 -15.26226204   5.9609751    4.91217423  -1.54127379
 -16.04046955   3.79426488  -1.18151135]