[ 11.71344495   3.64255174  24.17485965  22.56422605  18.45461654
   4.28078995 -10.74981154 -11.59055207 -10.94714308  -9.64057541
  -4.12982313  -8.1325706    2.81605172][ 12.16366431   8.2991535   27.35633082  18.13172996  12.5706339
  -0.29865561  -7.6377938  -13.15506018 -13.5394235   -8.16395827
  -6.74370174  -9.60274972  -7.56687011][ 12.5926906   11.70637102  24.87237331  15.29723475   9.19844787
  -0.84282711  -5.23677448 -16.09213494 -10.653115    -9.29894104
  -9.90478894  -2.24779887  -4.65766009][ 12.77723933  12.91448328  21.67206378  13.55511713   5.25642733
  -2.17714821  -6.5863581  -15.51874504  -7.85581574  -8.55843879
 -11.02302498  -6.70646501  -6.27477888][ 12.95595353  14.8707684   25.98175955  14.54088886   7.0047646
  -0.46796337  -8.57445706 -15.79923857  -9.00841231  -5.46562649
  -3.29076228  -4.01531361   1.48322551][ 13.07214676  14.29187048  26.33906225  14.44915352   2.89566872
  -7.55830681 -12.81317326 -17.87825665 -13.68373266 -11.42847682
  -0.35269088  -2.32025344  -2.98063663][ 13.16355208  15.25738748  26.14919651  15.08516952   3.32199563
  -4.10264207 -10.58539572 -19.52272193 -15.65785102 -11.41066312
  -2.69258129  -0.93905177  -4.59775593][ 13.01021401  14.15469287  27.98023892  15.51510791   2.93348693
  -1.18940743 -13.63197996 -21.07917532 -14.13638224  -9.07087338
  -3.46364915   0.58424053  -0.6986386 ][ 12.96821254  12.80431541  29.71008162  21.7981485   10.05127104
  -3.12284966 -16.24067402 -24.82217103 -15.95564513  -7.5850321
  -1.7476011    0.86759642   0.35096021][ 12.89156464  13.30672629  28.65435583  18.65029509   5.64313182
  -7.50343042 -12.79803801 -20.12694399 -14.33741125  -4.3654738
   4.20621901  -3.71426051   0.5833496 ][ 12.5902953   11.58457823  26.65241424  19.36444892   7.71965604
  -5.75068661 -12.16343769 -18.39349205  -8.67530438  -8.64435534
   5.52376444   2.1521646    3.26357944][ 14.68536857  -2.92734579 -10.11112837  16.31232805  -7.30622774
  12.35205269 -14.97213074  12.20026426   2.81440592 -10.8089313
  -9.42898967  -5.16017814  19.14681233][ 16.74044952   2.68289031  -3.62436434  13.85156066  -2.99580262
  -6.10239649 -19.47198861 -13.50603294  -6.0050819   -0.43295495
   0.64238851  -9.59898894  -4.67756713][ 18.45058624   3.81281991  -8.59570772  20.95510108  -2.05361036
 -19.59064716 -23.92376485 -29.18391801  -5.16307903   6.44903846
   0.4441916  -10.10280335  -4.82026719][ 19.11800098   6.12910952 -14.24761288  18.13862717  -3.13159846
 -26.89126635 -20.27391355 -35.39868849  -3.72453199   5.90340603
  -6.59508577  -8.27244216 -11.48833966][ 19.70620662   6.77207772 -21.78919761  11.81854023  -9.22365369
 -27.86400478 -19.7709242  -35.69107446  -4.76481025   2.49043213
 -10.14269564  -9.97159566 -22.00510057][ 19.6396578   10.945182   -23.77280769  16.36573404  -7.39130721
 -25.2356264  -15.30998047 -32.64956039  -0.17742461  12.13563697
 -10.63523053  -4.56793987 -18.5068973 ][ 19.38826629  13.2265561  -27.13474101  16.57538387 -10.65474317
 -23.98987262 -12.25778794 -36.60441423  -0.28825807   5.39360932
  -3.68223243 -10.01210496 -18.38033393][ 19.15973098  15.53311763 -28.11084867  14.77330605 -11.62525934
 -19.78050975  -6.32810375 -31.61658194  -1.87871887   3.22234114
   2.4676332   -4.25748656 -15.41448037][ 18.68388084  14.57396996 -28.05853636  12.78939693 -11.79645956
 -19.53991023  -9.03269464 -33.4964703  -12.35343472   3.9083329
  -0.28877963  -1.75249504 -22.51174708][ 18.10946076  12.61006975 -21.1624964    8.02094068  -8.79738745
 -13.49901463  -7.14187712 -31.52478786 -20.2232555    4.21858155
  -4.197033     3.67788396 -21.03667883][ 17.44732629  14.41790477 -16.57890308  10.37150503  -5.65462035
  -5.99818707  -4.02551624 -28.37593118 -25.31360555   2.04765882
  -3.43628943  13.39638554 -19.38813368][ 16.7583785   12.77581803  -9.2632229    4.88891871  -6.66170597
   1.47313937   2.62548673 -18.33406738 -33.04376573  -6.0389923
 -11.25454585   5.00285135 -11.49998497][ 15.97738105   7.45115278  -0.52642795   4.78537954  -9.06049521
   3.30220719  -0.16018518 -17.99765829 -26.29257009 -15.62237951
  -9.76914417  -3.30848016 -16.25680067][ 15.82675517   4.19108232   0.36911942   2.98195383  -2.4403458
   1.15847595  -9.27878438 -17.60089347 -25.90585187 -16.8134468
  -9.52710157   0.74319309 -16.36867482][ 15.8009899    3.83994972   1.72219145   3.29928358  -1.718824
   1.28721262  -3.29310796  -9.10816763 -23.39901089 -15.70807293
  -9.6599067    5.08748986  -9.09489413][17.08955381  8.71995756 -6.35629999  2.47192014 -4.31093115  0.52025585
 -0.25561623 -4.22570212 -8.939467   -7.14644632 -3.43366965  2.92011367
 -7.25474483][ 18.99292512  12.04458527 -16.52289177 -11.01106463 -18.17065849
 -12.63559045   3.57905151 -15.35845318  -3.82242289 -12.70535244
  -2.47354773  13.10499602 -11.34657556][ 19.91323945  12.52771161 -20.01309847 -14.13872442 -17.27324198
 -14.74836968   8.79788018 -12.66656726   0.44270512  -6.43325522
  -2.72163238  19.90462788 -20.04985837][ 20.77039914  12.5903013  -17.5386791  -16.1265463  -10.95493726
  -8.34775102   3.75170721  -6.23706267   3.16236457  -2.04626391
  -2.1377647   15.56585288 -12.06858245][ 21.08265897   7.10405748 -25.8806834  -27.39169029 -16.92010582
 -10.04202108   1.76085329  -5.8044676    0.55192986  -5.28526255
  -2.18038488   4.87665334 -23.13175416][ 21.1209332    8.78233576 -30.31224941 -29.83428082 -15.58989467
  -6.11120039  -1.09239286   2.74824286   2.05642729 -12.90412286
  -5.41933971   0.33316569 -29.95924993][ 21.25309269  11.42906963 -29.53216105 -26.76463343  -9.5404605
  -1.7975506    3.50564088  10.67482634   7.5862294  -13.21059845
   1.97218242  -2.35008599 -26.35019248][ 21.51506355   5.58374544 -30.80444935 -31.23586923  -6.18075049
  -4.95239894   7.39964264  13.38263571  -2.91114632  -9.04827684
  -0.36045455 -11.28175291 -30.10073323][ 21.45112499   9.79578286 -26.34796872 -25.37517051  -3.73801576
   1.3168117   14.35336848   5.1694822   -1.47266619  -4.51148887
  -4.45400714  -0.3383501  -23.46194984][ 21.21664034   8.65073343 -27.09052309 -27.85624249  -3.99203697
   1.56853002  17.19733412  -2.49784775  -8.01608954  -4.85373544
 -14.18562012   9.73266404 -21.97864999][ 21.12445569   9.02182142 -30.69557745 -29.07114045  -6.19579817
   1.16278891  19.07685491  -6.93400045  -5.62706019 -19.57098172
 -18.75829202  -1.5395275  -22.29226792][ 21.01596366  11.91824256 -23.05187265 -30.70316292  -0.66975496
  -1.4489892    7.60058346   5.62014963  -4.30068193 -10.90086032
 -13.60452674   3.7656498  -21.13513137][ 20.91712412   8.02648464 -25.8178076  -34.13717417  -5.27623064
  -1.47481972   7.38048136   6.88817779  -9.56563324 -18.98155704
 -14.07453474  -4.8138658  -28.96591976][ 20.74897159   8.33389231 -24.66305426 -34.39374844  -3.78873091
   1.14214419   5.55360467   5.81734516 -13.0794852  -14.57072864
 -14.34568688   3.12456665 -28.16738304][ 20.74816838   6.55600488 -25.60737093 -33.9390327   -8.05219615
  -1.47805648   4.54302628   0.20345177 -15.35628197 -14.4880464
 -13.36636127  -0.644086   -29.1582887 ][ 20.60268274   9.33987032 -26.51031813 -34.06643806  -9.78280811
   2.04116392   1.93936976  -0.81986467 -18.49582027  -5.03051862
 -24.00414228  21.67456893 -38.17585823][ 20.38704675   9.06837954 -27.31315872 -30.94224546  -6.76442727
   4.99780973   5.07508473   3.1165541  -18.8088002   -5.55711914
 -22.67893631  20.09909288 -32.22428315][ 20.01963381   7.35264488 -22.05408305 -29.9577477   -4.69197025
   4.61015651   6.02906181   5.18480524  -4.62806762  -8.45535418
  -9.92657995   7.7840201  -25.67212215][ 19.76842317  12.89577384 -24.77441959 -28.75174309  -4.28419142
   4.67430422   4.55849748  10.52342041 -15.13712827  -3.52984509
 -12.89363823  15.65978111 -33.91726065][ 19.42410538  14.94121797 -24.170733   -30.51020713  -2.26691617
   7.77943199   0.46932072  13.35114368 -14.60043471  -4.74452119
  -5.5358124   19.81502603 -31.25007137][ 18.6551051   16.08046202 -23.30358111 -28.03599652  -2.95805687
  12.08276896   0.56654248  17.53926082 -16.47485122  -3.81611267
  -5.93737885  17.49021617 -32.64537242][ 17.64972167  13.44766381 -20.37067544 -27.83970448   0.03698766
  13.02824052  14.84518454  26.10007314  -9.38682828  -3.26628211
  -8.53421125  -8.82236895 -30.90677399][ 16.62710592  15.11573291 -18.98607812 -28.92696948   0.84004901
   9.49813658  12.80921983  21.07413247   6.0399388    3.10991667
  -3.07940963   2.69931121 -23.5475073 ][ 15.89121933  11.25616279 -23.11882109 -24.86130866  -3.21175248
   8.30901115  16.2533836   10.68732447   3.14466631   3.40022473
   1.72768561  -2.11635444 -14.80628521][ 15.47424039  13.98742179 -25.05081078 -31.69051656  -5.09808744
  12.98218244  13.63056433   4.93975958   2.19178791  -5.68732965
  -3.40794549   0.42843922 -21.62236921][ 15.08109587  11.78650946 -22.61066538 -29.40021258 -11.8642246
  15.06464953  16.26494529  10.48919973  -6.15759692  -4.23566466
   2.25409223   3.23146764 -13.13999906][ 14.17740197   8.92005634 -20.77896553 -25.00281562 -14.19322232
  10.61201946  13.50891768  12.06292993   3.87484973  -2.14837213
  -8.94517979   6.38956181  -7.20690678][ 14.18008391  10.27734169 -16.22883045 -28.70549539 -17.33747359
   9.30282969  14.80753614   8.12253954   1.21509613  -8.60497665
  -9.40692946   0.10839665 -16.12101988][ 13.69590607   7.76259541 -14.68299598 -32.86115523 -18.7956608
  10.44250775  17.33459655   8.38404475   3.0230192   -7.13427488
  -2.66324018   3.63538889 -11.14983786][ 13.12247916   5.52413504 -15.8929635  -33.13596683 -13.4774576
  15.64653883  23.07336301   9.06515909   2.57092291  -2.86128999
  -0.55901765  -6.83210361 -17.28299572]