[13.42053787  0.7380558   3.58369357  8.08768294  2.42500361  8.837925
 10.03429559 -2.03247111 -0.64546979 10.59529262 -2.49390777  3.86693169
  7.48992603][ 17.77331891 -18.01317626  -1.24301054  36.38707741  -0.11918453
   7.48365425  15.78825299  15.07653632  -2.83123189  27.32386126
   6.07526718   5.16076932  -2.58206612][ 18.57455743 -19.68087638   4.27424997  39.36741228   0.63048039
   8.46154399  16.53707816   9.45053051  -3.47578249  26.70028978
   8.67501784   2.17260192  10.20955707][ 18.81475044 -13.02223189  13.74649682  45.3379053   -3.37760873
   2.72367395  13.41544443   5.27332741 -12.38998383   6.87959517
 -13.159515   -13.59608255  -0.65883262][ 19.93499263  -6.40378546   8.13681591  44.65185479 -14.97007187
  -7.70140338  -4.52857555 -29.35110329  -6.26654311  -2.48729712
 -27.11946561  -1.7693928   -3.63825551][ 20.54524954  -1.64613476  -0.83745828  45.15404704 -20.30181505
 -12.95022742  -5.63691857 -33.50595551   0.13798097   2.75439316
 -25.54419855   3.91028997  -9.02626582][ 20.7531143    1.19917915  -5.29881711  41.41217294 -19.35457202
 -20.88760783  -1.29309957 -33.07941792   8.61676043   8.41859963
 -20.64065008  10.40949379 -12.06545361][ 20.6862773    1.84969107  -8.10708754  32.09447101 -20.941129
 -23.61889286   0.3599791  -30.07799134   7.45476161  10.51326814
 -13.27437653  10.15558954  -2.96341807][ 20.62439881   4.09242265 -11.17944238  29.45529685 -22.93317146
 -31.77635836  -1.29485646 -20.51875032   8.4357396   10.54380785
 -14.13982294   2.37321     -6.64274193][ 20.61925913   7.0525187  -13.97663441  30.00126588 -20.07039303
 -37.18515293   7.78933706 -19.58026911  14.35569679  12.21139122
 -16.14397744  10.73536416 -10.0050181 ][ 20.28230452   6.63830358 -11.01971481  24.79839353 -16.96835935
 -26.5122386    3.92605972 -12.87130702   9.73759435  10.26297489
  -8.55174482   9.3241132   -4.26274964][ 20.24179821   9.73629093 -14.70835942  24.22548305 -16.72947655
 -31.79738676   3.30753352  -8.01092494  11.65773999   7.2089423
 -11.02344316   4.79345442  -6.89119153][ 20.14712118  10.22720103 -19.28800814  22.60462194 -17.57065581
 -30.82542905   6.23912239  -8.52990285   5.45296789  -0.40381567
  -5.86360278  -2.3762334   -5.59179152][ 20.53782039   9.78695966 -23.6613253   22.53677577 -17.75869231
 -35.40506762  12.10261926 -14.73635522   5.20572447  -1.66517418
  -8.47757585  -1.61451702  -7.42928067][ 20.45550535   9.93405233 -25.26723618  22.31256822 -16.3789298
 -37.21704413  16.82297742 -18.23085924   6.29415559  -5.79216141
  -6.83794101   0.75177312  -9.43278505][ 20.5462855    9.08179698 -24.47819538  22.44216839 -17.55756404
 -33.77360975  13.23971223 -11.37588147   4.11330468  -8.93620224
  -2.83934211  -2.9761224   -4.48197768][ 20.47582981   8.61321672 -22.23324925  22.35144757 -14.75149425
 -30.78609945  15.32122813   0.47218325   4.58632276  -1.23922119
   2.21071864   2.35269172  -3.26038289][ 20.30272033   8.74466411 -23.31781878  20.1174352  -16.46768356
 -31.61121608  15.64806223  -3.66853285   3.05713266 -10.79670445
   3.53748764  -1.34114371  -7.36536647][ 20.5043248    8.51793236 -23.56775521  20.60789564 -17.13086055
 -36.42622807  21.59667149  -8.22677771   6.00804658 -12.86011817
  -0.77253958   2.43361215 -11.10958244][ 20.34156467   9.53826402 -24.77425969  22.81370153 -17.66400489
 -34.88687609  24.81374205 -16.18203043   9.37512752 -21.44806361
   1.59261101   4.55590422 -11.68436768][ 20.3514497    8.97010062 -25.28259749  22.56535488 -21.28504074
 -31.43080972  23.88971674 -18.38858288   8.90533385 -21.94748269
   2.16007253   3.8760552  -12.4899707 ][ 19.87127097   6.80766367 -20.9194738   19.57449222 -24.36860225
 -17.25665189  11.19754638 -12.52905448  -5.83816232 -17.23958916
  -4.41817046   3.15056348 -14.41807946][ 19.47566061  12.21399357 -23.66710077  22.22478371 -25.88270302
  -9.79891907  18.78840254 -16.92258642   5.74160472 -18.37549047
   3.19290341   5.65487677 -16.0584752 ][ 19.17575374  12.97109618 -23.18463766  18.99743872 -24.68666059
  -3.61853072  14.04051849 -14.86375175   7.90255532 -20.69062872
  -3.65270589   4.16189267 -15.3970273 ][ 18.54598362  14.29747258 -20.0346687    7.56889207 -13.44488093
   1.45933051   1.65080565 -13.41384994   6.06620679 -26.11309508
 -11.9217726    3.28912484 -12.21939011][ 18.43909857  17.31913197 -18.1873113    0.47520363  -3.78129888
   0.81736948  -4.13145172  -6.69393223   7.30564404 -25.24973623
  -7.7016778   -1.9893405  -13.23734398][ 18.04817836  18.45538313 -12.67323967  -0.15594412  -0.58715046
   1.56751697  -3.35841467  -6.39699617  10.00822331 -18.66347155
  -8.78490491  -0.82048724  -6.3796886 ][ 17.68722019  19.90140974  -5.30456975  -2.33093024  -2.11569677
   1.69086813  -9.3559591    0.41451517  12.87529016 -15.90162574
  -4.3617675   -4.15817427  -9.30581295][ 17.26128395  20.88604979   3.37736965   1.51161556  -1.6211689
   2.82633535  -8.63090037   0.50864008  13.89956294 -13.7448793
  -4.11948693   3.69761402 -16.34314024][ 16.76893848  21.52321155   8.54087667   2.43422085  -1.38022111
  -0.98912539   0.71537359  10.92987003   1.05364774 -12.12401818
  -5.89552786   6.92918965  -7.48211768][ 15.85750149  16.49956546   6.92880339   3.22013586  10.03907091
   7.53802567   2.24099612  15.52803966 -12.55819373 -20.11705258
  -4.01394368   3.38029871   2.30835388][ 14.65829786  13.1348512    3.32051469   2.18506415  10.51147596
   3.53439806  -3.21564548  19.70242259  -7.38271021 -23.90187693
  -9.86731855  -9.19857149  -9.32614903][ 16.7571328  -11.87672752  -6.38544193  17.78331911 -24.54711889
  13.59231094   8.15157086  -9.95252629  -2.038564    -7.59040445
  -0.27141474  -7.07363818  -8.4480168 ][ 16.93385445 -17.48923953  -9.26658404  14.01662147 -24.09663943
   9.99327824   7.71578066 -15.81532371   8.69774466   1.36184507
   0.94914812   5.97133246   6.00377213][ 16.99034602 -19.88340449  -9.56447992  10.48229777 -24.50462124
   8.59464615   9.02131003 -13.77297883  10.24837313   3.03157874
   1.00282391   6.89302971   5.72994201][ 15.74511564 -24.50214616   5.52697986   4.86489473 -11.0502434
  14.33990925  21.61787485  -8.10529669   3.95478981  -6.17316244
 -14.61831696  -5.34553152   1.34472815][ 16.60057618 -32.58726833  12.1417974   11.58667368 -11.59566371
   5.5004179   19.93452939  -0.52786676  -1.87621092 -12.80433637
  -9.49613206  -0.9837943   -1.55456219][ 17.30232145 -38.98210929  12.24222942  14.89923806  -9.94059279
   4.76531108  20.17539585  -0.43911419  -2.79501006  -8.71662093
  -7.63793237  -2.79304259   0.99604884][ 17.72998093 -35.51878505   9.47548346  12.46214599 -10.34243765
  -4.2378035   12.9992554   -7.54004829  -0.24018861   0.50983542
  -2.53564068   4.87858304  -6.35185362][ 17.79025081 -38.46703354   9.06421135  15.24913849 -12.41126484
  -1.55743501  18.23443773 -12.04021959  -8.67200097   3.05149071
  -4.36453209  10.26868647  -4.61078474][ 17.77210799 -35.47191267   6.08955154  18.06904835 -15.73189543
  -2.7755521   21.5996997   -5.13943759 -11.10471415   9.74002258
  -1.4642557   12.09864564  -1.53136789][ 17.93148483 -34.22309023   2.03883249  18.53491171 -15.58628657
  -7.94411384  17.84110863  -3.37750058  -6.88279688   9.86179656
  -4.09611918   5.53430116  -6.14289239][ 18.10674854 -33.71629239   0.72519167  17.31360367 -12.35300495
  -7.55840589  18.91022425  -2.57212245  -5.60580592  15.90726672
  -3.34698667   7.7571815   -5.58069032][ 17.99540206 -32.54044633  -1.50746042  13.87755284 -12.735219
  -5.92160169  15.23621836   0.16457309  -4.04409442   8.74604839
  -6.84940878  -0.27633905 -10.38691057][ 17.8025523  -29.56937581  -0.42632763  12.50647051 -13.0270112
  -8.50317273  14.33110859  -2.56466603 -10.21740235  11.00381695
  -0.47042875  -5.01245016  -5.87612364][ 17.46016402 -28.62035535  -3.19172679  12.62299834 -17.92756583
 -12.32872831  20.15074831   0.81453887 -14.29063742   9.58216099
   1.18251232  -2.77695478  -4.40188755][ 16.93857305 -24.72455108  -0.2986888   17.90510207 -14.70320249
 -12.6886352   18.97644566   5.16785568  -7.80911937  10.05876443
   2.34759139  -8.17672301 -10.84387043][ 16.03993651 -21.91515706  -1.38716074  18.15718971  -4.89613954
  -7.68365414  23.21964814  14.8050529   -1.1254969    7.37582965
   3.94517866  -3.49894563 -17.18592327][ 15.0884491  -16.16076979  -1.40647733  21.32822997  -4.06726278
  -9.11850567  15.66725235  11.03424397  -3.71927025  -0.19107263
  -0.5769033   -0.1118566  -15.78514407][ 13.96413167 -15.91369405  -5.04117519  19.2797918   -4.56188246
  -3.72186141  18.48527107   7.80781402   2.69101119  -5.31909035
  -1.95819198   0.91127898 -18.66665486]