[ 11.23029016 -12.08344479   7.94625687   8.92019363   1.14083277
  14.79204657   1.10308948  -4.54592619  11.93059445 -14.97821014
   9.49248624   2.38292706  -8.95603527][ 16.98217911 -25.39467704 -11.52466323  13.09052075 -22.2524542
  11.591299    -1.38885997   2.54669309  -3.6873739  -17.14887931
  -6.17059229  10.98974919  13.74135745][ 18.1243396  -30.36388875  -3.74993967   8.72996563 -16.73666236
  11.55767294   2.81239082   0.63900877  -4.10538838  -7.74098749
   0.0662265    7.4844159   13.33597389][ 18.6653351  -34.56814052  -1.14685485   4.14220276 -20.22374066
   9.37353963  -1.42666677   1.88856756  -4.65450883  -4.91479129
  -1.53503456   4.97720955  11.65682879][ 18.80102769 -35.2252628    2.44041825   3.21277466 -15.23965045
   5.33714847  -5.82656188   6.55146201   5.81681273  13.0818348
  12.64549315   7.74693264  -1.37131904][ 19.49165761 -40.35063234  -0.05324967  -0.68728618  -9.27601175
   4.46402455  -7.0103324   -0.5592648    2.70806255   9.5597574
  13.20509357  15.51584161   4.13979624][ 20.14068807 -43.72460322   0.4609694    6.28181134  -1.66316682
   0.11230646  -1.22567273  -3.89166605  -5.37493622  15.64612736
  11.44348511  15.86825751   6.07339139][ 20.72786368 -45.88285597   0.58701139   6.48820488  -4.63549689
   3.44688301   2.43536394  -3.63766436  -2.02858084  12.40612733
  -6.90259502   8.54218415  -4.65469756][ 20.97313867 -51.07986475   0.80880378   2.90908203 -11.90553019
  -7.84559661  -8.52600108   0.06381959   3.1593087   11.2641744
 -11.88733872  12.27143026  -3.77109767][ 21.04704837 -37.5325765    7.23021381   5.68222596  -7.92113023
  -1.21133048  -1.17823473  -3.44528026  -0.8834739   11.65580766
 -21.16010121   3.82112945  -6.0638384 ][ 20.84480865 -49.30637411   0.89611511   8.96526488  -9.37869863
  -2.98111149   1.82941579   5.59975077   7.91118589  14.55323664
 -16.17891273   5.82934178 -10.38192402][ 20.87768942 -40.34678167   7.51734429  12.05386507  -8.52796396
  -3.29411848  -3.8655337    3.90601849   1.37964821   9.72945678
 -14.33388538  11.65595997  -2.08763858][ 20.8588328  -44.16714621   5.64933413  10.29644344 -12.06290986
   0.04643618  -2.18963027   6.04065867  -9.10294466   7.94013819
 -12.15631613  10.23096826  -4.03236848][ 20.73171362 -45.62274984   6.27730986  12.03033933  -9.7108411
  -0.79717363  -2.81458199  11.21148691  -3.30630033  11.59217791
  -8.35055872   5.62359821  -7.99667997][ 20.24680976 -29.57580712  15.99368342  12.18874949  -8.37564496
  -3.80078194  -6.56243046   4.25828342 -13.98261432  -6.90299563
 -17.90662601   5.73389047 -17.66803309][ 19.79192378 -11.60993802   7.57115258   6.90876585  -0.50751015
   0.65177363 -20.30990756 -10.16389895 -10.94694133   8.81774232
  -5.39297089   6.51928742 -18.14924384][ 19.87065067  -2.75252853  -7.32196697   4.13201625  -9.06683788
  -3.51793452 -36.56755506 -14.36405154 -17.08199518   9.57513833
 -13.12030481  -1.757884   -23.63365756][ 20.04058854   4.94809147 -13.48791091  10.62091233  -9.64211971
   0.42813653 -35.78584843 -13.50323331 -13.49696039  13.06407591
   1.52178993  10.69078778 -19.67917243][ 20.35768832   9.25338696 -23.1843312   11.55038909 -12.95296954
 -12.86774247 -25.3205858  -33.50088657   4.28597846  -2.58592523
   2.96857934   8.23238007 -27.43553176][ 20.5564236    9.30704992 -24.81053947  13.56070949 -14.44025187
 -12.41641324 -22.05474059 -34.9878826   14.39415203  -5.43277335
  11.03316256  15.11793708 -22.16332965][ 20.84429561   5.56820288 -21.37385125  14.39594756 -16.25631329
  -9.87509778 -24.74382078 -30.89222933  17.94019262  -5.19615732
  10.55043936  17.76588305 -24.98940228][ 20.94344362   4.23741592 -18.43970517  17.30893565 -15.12302239
  -6.99048844 -19.68227466 -30.75464107  26.63089831  -2.38127701
  16.50190499  19.82276622 -25.5240991 ][ 21.00521383   4.05809371 -23.69629847  16.47329264 -20.23951752
  -4.68615138 -21.62971655 -33.04882463  33.58275983 -10.88880402
  16.79568143   9.70756674 -27.32544001][ 21.00092578  -2.51520823 -18.53642802  10.56736495 -18.95811756
  -1.61269273 -27.10391152 -24.16737104  30.89953459  -5.39550396
   8.91088567   6.1939764  -31.4274499 ][ 20.97197711   0.49956224 -22.86765054  14.37158384 -19.43901657
  -4.83045076 -19.78505654 -28.16005353  36.13911321 -12.27538059
   9.05350628   3.79438528 -28.55560268][ 20.9522023    0.77292488 -19.48131277  14.9055349  -15.39814267
  -2.23787255 -17.34759692 -24.68768989  43.26817538  -7.83811376
  12.96944207   9.41038975 -29.09455185][ 20.63957262   1.26898518 -23.51583867  12.57760706 -17.54640288
  -3.84325271 -16.24234063 -23.77293492  36.23000128 -11.08067761
   4.39339009   3.48984446 -26.98927024][ 20.51702559   2.99660567 -25.34788225  13.5367043  -17.2483852
  -4.40225956 -16.01272886 -19.51198572  47.32063286 -10.73510011
   2.87826834   0.5575161  -30.44192548][ 19.94650576   6.82829548 -25.21668429  14.10567198 -16.58217203
  -0.23217339 -15.35598505 -17.01009768  44.07736911 -11.52630406
   0.45705375  -1.24394042 -25.47949402][ 19.91546772   8.09256069 -23.45785293  14.18291416 -16.83060489
   0.50365277 -15.43529143 -17.12388923  45.45389557 -13.26773517
  -1.57481662  -0.87301009 -22.76470706][ 19.40234702   9.29855781 -23.30097292  12.73213751 -17.33492627
   3.4718649  -13.91329726 -18.81859093  40.10644913 -13.94134437
  -2.2207189   -4.10486813 -20.50103158][ 19.15811675   9.27666841 -22.66139521  12.06407748 -19.3243357
   1.95835348 -17.08854955 -20.61496861  38.26875913 -16.84988116
  -6.5830298   -4.13677115 -21.61127921][ 18.56838589  10.43465414 -20.31105718  11.5945576  -19.70554438
   6.97700047 -19.71492546 -20.20693254  31.9904022  -16.03167741
  -8.71303697  -5.92458477 -24.79305588][ 17.99741831  12.00157501 -16.70299612  11.3036888  -15.6270284
  11.69114007 -12.008518   -13.2708117   39.84284613 -10.57384687
  -5.20614986   0.65789382 -23.48050052][ 17.25429821   7.60027655  -6.81918664   6.94491224  -7.22695608
  17.58334009 -18.35086252  -5.49946641  37.21862575 -15.51713224
  -6.33797     -0.75905527 -18.95108462][ 16.38825868  12.17092301 -11.3826042   16.01006368  -7.16785752
  17.03323953 -15.66253724  -0.65488134  30.86340873 -14.73013972
 -10.17103178  -7.01404902 -21.84359895][ 15.74617467  10.42947316  -9.18252577  14.12221201   2.54820554
  13.16411627  -7.07259044  -0.86744116  24.90939449 -16.13724684
 -15.16994129 -15.33584054 -22.92147279][ 14.99706027  13.90294423  -5.7283258    9.06401283  10.94928731
  17.70903568  -8.4951303  -10.05677395  14.86877951 -21.98144493
 -21.50054281 -15.25545588 -20.26626294][ 14.08127405  13.24988838  -2.18310896   6.13373306  11.49847692
  11.71098683  -4.91375155  -6.99350867  17.3756956  -10.48672097
 -24.16993936 -24.21872516 -12.56225109][ 12.74096239   7.43147081  -4.25877258  -3.35781647   6.71393838
  16.48708805   1.65133721  -6.6876241   12.54367968 -15.22890412
 -26.5265166  -16.04511413 -12.09084568]