[ 15.36541082 -18.68945569   4.60281577  11.86149893 -21.14641025
   9.70281359  -0.29879566  -2.8889167   -5.02550418  -1.08124134
  -6.64162694   6.43402229  -8.02517124][ 16.59477275 -26.99290635  10.12878292  11.01440739 -18.49927626
   3.99179532   4.63392312  -4.75396574  -8.31942881   1.23217105
 -10.60195144   3.21244454  -6.92577807][ 17.24902602 -36.85435159  11.78648505  18.35459193  -6.5390614
   6.49626715  13.27053494   0.80748778 -10.87811585  -0.62109737
 -15.85482139  -5.10742619 -14.33124976][ 17.92632003 -34.36258213  10.42145947  18.60967608  -9.31782382
   6.36582591   8.69757099   3.73359659  -6.50310812   1.79537081
  -6.92474732  -3.27570063  -9.21797852][ 18.1583664  -29.57008136  14.66826199  30.67378977  -7.90953251
  -0.80364571   3.49423068  -2.57080852 -19.66494936 -12.53604583
 -12.52116442   0.04812136  -6.33681012][ 18.51224879 -16.63304888  15.71642814  37.73441262  -7.50491351
  -9.67895848  -2.18627837  -1.9952236  -14.07446611 -13.37807913
 -18.43170889   6.35285403  -6.30266878][ 19.57824339 -11.77275124   1.40390179  41.50362535  -8.6820474
 -18.91109687 -13.33030608 -19.3039811   -7.9081947   -9.92350996
 -25.21634441   9.69373354 -14.53361394][ 20.27111228  -4.01988024  -7.5363132   47.46258849 -15.43855914
 -18.78203428 -10.87409587 -21.57151191   5.17693539  -3.64755747
 -22.21882285  15.97130783  -8.60777939][ 21.33489371  -4.33994314 -14.39218596  46.81659614 -14.29605237
 -28.44443689  -4.16387055 -29.86142008  14.77614784  -7.44675021
 -19.84997829  15.05132178 -10.56564077][ 21.6103512   -5.96742172 -14.09089792  33.74144543 -13.65624785
 -23.52866539  -0.80183102 -21.65377807   7.25568138  -4.83864922
 -18.55879484  13.27137778  -3.85333751][ 21.92386468  -2.6411998  -15.86667727  45.41496823 -14.69070401
 -30.53832783  -2.80450015 -21.44741207  16.82553446  -1.86569781
 -17.77178234  20.84260023  -0.7962416 ][ 21.83295788  -4.93710696 -17.19749206  32.7768888  -16.25804706
 -36.80141081  -6.23078047 -22.95255342  11.26176786  -7.59070874
 -21.46655383   9.53566655  -6.76694493][ 21.93741594  -5.18062328 -13.61161672  35.57810452 -13.54614873
 -35.20431423  -6.42497621 -21.30341029   9.87025255   1.1241934
 -15.15899845  25.50864276   6.10703286][ 21.88771048  -8.92058591 -13.63687186  24.72135425 -17.79355007
 -30.26928936 -18.52193207 -17.26725387  -5.06994419   5.2464492
 -17.83092463  10.79640946  -2.99619507][ 21.97615034  -8.88304748 -11.92747492  26.03667975 -16.21697014
 -29.34316642 -15.2013918  -17.49535824  -4.59586437   5.14310429
 -12.24920029  24.51856161   4.91829775][ 21.90151666  -8.09775762 -11.64849796  26.40793552 -14.44812473
 -31.12501638 -15.80872575 -21.51574126  -2.00985626   2.50038134
 -13.98695492  19.7536798   -0.35765948][ 21.82210503  -6.23620938 -14.05621399  26.37686729 -15.7738198
 -35.50434656 -10.6021501  -23.07342122   5.92843676  -0.61826269
 -11.98665395  23.56615017   0.74019999][ 21.47093841  -1.66254361 -19.94433578  33.76763306 -17.73563238
 -34.74524533 -14.4537244  -25.91400747  10.86262743  -4.51081503
 -10.72017993  12.94360405  -2.3703393 ][ 21.26486401   0.32442463 -22.66902568  33.21781939 -17.20739518
 -31.50586298 -11.13088516 -26.67736217  14.09364295  -4.5248396
  -8.54621984  17.04774338  -1.32271917][ 20.57671257   0.76902669 -23.36246091  35.20529765 -16.56181364
 -28.65397949 -17.08345048 -26.58938217  10.54070359  -5.42572595
  -5.28762634  13.16131517  -5.63834456][ 19.61833529   2.03235027 -21.13466546  28.90888331 -19.6238462
 -24.12799642 -16.58033445 -31.04652487  11.7156731  -12.85567691
  -8.98160858   8.86120443  -7.47726801][ 17.77201311   5.4215554  -21.67747494  30.24821577 -10.4718553
 -15.72338207 -13.56052651 -31.18458968   5.86349752 -20.6702879
  -7.70044675   7.57065202 -10.31031586][ 17.26698092   4.4839724  -22.98347104  35.54182805  -1.06429938
 -10.7547896   -8.82866297 -29.98648902   4.78256945 -25.68168872
 -16.95704956   8.1213965  -12.94538182][ 17.07483416   0.96048613 -14.94598762  29.89513886  -2.24224406
  -8.01108465  -6.01767879 -12.51016105   5.47813612 -14.29659319
  -7.55252035  11.65123263  -7.81381633][ 17.23449939   2.52121554 -15.82388948  42.64076763  -5.21667648
 -12.37227124  -1.83394404 -25.26411071   1.34622747 -17.98493045
  -6.04859909   4.72798174 -10.79643128][ 18.24860861   2.84392396 -18.58201747  47.77340532 -12.37386287
 -18.07082762  -2.11728312 -31.98139234   5.12433831 -19.9270706
  -7.40674346  -0.1858312   -4.56460723][ 19.36606222  -2.98345961 -14.44771052  40.49624941 -14.94439891
 -28.05458091 -10.47290088 -28.98045706  -4.36163314 -18.33857042
 -17.08735555   2.74127004  -4.66100217][ 19.59888971   1.19792037 -18.13889862  45.18358885 -18.0999616
 -28.76590934  -6.91798924 -24.85709415   3.38613052 -14.72824272
 -11.93135554   8.45808838   0.07019138][ 19.73313246   2.67065983 -19.24439864  46.13132834 -19.74292112
 -31.63062112  -5.31903052 -24.64148638   7.56187844 -12.34271939
  -8.71645121  11.37898177   0.58111278][ 20.05799339  -0.34951907 -17.02371142  40.46174208 -24.87094641
 -35.98040875  -9.08800292 -20.7013735    8.56277991 -10.50447272
 -13.66476763   6.98787165  -8.50325906][ 19.86324078   0.9641834  -19.34079854  36.56783017 -27.78633179
 -32.41275231  -7.85761334 -19.32717351  10.2113401  -10.31461942
 -11.56626834   6.58583372  -7.84767527][ 19.80580872   2.3347091  -19.7521426   37.14793785 -28.61122443
 -31.53544289  -3.34109626 -16.07648263  17.4411976  -13.94195884
 -11.374268     7.70533339  -6.29067902][ 20.00249223  -0.75086793 -17.78108317  31.61648261 -28.97060345
 -31.2991375   -4.48682345 -11.70522105  19.01633249 -16.77075524
 -12.8281593    4.0686749   -5.71533533][ 19.75608986   0.45572291 -17.53175286  31.1506917  -27.33059242
 -28.99085618  -1.57766667 -14.66656055  16.1938247  -21.88763685
  -9.02074051   4.19798835  -7.2746636 ][ 19.58310734   1.33012853 -17.65502457  33.04887207 -30.38094289
 -29.84627963   3.64226844 -11.95166247  18.73985059 -28.22919715
  -4.87570975   2.8083162   -8.28011479][ 19.5134687    0.81231498 -14.55687814  30.3115502  -33.1527509
 -31.68091511   6.21836846  -9.35290575  15.30845813 -29.37417715
  -5.40294018   4.51309789 -11.38021335][ 18.8833257    2.04440783  -9.29174911  27.00141324 -33.31616177
 -25.86889017  10.99057292 -13.09951509   9.50656748 -29.01759425
  -2.31657118   4.84733975 -14.30240353][ 18.52136436   4.08920234  -8.23634798  27.26255179 -32.02549877
 -20.69870901  16.56087815 -11.39651308  13.95218134 -29.18143759
   0.81664674   8.56934793 -13.60724357][ 18.06588389   5.22562997 -10.37900275  21.85173475 -30.3818246
 -14.52589583  14.03829529 -15.83365489  10.88900143 -31.41766463
  -2.16174118   2.77533619 -16.33894156][ 17.04174448  10.00505357  -5.38689092  12.78697615 -21.5196777
  -3.03498447   1.61576923 -19.00416999   7.66045821 -31.77644199
 -12.85773081   2.56042865  -9.86908757][ 16.9979736   12.89269089  -4.49650848   4.38304314 -10.31441846
   1.2108093   -3.68292502 -17.31570221  12.62587927 -31.27345984
 -14.02385598   5.80987115 -11.64562959][ 16.90264656  15.44076003  -3.8832707   -1.07194501  -3.60510698
   4.72388477  -3.70717036 -10.89852502  12.3837256  -25.81132657
 -10.82654453   1.855351   -10.73595768][ 16.82795637  16.04224988  -1.64387952  -0.22525571  -5.2766607
   5.07488479  -2.13293539  -6.11704496  16.01460018 -25.94919997
  -4.15162429  -2.5052921  -13.07043075][ 16.64828486  11.59042464   2.9462967    7.69706343 -10.72011783
   7.59848923   1.34447287  -3.03502538  14.22807214 -19.32971873
  -2.7468192   -4.82823743 -10.56180354][ 16.39565962  11.56438836   6.67638046  10.97491635 -18.55666986
   9.30893493   6.12434144  -7.26955157  15.87617079 -13.69984417
  -4.48262403   0.81950396 -20.34717026][ 16.18586716   3.53023499  12.68788063  18.05183661 -22.81959641
   1.01621422  13.97781996  -7.61238312   5.32445398 -17.2174073
  -5.57350485  -1.85020609 -14.62571144][ 15.68746018  -3.59429458  18.33458969  19.31277933 -15.40976428
   0.72632738  13.96464805  -9.40581495  -5.31584547 -21.94164295
  -6.30796609  -3.43512914  -9.20247958][ 15.28977033 -14.22142207  19.17121953  14.72504475  -5.49929005
   2.0731278   12.0864867   -2.74744562  -9.09983417 -21.59948775
 -15.27112567 -15.22607707  -4.63477141][ 15.85295266 -24.9410599   18.42172624  14.87205983  -7.78408286
   6.57419347  22.47848487  -2.59593288  -3.18065224 -10.34014559
 -13.53669633 -10.80065057   3.69062834][ 16.4583261  -32.11636344  19.5673335   15.23656412  -8.89933082
   2.21336935  18.08393906  -5.23155637  -3.6901486  -10.28511823
 -14.66880375  -9.15533386  -1.46952571][ 16.72907061 -35.93772335  18.27680765  19.31265926  -9.35836805
  -2.47846219  28.12662179   6.18861487  -3.23999388  -4.99809688
 -17.65402907 -11.00642726  -6.32334879][ 1.69576806e+01 -3.84985232e+01  1.60540880e+01  1.73262146e+01
 -1.14670874e+01  1.47898685e+00  2.79211302e+01  5.33132848e+00
 -9.24396428e+00  1.35865037e+00 -9.16303424e+00 -4.95537698e+00
 -7.10007209e-03][ 17.14938813 -35.8257463    5.70301269  10.93285339 -12.72377322
  -7.48801353  14.83027071  -6.68239261 -13.51926357   6.72591313
  -3.18277294  -3.28900553   4.1422852 ][ 17.23707553 -34.16045522   2.39135076  13.38096506 -10.32086994
 -14.72489831   9.63217811  -4.91631523 -11.63514177   9.13207176
  -0.74187482  -6.97434083   0.94275825][ 17.33216813 -32.88459685  -1.09627105  12.61738034 -10.5697399
 -11.05935486  19.6152028    0.68378476  -7.85501332   9.92375899
   8.86765007  -7.88547294  -1.49645645][ 17.4961027  -33.4504401   -5.43900951  13.65893127 -13.38718945
 -18.66408585  17.2738019    7.20830668  -3.71291168  17.73138901
  21.51240884   4.12737938   5.3255834 ][ 17.32922118 -31.04494254  -4.17606475  12.47681146 -15.94843053
 -20.50736399  14.94159176   5.74663459  -7.87308295  19.0260641
  17.31572704   2.3008023    2.3034748 ][ 17.02665877 -27.42503269  -3.51881041  14.06722582 -12.46237334
 -20.6795739   11.70873211   7.25707858  -9.73560224  15.50559038
   8.82736329  -0.91624926  -1.70986141][ 16.24606011 -26.0762289   -3.53579202  13.92253462 -12.47265052
 -13.64060086  16.36975517  11.35565067  -9.28286065   2.65144847
   4.47929461   2.9980096   -2.19444904][ 15.73356171 -21.86519533  -3.91820386  21.78535707  -8.5604879
 -13.75677689  17.21663968   6.77188663 -13.86244634  -1.39742251
   2.20432254   0.69891204 -11.75770542][ 14.82476241 -18.54103021  -1.80312962  26.34877737 -13.66981262
 -17.63380142  14.77588584   9.66794341  -7.35544259 -10.32902247
  -6.63313775   6.0487898  -10.4829152 ][ 13.28182407 -17.52547394  -6.62421309  17.26868781  -7.72514703
 -15.93812514   9.01814331   8.21591993  -3.43660446  -7.12453741
  -2.89530019  16.9271707    4.98832759]