[ 13.55290933 -28.60420002 -12.26948106  23.19421     20.55111485
  12.07758659  -8.74753097  14.89685042 -12.83124405  14.22449068
 -15.11637457   1.35223482  -1.32365864][ 16.53945475 -38.46412546  -5.47210431  18.76800277   7.48050544
   1.66674954 -17.8672862   18.09692991   1.94864103  12.5053082
 -14.18103812   5.49805292   1.88496368][ 18.19263813 -52.66652473  -6.84708694  18.11901541  14.13957167
   9.9348057  -12.50128676  18.11286198  -4.98393989  21.46102164
  -9.03927477   1.05073609  -7.49483572][ 18.85618264 -51.61884055  -2.9509678   16.70813665   4.32957172
   7.25504309  -6.1814496   17.91727487  -6.20781313  12.55266061
 -12.72168948   3.15448085  -4.29832191][ 18.91847558 -42.01754449   3.25081327   8.9056897   -9.43371476
   0.0688594   -4.14991806  15.82575272  -7.28777267  12.2168592
  -7.94634131  10.57084762   3.59789897][ 18.56361802 -42.73366568   5.52895121   7.96509416  -5.2898367
   8.93888627   4.26075892   8.85154799  -0.10058297  22.68131057
  -1.2912568   12.56601065   4.89800191][ 17.71339366 -37.0820121    5.48277955   8.739078    -1.42810719
   9.82004577  10.48212424  10.05352111   4.23604555  24.47541022
   1.89922775  17.31964243   5.08724807][ 15.82526327 -28.10312787  10.90205442  11.15048446  -2.68645258
   5.44449501   4.37077043  13.8327615   12.86153656   8.75383078
  -2.02070454  10.57264218  11.48715279][ 13.16969666 -23.15598957   7.1838007   15.07683708   9.29873138
  18.5079168    4.26967701  21.61638137   5.85564459  13.91833506
  -1.20223928  13.32079924  -0.47954286][ 12.21224489 -22.814449     7.07618113  11.41922335   9.34329636
  14.42099031   7.77205899  18.63310056   3.62682136  15.27402547
  -3.21187136   9.62041187  -1.28269967][ 11.50544923 -17.62590976   9.56343276  17.40344866  14.71404539
  15.22962794   7.24478485  16.05449947  -4.78491916   7.80571332
  -3.08271618   3.64906354  -0.46506728][ 10.58297508 -14.20809282  13.68064268  19.04421336  14.78640058
  11.07368932   6.33126715   4.5663632  -12.35138523   4.03193938
  -0.13344185  -0.55969409  -3.39251683][ 10.10456344 -12.42937134  11.44127819  15.05636271  12.11435148
  14.37184133   6.02586274  -1.13512312   2.40200312   0.4059496
  -4.63948868  -5.81368081  -4.77280731][  9.80675185 -12.89641743  10.06458235  17.81309363  14.70006836
   8.31523258   4.32679215  -1.86705973   5.35016419   3.53922878
  -9.70732699  -4.15460448  -3.56586792][ 15.90802252 -14.2054036   -9.15438308   0.77695015 -16.76339996
   7.98650314 -16.83601092  -5.27378557  -2.15329011  10.30959003
   4.89172388  -1.59564781   8.3181372 ][ 16.24170065  -8.34394813   0.50340455   8.14898351  -8.57049947
   9.63595528 -17.04230096  -2.90972877  -6.83972731   6.88452928
  -0.69920754 -10.45986879  -3.89860925][ 18.94697592   3.89450761 -13.11576067   5.00149262  -9.49781949
  -9.66196559 -21.87811315 -15.83420055   9.40643408   9.8533979
   7.67073193  -8.76287216 -14.2229788 ][ 20.23124078   8.48569057 -20.29272997   8.48001898 -11.38969476
 -15.09511628 -16.4184103  -25.03886692  20.83876131   3.70388679
   6.92836218 -16.48647781 -19.81609455][ 20.72198691   6.14019155 -21.5039033    4.92124968 -12.45741715
 -10.50844409 -16.75617218 -18.14281888  15.11849165   5.04231714
   1.47637697 -17.44690916 -21.28878805][ 20.78575239   5.5170516  -17.99130587   6.60666856 -11.67477072
 -13.04348895 -25.52911339 -14.62200618  25.32294187  15.93591216
   0.17151552 -20.85583462 -27.40493915][ 21.03434438   6.00734562 -19.89778221   5.83795426 -10.10430758
  -7.14606265 -20.17821276 -11.92451974  27.65017563   9.67437412
  -0.96910849 -14.61981133 -21.02694299][ 20.97989308   4.0494564  -21.98131881   3.0159201  -13.19511944
  -6.88747385 -18.43446901 -10.88644025  27.13304481   6.94110755
  -2.74948538 -15.11480634 -26.13360261][ 21.00790033   2.70595794 -23.7095029    2.8053267  -15.65255505
 -11.69341219 -23.6191658  -17.04677081  21.92643569   2.22570939
 -10.99575287 -17.21115194 -29.86771117][ 21.10278822   2.55073706 -23.85326016   1.92575207 -14.77800041
 -12.66466504 -21.74196768 -17.9482143   19.26177757  -4.34184122
  -8.85847603 -17.67792013 -24.90824845][ 21.07275898   3.59048193 -23.75798267   5.60018795 -13.23137845
  -7.33366526 -18.65966132  -9.59065773  30.36072382   7.70244553
  -6.85223242 -10.15327667 -24.27374589][ 21.04705799   2.03952499 -19.99568635   5.48478157 -10.18033137
  -7.21472588 -22.7793739   -9.25249605  30.80796289   5.9652804
  -5.64339369  -6.86297445 -20.04106866][ 21.19121866  -1.03132021 -22.1538347    3.06288846 -11.13910604
 -10.00807741 -29.43970546 -11.96770697  34.77402948   7.42780452
  -8.45095038 -10.9204567  -24.93599399][ 21.33467843  -1.40687189 -22.65106426   1.80668789 -10.93169783
 -14.17603596 -29.72246088 -17.72476907  30.9543108    2.22207575
 -12.29197584 -12.40364481 -18.54850175][ 21.33385946  -1.98374344 -21.30177991   0.71028911  -9.1044887
 -13.05857778 -24.60641223  -9.468263    37.33317604   6.20829252
  -8.90063156 -11.56929014 -14.18273857][ 21.33264648  -2.48389599 -19.98755819   3.64417208  -6.81856754
 -16.18793603 -25.62907811 -10.70103229  37.2737512    5.86284703
  -2.2398684  -10.42114129 -20.37749266][ 21.23115032  -1.90064084 -20.80704731   0.08154587 -10.46904171
 -18.22945868 -28.23653571 -14.58181734  26.60610566  -3.62811529
 -11.47878772 -14.44242797 -23.71375941][ 21.17392868  -0.97923955 -17.66916554   7.20932227  -6.72473201
 -13.27914721 -28.13078888  -7.80002035  40.39809826   7.38792768
  -0.72949397  -6.37972493 -23.21714092][ 21.0663955   -0.07060748 -15.96235194   7.09628571  -6.12105836
 -10.48128808 -31.61593379  -9.29674178  32.26421677   0.72909563
  -4.07728812  -5.5658891  -23.10152659][ 20.94377424  -1.5562357  -16.8236712    6.63728969  -9.44035609
 -13.36960675 -33.09246585 -10.25270236  33.86171298   1.87151674
  -3.3220227   -3.88811475 -21.34296711][ 20.60412101  -0.72894402 -19.38868651   5.21216702 -11.41513249
 -10.66870814 -30.22970842 -14.9687039   25.89041995  -7.82330804
  -5.13921411  -3.46113402 -19.60596195][ 20.11919432  -0.98201612 -19.98066097   5.87353058 -11.10250865
  -8.57239032 -27.23067079 -16.50437139  28.19606102  -6.74387485
  -3.0971389   -1.81770467 -21.24177704][ 18.74595923   3.84800319 -24.79626821  22.56975873   1.29612054
   5.85243876 -18.91095308 -30.08628082  32.42785551 -18.50956377
   1.47762756  -0.60692731 -17.3170663 ][ 17.09155064   0.19471688 -13.29686088   5.77332956   8.81881152
   0.15498942 -27.41249836 -22.40118439  18.0996723  -11.90839538
 -11.7871174  -10.3464877  -21.18639041][ 17.74458344  -6.22522679  -6.03450236  12.4736222   -3.30657055
   1.8290293  -30.06941347 -21.8943521   16.32659106 -11.73467598
   5.95515805  -3.88456719 -18.11568557][ 18.7057431   -2.87429011  -8.65269248  12.60120776  -8.02612261
  -7.85242397 -30.54439759 -21.45954733  26.18513357 -10.56545329
   9.79583001  -7.17727306 -15.70555537][ 19.50263277  -4.07110894 -15.27479352   9.93134411 -10.56249627
 -21.38568466 -34.69522733 -29.17219918  20.66245613 -23.91709839
  -4.25386973 -14.49956386 -20.01829394][ 19.50810925  -1.4921254  -16.25727769  11.89829543  -6.38310699
 -22.30374764 -25.69105828 -28.00415365  29.02152181 -22.22175751
   1.58935615  -6.14149497 -15.48743999][ 19.29485561  -0.56307179 -14.12979413  12.31436792  -6.23632443
 -21.9740188  -23.90482626 -24.99081071  30.15998284 -21.44579877
   3.25540016  -1.20737614 -15.52201107][ 19.39709107  -0.70372954 -14.39971513  12.38324942  -9.20675349
 -22.26692544 -23.85479337 -24.52621546  28.87484803 -22.99643288
   3.29355477   1.36700141 -18.06379879][ 1.91163842e+01  1.98743329e-02 -1.53303830e+01  1.25340817e+01
 -8.97072074e+00 -2.18395252e+01 -2.81195121e+01 -2.60823217e+01
  2.72767916e+01 -2.65476328e+01  2.63450326e+00  5.17614552e-01
 -2.19655236e+01][ 18.98198841   0.65622456 -14.92651207  13.76983325  -6.90135862
 -20.86043214 -28.92734538 -23.19241721  29.34866736 -25.59727394
   3.99961939   1.47442508 -22.77683864][ 18.93295823   3.03519142 -15.92685575  13.99067768 -10.12810074
 -18.61522807 -26.20584367 -15.17294622  35.00587417 -23.32677024
   6.07417129   4.27918598 -20.98897657][ 18.37910488   6.33645122 -15.44342369  12.98197354 -13.55517971
 -18.23426663 -27.18894916  -9.28452872  30.24675541 -28.27095981
   3.56547397  -0.93982067 -22.82806772][ 18.10555055   9.57979952 -14.78649793  11.49782242 -13.9388115
 -14.57912506 -23.38180508  -3.14312968  33.13679655 -31.61509548
   5.3674695   -2.7235287  -17.84343699][ 17.99408944  12.04145059 -16.74744439  11.44198096 -15.68975163
 -19.46145821 -22.79385118  -3.47575224  38.13548971 -33.58155449
  -1.56010957  -6.33684054 -19.03703361][ 17.57354252  12.67125563 -13.33162324  13.19247921 -12.11456842
 -10.2134541  -26.32877458  -0.66073107  32.79304117 -30.31207046
  -2.62352182  -8.00776366 -16.54260273][ 17.42101482  15.23633372 -14.0057042   12.73716082 -11.58895948
  -7.84222006 -22.72532823  -5.44349248  34.70271298 -35.51289465
   0.71401841  -8.78812933 -17.94491461][ 16.98335311  11.18665068  -2.76540629   3.73520002  -4.04038289
   0.72772551 -27.47340317   6.04605134  25.14244428 -20.8376089
  -4.00057427 -11.46180177 -16.73283057][ 16.66730135  19.37553941  -4.94083383   9.55878397  -8.12224604
   1.94066177 -18.06050999   1.48772207  29.39079559 -25.6168121
   3.20060637 -12.72869852 -19.08346315][ 16.34325554  19.03567969  -0.53565911   9.5943519   -5.14965725
   6.57137888 -10.6099223    4.72484631  28.20872724 -23.52204277
   5.32570557 -13.81913537 -19.76420721][ 15.99230467  18.6159961    4.16887586   8.21834741  -5.39607152
   8.56205525 -11.16229902   7.04081311  24.78224341 -22.01859344
  -3.0455172  -18.16189777 -21.28672851][ 15.65835936  14.83621017   0.19090706  13.59171899   1.57800401
  21.4962059  -13.06454271   6.15190771  27.39573634 -22.19226554
  -8.40198664 -25.48807926 -20.11086196][ 15.33768703  13.42314541   1.94788292  18.95735815   4.31760914
  19.50475793 -19.85337462   6.30868465  25.36391363 -15.59200182
 -10.3823683  -31.22284304 -23.32660011][ 15.09504838  13.91757637   4.04767289  17.88424679  14.47593531
  20.51769904 -14.41296452   1.16775596  14.02591438 -20.238768
 -19.74497956 -29.98283671 -13.57021135][ 14.91165937  14.15782936   6.35707185  13.09820459  17.34984386
  14.73585008 -11.83740222   3.58837608  13.90194167 -18.05702117
 -21.83660637 -26.40891232 -14.70910953][ 14.57141965  14.12822927   8.3358572   11.55802597  19.38317417
  19.06747842 -11.19122412  -1.64941573  10.17431185 -13.79247649
 -23.07527443 -22.93345304 -10.27644243][ 13.96245275  11.79716401   8.63790695  12.86733011  18.70996518
  21.73288361   0.30136137   2.26970003  11.27112671 -11.20026079
 -26.76544566 -28.62741579 -15.19761922][ 13.11995824  10.26026737   8.41895528  15.03805431  16.16755825
  14.34434685  -2.15202366   3.11369439  12.0656202   -1.06160753
 -22.65327062 -23.4827309  -16.66228954][ 12.09391831   8.2369229    2.55863302   5.69491136  18.42342414
  14.76121177   0.80076445   8.48364056   6.78109372   3.64830482
 -25.02219782 -25.66076083 -17.55045518][ 11.18969171   3.65393975   0.80698642   3.69991806  19.01319152
  17.4326162   -1.03602411  13.66357024   5.36376439  -1.70533778
 -24.24271617 -29.1402737  -14.12770937]