[ 14.51197266   9.4969886    3.25988536  -4.56268269 -16.57608517
  22.05407837  25.89777383  17.677098    -1.64253215 -19.87454539
  -9.96861973   8.16373765 -25.76850346][ 16.24143126  15.99021612   3.32561494   2.38344957 -24.16264589
  11.45132379   2.70998726   5.05334783   3.00935342 -18.31332383
 -13.45930461  10.05783967 -27.43855229][ 16.98818851  18.59631062   5.24504244   3.32250962 -23.63755779
  10.63448014  -0.552236    -2.34063992  -2.52279502 -20.90618136
 -14.93161976   5.44126869 -25.53582118][ 17.75197287  17.5269527    6.74636045   3.88649207 -21.17929041
   0.98872434   0.50748706   3.61941509   5.07759457 -17.695398
 -19.91048563  -8.07209312 -28.78161795][ 19.4799839   18.56385427 -10.84008463   2.240838   -46.59688497
   3.76405491  17.38216868  -2.00258658  -9.3809229  -16.86832097
 -15.2186095    2.75560305 -31.18229547][ 20.13769274  20.0391003  -10.46620753   1.51204559 -50.54565395
   3.53694708  28.20081417  13.97310314  -6.02422989 -14.49077246
  -6.55253003  10.22076504 -24.73350169][ 20.77353211  17.28386866 -17.9032062    1.31279771 -54.79341115
  -4.26696171  25.01747909  10.62573216  -4.01263058 -13.22689051
  -5.77859696  12.86552379 -18.77705107][ 20.8827661   11.86150439 -18.89419389  -6.01429666 -48.76290637
 -10.09206201  21.33815765   3.20200003   3.81106213 -10.78657641
  -8.17484175   9.43942525 -18.53463384][ 21.20261456  13.94579885 -17.62651657  -3.21647311 -50.0494904
  -3.22129419  21.50982214   7.37962799   0.84067096  -4.88949882
  -4.72756877  21.01323253 -10.43779993][ 21.32629315  11.21251665 -16.691751    -6.79465169 -42.15363054
  -0.15088635  23.30158856   5.95660784   3.16953004  -2.4413943
   0.20101605  22.34990722 -13.68068187][ 21.17155851  11.73999442 -19.21677575  -8.95343528 -37.02670292
  -1.74266788  10.7052324    0.41383711 -11.60631638  -7.34214547
  -4.59624975  14.39170315 -18.68205232][ 21.00818274  14.63409717 -24.79146758  -3.81620533 -37.53697908
   9.33171174   3.96164824   8.48018241 -11.18262728  -2.38880576
   0.29373304  23.37344399 -17.66505984][ 20.46573837  13.93238832 -20.41302278  -6.70061574 -23.15789263
   8.01598207  -4.25749132   2.40356267  -6.92350168  -8.59972921
   2.10496623  15.29416995 -15.60371329][ 19.80478865  12.62417451 -19.77647426  -5.97010468 -21.574691
  12.94415714 -10.62615896   3.06807932   2.21249913  -6.47396109
  -4.03156992  11.40442192 -17.81120105][ 18.69489273   1.99986811  -9.51420583  -3.75608844  -6.39723506
   8.30176613   0.84997334  -2.32283284 -15.01209046  -3.04818357
  -3.10453191   8.02893783 -11.19026234][ 18.85289203  -8.93631391  -1.51101399   1.08332988  -6.31020192
   5.00147779  13.93867126  -9.04263421 -17.86804831  -1.00801883
 -13.99301403   6.51216368 -14.73121971][ 19.22823099 -19.80102697  -6.10786097   3.9997511   -4.42635038
   8.29139118  24.11908481   7.05876954 -12.96593371   2.70223224
 -15.90581243   6.26506652  -9.28198604][ 20.02864695 -29.15986716  -9.80399431   2.75740084 -18.29310443
  -2.06534235  19.83129098   2.28515795 -12.32158863   8.64576799
 -11.16333904  12.79064743   0.34112442][ 20.31984264 -29.63769737  -8.65518644   8.82310944 -15.4781654
  -4.61322257  16.11408709  -1.29724292 -15.19314028  13.62099773
  -8.50717132   4.48955028   1.14180562][ 20.37393494 -32.47684026  -5.70940067  10.28499355 -16.36152175
  -9.66018226  17.89248754   2.60818733 -16.55202184  12.21758574
  -5.22348288  -2.35978865   0.84726514][ 20.38278584 -31.33835432  -4.5946165   15.90168565 -14.86709832
 -12.45959046   9.43876938  -1.52594753 -16.9164036   17.60096791
  -1.4613804   -0.45672401   1.01561357][ 20.32305225 -34.0765134   -4.78699362  17.22796413 -16.69891769
 -10.79769756  11.51611994   2.00093186 -13.12355907  16.74488023
  -6.57758956   9.30004149   7.06809484][ 20.26830668 -33.44318416  -7.34987924  12.41300083 -20.15737813
 -17.08942901  12.67558062   4.99639498 -16.10538644  22.33359883
  -5.97536317   5.38437186  -0.69141853][ 20.30780944 -35.16782194  -8.40205982  15.16960687 -19.97219507
 -18.71658448   9.91682136   5.78763517 -18.04723733  19.94822323
  -7.89953299  -1.83984478   0.63603806][ 20.03525533 -35.5654301   -9.21558748  15.56090373 -18.25496412
 -15.20854737  15.22110134  13.33469658 -10.76522135  26.44102519
  -6.31664378  -0.26285945  -8.31224556][ 19.58420741 -31.15456784  -6.73293168  18.5032083  -19.45802332
 -20.80170199   7.72265456   9.99083795 -10.76393367  22.71454455
  -8.27019077   4.10478413   3.57632962][ 18.63827436 -21.66139362  -0.68743429  21.71146265 -14.65788848
 -16.49374921   4.79358433   7.63098242 -16.72206086  13.37451385
 -16.7156802   -6.51305786  -5.4208711 ][ 18.53429787  -4.18581361  -2.039188    31.14764578 -11.55161701
 -13.24923777 -12.55270838 -25.86017359  -6.62982643   4.84317597
 -26.80054555 -10.00920379  -9.85253428][ 19.13987431   2.30332054 -12.34191566  32.60828579 -18.53545598
 -14.20405787 -22.2064171  -35.64526173   8.29870851  -6.60770571
 -16.31747059  -5.07646182  -5.21884607][ 19.88459824   4.07243473 -16.99635957  34.65945725 -21.28456163
 -13.53575106 -17.86695863 -32.1791889   22.47115767  -7.32022958
  -7.355841    -0.57361867   3.08918675][ 19.83093288   2.59468358 -20.3776475   27.14792143 -23.73202107
 -14.94635203 -18.26765986 -30.66163959  28.61379469  -4.22378526
  -5.98484785   0.29606817   2.18717644][ 19.72307014   5.49755143 -21.34217248  29.68529166 -23.25596802
 -15.22694655 -19.29446214 -23.00572619  36.31786937  -6.88257947
  -5.77972236  -1.33259206   1.75044128][ 19.82393917   7.35522576 -25.17344133  24.08748671 -23.13083946
 -15.28074932 -15.61519998 -14.12405605  37.0671258   -6.6371534
  -8.763843     3.01041616  -4.00144502][ 19.54123922   9.877666   -26.11887568  18.45218367 -19.23229905
 -17.48233188 -16.77030983 -13.59425001  36.3251521  -11.76847178
 -13.66874206   1.43760478 -10.48287366][ 19.37513505  11.84536818 -30.08201722  13.21425608 -18.37916935
 -17.91696645 -17.22067955 -17.28980976  40.57573623 -19.96343343
 -12.6491958   -4.41582455 -12.33877515][ 19.23044427  14.47989108 -30.0715652    7.88915751 -14.75946648
 -15.72036622 -13.4061857  -18.48741917  42.62916923 -18.23931443
  -9.81553547  -5.78377775 -14.106494  ][ 18.53433202  18.31748285 -21.53120731   1.86815954  -9.26359462
  -6.63392785 -12.19815672 -17.33233714  35.7999652  -12.5981873
 -10.99128559   4.05833142 -20.15021022][ 18.11413846  19.92710715 -19.31645537  -1.35152752  -7.96073056
  -4.9546675   -8.95276532 -13.48788605  27.8973723  -12.25479717
  -7.12569047   5.92330457 -21.70378451][ 17.69689357  19.55628017 -17.85735871  -4.38381088  -4.62924428
  -3.09336912  -6.3479887  -11.52268463  20.7771955  -21.18124309
 -10.3003362   12.71893121 -25.29826759][ 17.11342449  20.83840123 -13.21095281  -1.08870995   3.81357402
  -3.26875349 -10.0234647   -5.75438152   3.20752287 -35.6485462
  -4.12945883   9.91194498 -23.23277103][ 17.07542455  20.71547823  -9.81070694   4.54782616   7.25835291
  -6.72795174  -8.1156337   -2.38326939  -5.06755328 -38.16173496
   9.85950692  10.17305461 -20.58248683][ 16.89701583  21.32509993  -7.72145773   6.59770449   8.79824835
  -6.17645351  -7.29370153   2.87485136  -5.36631564 -30.34369238
  13.75083483   8.89544017 -20.64025728][ 16.96421875  20.36249886  -9.5347382    8.090693     8.12364892
  -3.21620363  -3.94966532   1.63658052  -2.91531245 -23.24670863
  15.36027721  -2.06148529 -18.44046857][ 17.01585911  19.89963087  -9.29650574   7.1621368    7.02931497
  -1.02177378  -2.80669895   3.33528831  -1.59088216 -31.16037913
  17.53175507  -3.6194476  -22.37353738][ 16.92688057  20.86472974  -8.33175272   6.0211705    5.77687194
  -0.24245125  -2.85221154   5.92122802  -3.67469304 -28.93274449
  16.09918061  -1.10995294 -21.56115768][ 16.75706168  20.56878136  -4.87202585   7.22522201   6.1409716
  -2.03609099  -2.37955933   1.38456178   0.90584734 -28.22256417
  14.99991244  -1.75870909 -21.8566558 ][ 16.50518579  20.00630613   3.54655846   8.68174537  10.60868805
   0.53815047  -2.6374777   -1.72067396  -5.20913002 -18.97254883
  11.83413679  -3.75825422 -16.63512539][ 16.24791428  19.22991039  11.27389563  12.14614549  12.22127091
   0.69836701   0.86749072  -3.2358083   -5.79687147 -17.65715801
   8.62882043  -4.90489444 -23.55595109][ 15.82687956  16.8575597   15.05291897  10.45449182  14.41899594
   7.43071493   2.98925897  -3.38299554  -9.62251244 -10.93002304
  -0.26446999 -16.0571451  -21.06092976][ 14.92210253  15.11111629  13.40189807   7.63412963  11.89214226
   6.33021657   1.60336825   3.1051344  -12.39598344 -20.14401867
  -5.07306793 -13.49821854 -13.35639854][ 13.03928847   9.03376516  13.56196293   6.97202896   7.53520211
  -3.09612136  -4.47379268   3.63610369  -5.58826849  -9.40082428
 -10.48491639 -11.44765305  -6.32897527]