[ 13.52607841 -16.66017377  -9.98312196  21.45204401   0.34303106
  -9.04132259  -1.5855305   20.30841936 -27.06526345  14.8090354
  -9.78226102  -3.84550525  -1.24715662][ 15.34740549 -29.36179356  -6.52281907  28.80215966  -7.38996299
  -9.35551749  14.31235853   9.04230213 -18.36078143  26.73309089
 -10.7671322   12.68893417  -3.49531118][ 16.36510394 -38.96894423  -5.83609485  33.61430437   2.15041863
   2.03065551   0.25528858  19.9820933  -11.76805623  30.75713822
  -7.81852826  12.13526958   1.31535165][ 17.31869233 -48.01643213  -7.29410344  30.41160181   1.81952308
   0.87104757   0.44229179  15.50987632 -12.49559332  23.60094772
  -5.18037564   8.17853058  -4.45523895][ 18.22120762 -50.92702401  -4.86896512  30.50337446  -4.73913598
  -0.41277524  -6.62723233  16.97244886 -14.71902682  32.84941869
   0.5679258    2.92618198  -5.22476795][ 18.58853856 -33.95258626   2.02651361  15.60890219 -12.65544704
   4.15447168  -5.8000602   11.11275399 -16.58308942  16.85836398
 -10.02779708  -2.41601452   3.82535082][ 18.78225439 -50.17133053  -2.64464941  22.09368486  -6.32446321
   8.97760188  -6.88499484  14.56485659  -9.74932269  20.99097602
   0.58875698  -0.43481131   5.18180454][ 19.02275044 -42.50078444   1.0081351   14.61147422  -8.22066379
   3.3654891  -14.50547073  16.76647987 -12.41808415   1.82811665
  -9.01905533   0.98982615   4.16803354][ 19.29691355 -38.88657915   4.38522864  10.26574096  -8.52384831
   4.86477338 -14.80025599  17.26664505  -9.25006733   2.85298902
  -5.16019332   3.83581529   1.31207582][ 19.86927071 -43.69146818   5.35258259  15.48749932 -10.18506902
   7.51606059 -13.22885637  15.71018668 -12.28246792   7.89754762
  -3.71186277   4.66810323   0.12583187][ 20.15045486 -40.2252984    5.36198886  12.54908527 -15.26976016
   6.32241803 -13.66681054  14.25651259 -17.0253784    5.27453761
  -5.62635563  -2.06692804  -3.75866986][ 20.08544449 -49.8680578    0.43078184  17.86213216  -7.50022509
   8.54278548  -8.15620972   9.63698337 -14.30878732   9.71918546
  -6.78390307  -1.16449494   0.93537175][ 19.87877881 -47.24393423  -0.12610293  16.03650523  -8.91645493
   2.5119574   -7.59714637   7.00921694  -5.7907857    8.33975856
  -8.77720234  -2.51390802  -1.92512562][ 19.63122991 -43.84936872  -1.70618706  12.12757398  -6.75695512
   4.64581393  -7.81871995   2.43952439  -5.76957764  13.34017584
  -6.8551382   -5.70779124  -5.56839988][ 19.23468455 -32.31704655   8.55064027  22.76333756   6.03696159
  13.88678812  -8.92073507   2.0440949   -3.71970273   7.24528605
 -10.11766108  -5.31302203 -11.05766579][ 19.17121932  -6.08199402  -0.3941173    5.57797641  -9.93777768
  -4.98090038 -31.89606963 -12.34808533   0.07483978  15.59229486
 -13.22281582   2.39978663 -15.40589743][ 20.33899082   6.2847876  -13.6206995    9.21371082 -12.77002754
  -3.61926866 -21.56490207 -25.61872328  16.99799973  10.01065607
  -3.19641853   6.27792262 -14.34047071][ 20.74818712   7.01068725 -17.8073406    4.24898898 -13.59041413
  -9.3657257  -21.30290317 -29.41468849  14.87814776   3.87987096
  -4.27742342   0.71799682 -15.92901571][ 20.96996423  10.99009003 -23.09698647   2.50021126  -5.38681682
 -18.94244144 -32.18138116 -27.0818037   22.91433541   7.95682106
   2.10056352  -7.05932625 -16.81690058][ 21.02533705   9.7821087  -23.97248504   2.11414362  -5.00940965
 -15.55440951 -20.94901795 -22.32964716  24.91294701   0.71075899
   4.09081894  -7.35915565  -8.19932258][ 21.04239935   6.82785133 -24.39556638   3.77454069  -7.47375932
 -16.51423923 -21.35131212 -24.18719123  29.58970555   3.4930963
   7.576867    -6.21138893  -7.92377789][ 21.06837315   5.26669191 -27.0233019    2.28530107  -8.14112172
 -17.60478493 -16.35912368 -24.77738546  22.4262884   -0.11193865
  -0.69858589  -6.81829168  -8.28733312][ 21.22983386   2.32643058 -27.67389254   4.20771171 -10.60493466
 -21.2644794  -24.65980035 -25.3168128   27.67517059   2.74398481
  -1.59466224 -10.69086741 -12.54507409][ 21.00919506   3.57510053 -21.89571703   9.31269308  -3.94850565
 -13.47176117 -18.46506797 -16.9495283   28.97671614   9.01658443
   3.21216214  -0.56832184  -7.50060435][ 21.27640054  -1.31047477 -24.78149763   8.259439   -12.28970153
 -15.69961371 -26.81060508 -17.2716869   23.81221746   6.61346783
   2.31888159   3.23414751 -12.48583254][ 21.21713627  -1.05120083 -23.50536175  11.18112051 -10.98214038
 -10.66091101 -26.94202717 -11.13636269  23.44417729   9.8217291
   1.64044282   5.64722932 -10.95082008][ 21.41694919  -3.02731289 -24.44182651  11.5345207  -11.69233332
 -12.00866883 -27.53559465 -15.60246815  21.68868025  11.51847952
   3.39131694   6.02315188 -10.96839981][ 21.10485878  -2.998289   -26.98990603   7.60694586 -17.57765655
 -17.19839071 -26.02377556 -21.35478011  16.13398627   2.56370592
  -3.84982757  -1.86965021 -18.43060125][ 21.02160301  -2.99686246 -20.6645504   15.37939389 -14.7496535
 -14.86236992 -27.43565631 -18.9169098   19.43282909   8.33995006
   3.37621741   4.15626785 -12.94755158][ 20.54777043  -1.9813655  -17.3752754   18.37648768 -15.21507056
 -15.77048691 -30.87817196 -24.53588753  13.92458677   3.95032585
   3.46365805  -3.02834116 -15.77307908][ 19.91761596  -0.29225499 -13.58627969  18.53645245 -17.28758146
 -13.88416277 -25.53613017 -26.8431764   14.94531624  -0.62985427
   5.24049644  -7.10515626 -10.30855294][ 18.80988558  -4.63584543  -7.04243645  10.67153438 -19.49122659
 -14.2873739  -25.48061249 -27.03101866  -0.58767757  -9.17095532
  -4.92340204 -20.92365403 -12.6606324 ][ 17.6890745   -7.76763456   3.94901842  13.61252868  -4.47991128
 -10.24369094 -18.60051376 -12.56103447   3.24337866   9.48041864
  -9.78420115 -12.98666694  -2.33857626][ 17.66245952 -20.2328723    3.9437335   10.4258981    3.47262818
   1.84782192  -9.43013607  -6.04429153   5.78800459  14.52623004
 -10.55360659 -21.81168529 -10.99091018][ 17.92620793 -28.64842601   3.594814     3.75805779  -2.81457977
   2.62466136  -5.72102278  -7.23277335   6.029451    15.83492097
   0.38833403 -14.75787728  -8.08551565][ 18.33671253 -32.30502636   1.14089486   3.74497962 -10.7354203
  -0.39681139  10.82654454   3.01570043  -0.97653274   8.61753395
   1.2175348  -12.88846656   0.54585254][ 18.43775747 -37.0902955   -2.28764925  -0.77973773 -19.80020966
  -9.28332345   7.68348098  -1.7557491   -3.03225505   6.66861386
  -3.90883512 -12.69317434   2.87929805][ 18.70484316 -33.69472521  -0.85117194   4.86157992 -22.74909242
 -11.75311496  10.40402612  -3.33687313  -1.50217797  15.72456982
   5.4915496   -5.6083596    4.25788606][ 18.53549219 -35.37794006  -3.25094891   1.67009153 -25.48195641
 -13.57903064   9.63331981   1.23730398   0.83734729  18.41884415
   5.41959726  -0.0964782    5.41430028][ 18.29131142 -35.70990434  -3.71797041  -0.22451298 -21.52353056
  -9.76664875  14.39698416   8.40021915   3.69410143  14.96858697
   3.67495079   1.96395251   0.58132549][ 18.31075314 -41.60030557  -1.70792081   5.44671888 -18.63738734
  -2.22623545  19.9016889   10.71621545   9.07689368   1.23683843
  -9.09209387  -1.2753162   10.46664049][ 18.1192857  -40.7123288   -0.09712733   2.11569328 -18.24845955
  -1.14997895  12.05447709  10.632709    14.57788486  -8.35716369
  -5.08954498   3.98739102   3.65678183][ 17.72800783 -43.2677467   12.53139776  12.46443526 -11.01951539
   3.81310642   9.34162944   1.75762844  12.81627742  -2.27045361
   6.12737725   4.26605282   1.72734831][ 16.89602044 -40.29038173  13.99908974  13.20561919  -9.85355171
  11.45246061   9.72348217  -4.39289287   9.3830043    1.11540694
  -0.59079904  10.81027076  -0.33821412][ 14.99255568 -28.96824815  13.82792748   9.18322197 -16.4611446
  11.68544297   8.9727507   -4.55399473   9.75868735  -0.58509893
  -3.6287653   11.962713     7.72838317][ 13.30368544 -28.03844364  11.67047014  10.80176577  -5.96328098
   8.19080823  10.05112129   2.01620744  15.65147813  -5.10069203
  -4.39186177   9.47860108   0.42084732][ 12.41885501 -21.02796348  15.35490937  11.20261073   3.08746944
  10.42463208   6.98004775  -1.63220226   9.69599807 -11.66891416
  -5.49438589   1.16514827   4.97771455][ 13.51272308 -28.33997424  17.97688531  19.17964272  -7.31466126
  18.11729412   7.53823655  -4.3468561    9.7489189   -5.83807089
 -11.34809989  -6.93029116  -9.38451981][ 14.63482318 -33.87198217  18.64916375  20.59087173  -4.58389215
  11.44104871  13.18876639  -6.00256464  11.80094284  -8.48545192
  -9.82491579  -8.05507851  -0.14054714][ 16.32919952 -41.58570184  16.7998024   15.71626055  -8.02715502
   9.91084649   8.77396528  -1.71790594   9.22915761   3.00810784
 -10.73924488   1.01976559   5.01821473][ 16.95716203 -46.69635819  13.94521083  20.71459671  -2.25832079
  16.45857253  10.50978339  -1.05815746   6.59156144   0.2116226
  -5.96083467   2.05738496  -2.89180263][ 17.50117551 -44.85681328   7.53703766  16.40337048 -13.61846904
  -0.09354477   5.96898385  -2.8885668    3.87016916   5.08925322
  -2.53423699  -1.96769402   3.53121775][ 1.77731543e+01 -4.64960450e+01  2.17920045e+00  1.36350449e+01
 -1.79455021e+01 -1.54782155e+00  1.33419754e+01 -1.98470872e-01
  6.60101827e+00  5.43061501e+00 -2.94412277e+00  4.10485895e-02
  2.45767561e+00][ 17.76146965 -44.82043962  -0.58280341  16.43499194 -14.91685301
  -6.01647853   6.85996495  -9.0200471    4.93008732   2.40281817
  -1.50716846   2.99895919   1.08346156][ 17.6658408  -42.41159171  -0.72473552  16.90339146 -15.84570154
  -3.82516459  11.25532672   0.3166476    7.95030489   5.91439582
  -2.48951872   3.96781376   7.95722826][ 17.49998092 -37.13218288  -0.70618544  16.43391084 -15.52304871
  -4.09623322  10.18271854  -1.99547133  -0.32686543   5.79447204
  -5.29884883   4.79591043   9.27789701][ 17.29746691 -37.53589334  -5.12308711   7.17731348 -20.19427949
 -10.72837721   1.59867634  -3.60306289  -0.78184021   4.35189495
  -3.75012547   5.16588822  13.25082163][ 16.95325905 -31.21813727   0.19510518  13.64429938 -14.57267274
  -6.5016328    0.99327016  -8.66393614  -9.58203625  -0.16061619
  -9.75251321  -4.83243214   9.22038992][ 16.7346036  -28.37234607  -3.47549108  19.30088007 -10.69182468
  -5.16589767   3.21871214  -4.16237186  -7.72249169   4.85251784
  -8.91281859 -15.17664511  -3.64654678][ 16.18877396 -25.34971205  -8.2892101   22.88601533  -8.92550508
  -7.32692168   3.85811574   3.10604273  -4.50370562   0.47592945
 -18.69782874 -22.95968041 -10.43189441][ 15.16453404 -23.67163667 -10.77263649  22.34054056  -5.685227
 -10.46801748  -3.08494149   7.37541043   5.30160317  -0.0611078
 -22.58202193 -17.52412471  -3.96309096][ 13.91624743 -13.89289869  -9.84167607  23.03451863  -4.8452639
  -7.45745471  -0.70545004  10.81368026   4.07103935   3.51990753
  -3.68588246 -13.68139747  -2.51047812][ 12.88583874 -11.73245539 -11.50098145  16.7138231   -7.9272969
  -2.23016737   2.19499912   3.8083782   15.37718215   8.35838584
   3.85606249  -5.22647285   6.80278896]