[ 15.46691517 -14.05682206 -16.97417352  22.76376093  -8.19160593
  -6.71116133  -6.84262863  16.77195982  -0.56125247  -6.89190051
 -12.87910574  -6.73591269  -5.41819465][ 16.8626274  -23.6528153  -15.50603273  18.98833364  -2.53597107
 -11.22174219  -4.36813988   9.64979827 -11.04479205   1.05341342
 -18.00553367 -11.17786723 -12.84824876][ 17.94047317 -25.59963015 -10.67511965  23.90821686   3.03725731
 -10.40195726  -2.10557653  14.9216617  -14.64470938   3.21108313
  -5.71545678  -4.38470797  -4.40717638][ 18.94622017 -30.4874026  -12.64948548  26.60146946   3.35718624
 -21.58990011 -13.03852907  16.35850688 -13.94768896  -2.0384232
  -2.11002878  -3.52628652 -15.38184126][ 19.44909481 -30.08748081  -9.64954779  23.83699022   2.28540428
 -12.27141456  -1.56748831  16.38183164 -14.62995332  -2.72907405
  -0.29685289   7.09522009  -4.50983391][ 20.0810882  -34.74249089 -10.96270745  19.79657359   2.22228242
 -16.40044526  -6.12302408  15.74386733 -12.22327074   3.06284634
 -10.11398036   4.37661598  -6.68089019][ 20.51901044 -35.99876114  -9.06707827  21.91901197   6.93749669
 -11.30431648  -8.62602819  13.86587644 -18.24577414  -4.87058076
 -13.08946729   6.17366416  -8.78073145][ 20.8328322  -33.7356872   -8.68943991  20.36475626   4.36465648
 -13.83870378 -13.75451144  18.2687327  -11.61064444   0.97458521
  -3.8983525   10.90671146  -7.90429402][ 21.25080132 -38.21800917 -16.06726427  17.58590751   4.92955283
 -17.48642966 -16.10822764  25.27959837  -8.87273852  -3.66107233
   1.00855135   9.74211074 -14.86080676][ 21.68216984 -32.66770441 -14.5301098   20.26917113   5.54331476
 -19.20558331 -12.70273196  26.54917001 -14.34386523  -0.50177367
  -2.35298952   6.39347114 -13.94315769][ 21.87992187 -37.99559587 -18.1894472   21.00632384   5.54167374
 -17.39673977 -15.73249041  29.09202438 -13.39656763   1.32383451
   1.41173469  11.19978918 -10.03123467][ 21.99750666 -39.7924624  -16.5857719   21.16459584   3.95616447
 -16.13522322  -9.58905409  28.49171248 -19.7242602    0.49436881
  -0.24500586   9.69860516 -16.10737879][ 21.96050128 -39.31180758 -14.33647069  21.05095341  -1.45607753
 -16.11501446 -11.47544548  26.18532955 -20.16133533  -3.56991109
  -2.43992807   5.9610738  -18.59469514][ 21.77854459 -38.41276847  -9.84183173  27.24473076  -5.68338422
 -16.14965178  -6.06336495  24.54221518 -15.65912618  -3.03639309
 -14.30200523   3.69434617  -8.79493436][ 21.4017611  -34.01849213  -9.61489082  31.76062773  -2.85278066
  -9.19370011  -3.86661667   9.91396836 -17.10107143   2.78367958
  -8.43556652  -4.52813971  -5.43639039][ 20.79827    -28.16576266 -10.82649608  29.70273184  -4.9328752
  -5.70194215  -4.28249742  13.32240696 -12.90568014   3.61158994
  -8.15136733  -0.73569532  -1.94993831][ 19.61113108  -7.91073388  -2.13642154  22.57073628  -7.17313165
 -21.56864301 -16.21004139   5.62394697 -12.69952719   5.76911115
  -0.90681743 -17.79462279 -16.94388976][ 19.5998506   10.87264448 -11.21962171  14.74647756 -16.71221929
 -25.85106369  -6.99614665  -2.55762087 -10.24365944   9.46468099
 -19.93530066 -13.95330203 -13.70347195][ 20.30512249  18.64379951 -20.85911269  17.58962738 -21.08938055
 -29.31434252  -5.01541991 -11.9430421   -4.36276365   8.01213903
 -25.73347399 -10.79540322 -21.26573074][ 20.37490519  15.28039963 -17.23513367  13.28728779 -18.10285182
 -24.89023771  -3.49881305  -6.35561588   1.33742629   8.24009117
 -19.62852351  -9.21281089 -16.63361225][ 20.41160919  17.18876744 -18.59090894  16.48231608 -19.81307023
 -18.24316888 -10.98099701   2.51275496  -1.63471622  13.22186273
 -22.48165538  -7.72309173 -21.32065866][ 20.59694981  13.17215257 -19.04632681  10.16123719 -20.47430922
 -22.3902001  -15.96671934   2.40508443  -5.53554342  12.39581702
 -22.70341419 -10.98832155 -17.33679775][ 20.47601115  10.88428123 -17.14056119   9.7848089  -17.19124932
 -22.16319007 -20.01257255   4.59331476  -7.70345505  13.04783481
 -24.87687449  -9.99995028 -17.83181287][ 20.49443076  10.42483416 -14.84178955   9.95716654 -14.13382488
 -22.54462895 -18.1356468    1.78817548  -6.73599982  13.25759729
 -22.09593522  -7.82869118 -14.6743591 ][ 20.63155943   9.71378986 -17.06744706  14.18802396 -17.58615125
 -20.49542402 -19.69166162   4.81630765  -3.53384919  15.06699769
 -20.95868257  -3.65448161 -18.48799515][ 20.47042267   8.91650962 -16.79604446  14.8113882  -18.18149674
 -24.45254412 -21.30336824   2.13730364  -4.25017041   8.73500489
 -23.55186169  -2.95096178 -21.29964839][ 20.35779755  10.81915728 -14.14489586  16.60136376 -15.29034162
 -24.78447342 -17.89465973   3.66026899  -2.00588808  10.86877484
 -19.97616725  -2.36212284 -13.01127129][ 20.42332874  10.37641108 -14.44687914  18.96390842 -18.38853616
 -23.53257315 -16.06672929   4.07694123   0.04276414  10.86798576
 -16.84173754   2.32821913 -15.37592242][ 20.24569914   9.36158989 -14.10373636  25.92561261 -22.19731205
 -24.74929891 -16.87665245   0.95099435   2.13185014   3.46835163
 -15.55939875   1.36291039 -14.00275043][ 20.16157947   7.63192552 -12.74030709  27.08474778 -24.66398803
 -25.67081161 -19.67288247  -1.29064416  -2.99588127  -1.13546669
 -17.52930116   5.73772485 -19.56925019][ 20.10900996   8.37615091 -12.32043657  30.1875902  -23.05999298
 -21.78214659 -11.97879701  -2.04106026   0.15253002  -0.35000795
 -14.22088269   7.97159317 -23.91380449][ 19.59359083   7.30067001  -8.34442367  33.10619868 -25.4503002
 -26.21901682 -12.81921021 -10.16761856   0.26512149 -10.25916864
 -15.32348192   0.51199065 -24.83023451][ 19.6799284   -1.64909687   1.85265979  32.34643824 -25.63560352
 -21.32707025 -17.39631128  -0.28355285 -10.87931176  -5.47645467
 -13.01887979  -2.54691952 -18.36917654][ 19.5237087   -6.31791039   5.54913714  30.04603347 -21.21143533
 -15.88515288 -14.47678047  -0.30833261  -8.0993188   -8.17122398
  -7.09282597   2.91014359  -5.75992976][ 20.0105188  -18.84667665   6.72283126  32.45516749 -11.84774713
  -6.49468703  -5.77695578   0.04722483  -2.75409282   5.96319848
   6.04771899   5.97527856   2.99736794][ 20.6068029  -29.42338903   5.4123141   30.19309995 -12.11421258
 -14.12957428  -5.57128709  -3.03663126 -11.16724604   1.59111294
  -3.27647734   3.02589898  -3.26847808][ 20.94696772 -34.277682     2.17027872  27.56148055 -13.97503873
 -11.8756765    3.97007022   3.15456002  -7.79315262  10.36965344
   7.89096099  11.07724279   6.68663393][ 20.84277535 -36.84898772   1.45707624  24.43172073 -11.9632081
 -13.15137337   6.95269228  14.78801778  -3.66814849  15.04210965
  14.6797148    9.81536615   5.36462766][ 21.05547525 -33.57960002  -1.76698965  21.93291915 -10.99054958
  -7.05262309   6.87899728  13.00237067 -11.47952036   2.56928227
   4.50209063  -0.83160275  -0.79514083][ 21.16393452 -40.95616612  -4.39568854  21.64475031 -18.51222323
 -14.49592089   6.19271156  12.96923935 -12.37080784   3.44638752
  -0.46563322   0.61838461  -0.82579269][ 21.16542369 -37.33789671  -0.1158998   23.58997518 -16.60924643
 -18.25381048   8.257888    12.8688223  -16.65159964   5.73604264
  -1.63454541  -0.08051846   0.33809743][ 21.0628513  -35.694653    -2.50154043  22.61520919 -11.65315006
 -10.42329593  10.95095941  10.66765298 -16.32074988   7.87226478
  -1.75607058   0.29745728   3.23996795][ 20.86150318 -41.43793181  -3.37753261  22.36712651 -15.58706524
 -22.49308711   5.17199437  10.70770032  -9.69002558   7.46432428
   3.89649636   5.92225641  -2.97141918][ 20.89568813 -40.699475    -4.41852082  22.64513832 -10.07766128
 -21.75286012   7.73577567   8.11061723 -11.47421936  12.68716727
   9.61435591   3.11181109  -2.27103504][ 20.98128406 -43.53097827  -2.97389559  25.30372201  -9.30285106
 -23.95144384   5.51311606   9.61657744 -12.74981344  12.60174961
  10.4948219    6.18464736   4.94224723][ 21.16865156 -40.33413592  -1.66928003  23.52478795  -9.2676897
 -13.91991233  11.49631769  13.40981806 -16.98520378   9.04122222
  -0.19419424  -2.73015316  -2.01670171][ 21.21520194 -45.19235266  -0.75146767  29.90771533 -11.43439552
 -16.06697543  13.69964804  18.23042141 -22.46794637   1.84782608
  -4.80170025   1.35642009  -8.68657736][ 21.04981392 -49.46074849  -2.47577339  31.3363885   -8.61490339
 -17.60016685   6.94447556  18.46467869 -12.65412331   6.56542292
  -0.36706505   6.45241415  -2.84491603][ 21.03606216 -50.37912666  -3.99290433  27.74632056  -8.16957366
 -12.11952622   7.39928544  13.86773502 -12.68820583   7.36882737
  -4.9252958    5.03020353  -7.02298489][ 20.55020835 -41.57711668   4.83251462  18.67887075 -17.15005092
  -1.13225422   8.38168573   2.23195434 -10.98976336  16.96537136
  -9.7475152    5.19265678  -0.72298925][ 20.01562198 -45.15656967   2.45985647  15.57219728 -18.65647069
  -8.0833565    3.4704193   -0.40428758 -19.39204337  10.21362075
 -17.18980138   2.93375628  -4.79433175][ 18.82860369 -49.70713892   6.89718452  19.65436764 -13.18483396
   6.76133332   6.55128175  -2.41316772  -0.25275059   7.73582462
 -12.25731421   4.64399066  -1.4581601 ][ 18.29196198 -52.6532047    7.71536536  19.15191129 -22.24006953
  -2.08753325   7.75100085  -0.91360421  -7.57573608   4.11594246
 -10.0536565    0.71606883  -4.3639686 ][ 18.26623301 -39.62290137   9.03257926  16.23282724 -20.40261552
   4.061094     6.83263224  -3.46751934  -4.69282049  12.03152103
  -8.9733351    3.3112792   -0.76341692][ 18.2047023  -50.5546575    7.97888977  20.2996062  -19.16947106
  -0.78166622  10.40204283  -4.72646525  -8.18496538  16.12900991
  -7.30198158   3.82182483  -9.43424526][ 18.29785627 -38.70554593   7.96254547  12.18500306 -17.3097817
  -0.64737449   8.4938103   -4.90390108 -10.43351071   9.94587277
 -13.07650768   1.56010868  -4.335926  ][ 18.6163951  -38.11202369   6.510734    13.75337559 -16.05512772
   0.32024142   7.38844485  -4.54521993  -7.01051331  10.1825905
 -12.48227477   2.50404725  -0.04620193][ 19.09318031 -49.52493462   2.44325705  18.73150114 -18.36304977
  -2.28159663   5.8350186   -6.1196943   -8.59843801   9.47811077
  -7.39325063   6.48052764  -2.83136872][ 19.61692976 -36.77706479   0.53748491  17.49048251 -14.12670176
  -3.18154029   3.88772548  -2.92600686  -5.97945819   8.23873399
  -7.5143725    4.19634923  -3.64974208][ 20.20210179 -54.22079829  -6.29958958  25.26218661 -10.89398084
 -12.70833571   6.36411688   6.20522589 -14.33027216   4.03018969
  -9.12740104   4.38382616  -9.88339323][ 20.48014016 -44.38664611  -5.07919635  23.24936609  -6.43978159
  -8.90901766   8.9263787    7.70961123 -16.88536262   0.85432019
  -8.50927285   7.12809067  -1.62992068][ 20.58425958 -45.41908828  -7.657086    20.57175317 -10.41722321
 -17.07057654   4.6893341   10.9592384  -14.38502984   4.82337993
  -5.67970569   2.24531536  -1.62134112][ 20.57092882 -41.86762498  -7.926204    18.99034077 -11.15928168
 -24.01621085   8.01630574  17.65258387 -19.22131649  -0.20696199
  -0.33869013   2.02622401  -7.57038728][ 20.43334329 -44.98285041 -10.52351202  18.14758807 -12.87516739
 -27.74026672  -1.55391256  19.61112047 -16.30227801   1.53999377
  -3.56806988   1.67574677  -5.8387395 ][ 20.11925331 -33.22190118  -2.55433804  19.54928142  -7.14949239
 -15.90453727  -2.68655708  16.41930093 -20.267203     2.21255675
  -6.02729702   5.1576234   -4.41977197][ 19.82743061 -35.82892336  -1.53011536  20.93634032 -13.18516509
 -16.84806308 -11.63256402   9.39353914 -10.23852425   5.84371958
  -4.61863249   8.2456111   -9.93035548][ 19.39055602 -34.96042755  -4.79318575  28.37582002 -10.90252174
 -16.13904854 -12.5424133   14.89576752  -5.7113264   13.4841906
   4.78492869  13.52208818 -14.32778703][ 18.88204328 -30.78263381  -7.69667921  23.27801268  -6.5352776
 -14.40016461  -7.35564572  18.794148   -14.19289798   3.28912964
   6.57546129   9.12006884  -7.52660987][ 18.47561839 -28.44744253  -9.6627989   21.50518486  -3.66731302
 -14.93222511  -2.92723615  23.22568479 -12.2380358   -5.93652581
  -4.53751109   6.15941961 -12.47955917][ 17.98505807 -22.17708477  -9.91724665  19.02107124  -2.98909443
 -14.82776084  -5.19041307  17.79652454 -22.23664347   0.90875463
   0.51765909   5.96023162  -5.73123023][ 17.68552752 -21.565876   -10.82536975  23.32972836  -4.19074589
 -22.99600557  -9.52680777  18.50647021  -7.48435501  -6.60100105
  -6.76409048  12.75741543  -6.87352138][ 17.33951005 -20.34640419 -15.50843935  24.39510387  -4.63978191
 -20.73374739 -18.23426792   9.54724578 -12.0916103   -7.65484102
  -7.49992744  10.81391076  -9.94929386][ 16.61139786 -16.368986   -11.30086711  27.1586297   -9.25547559
 -23.67216687  -7.71465201  14.91809544  -4.00006751 -13.10534606
  -9.21638287  -0.44366401 -13.96424543][ 15.01604252  -9.36334641 -10.61154274  22.73794157  -5.22846531
 -12.99608751  -0.28203365  12.78596395   5.87086763  -0.05545226
 -13.34468332  -4.2965882  -12.59498767]