[ 12.64297436   7.26151044  17.88656647   5.82727399   1.89529411
  -2.21661827  -4.00190039  -4.9879854   -9.97883819 -12.6258525
 -13.08655695 -15.84655057 -12.98234583][ 13.83208355  11.68745105  21.62818161   8.46932499   4.90413991
  -7.59546526  -6.79316916  -5.36759137 -21.86478989 -16.11814833
 -12.8544252  -19.4381061  -10.59746999][ 14.49515197   0.33894568  28.60199651  21.49409159  -8.31111272
  12.83323605 -16.33895891   1.97272258 -16.74873707 -25.10445217
  -8.72748867 -22.31945911  -6.8758486 ][ 14.45086415   2.64323304  25.72050076  18.00763159  -8.37973822
  13.59879966 -17.28756432   0.68057537 -15.10977268 -21.71624603
  -3.2250697  -15.9495514    1.15797679][ 14.37773675   3.44127446  22.09346166  23.31718774  -0.74252218
  12.12425135 -18.3513463   -3.21474521 -14.02036224 -20.03559215
   2.1687629  -13.60551865  -7.53245548][ 13.92991468   8.93947365  23.33806497  20.5430585   11.58335296
 -12.39360498  -4.08025041   1.06953662 -12.17665751 -24.36769789
  -9.23867498  -7.2357078   -6.7554348 ][ 13.74705559   6.08259073  20.33852689  22.0344177   11.382634
  -1.6802211   -4.72510856  -8.40097535 -10.64657384 -18.01205124
  -5.68665465  -4.40011305  -9.7194961 ][ 16.78823576 -16.65108847  -1.48239925  16.22206561  -9.17419746
   9.36062178  13.73575352  -6.68976811  -2.00313858  -1.50893646
  -7.17893503  -7.3884339   -4.94351074][ 18.47002131 -27.11446646   1.55914129  17.94295454 -14.19500793
   0.9347812    9.43671654  -6.61632057 -11.92129741  -6.35578258
  -6.16271931 -10.57630822 -14.26660927][ 19.69319345 -35.59230156   7.68897357  36.69066781  -8.06856748
   6.94211223  20.26654596  13.02039953 -15.24654928 -10.18886399
  -8.27385228 -15.90355684  -5.84789811][ 20.08877595 -28.18819394   9.9152739   36.99401606  -9.39453946
  -4.67905167   1.79854692   0.98375084 -18.84238095  -9.20643009
  -5.34395144 -10.50558647  -4.41542884][ 20.04597734 -19.67069535  15.96688503  40.00784993  -9.39976227
 -13.47367395  -6.90021594   2.19039459 -20.08619394 -13.30660348
  -5.16600672  -1.36456693   2.77553218][ 19.68214375 -10.97699925   8.48108272  29.65583944  -9.84899003
 -29.97067557 -25.05677028  -6.5218685  -20.11834136 -15.75204335
 -24.65323271  -9.54061497 -11.18528678][ 19.83302251   1.86947      5.144466    37.47068496  -6.70471412
 -29.55729265 -19.63334441   5.72947905 -10.3645428  -11.63888533
 -10.56863961   5.85213389  -4.00285794][ 20.3392598    8.24602127  -2.99117972  40.08319783 -11.14488991
 -36.64278232 -12.85833818  -0.80670586  -7.65607939  -8.40953515
  -7.92706949   2.15709849   7.51680231][ 20.59253812   8.89313732  -7.31346073  35.8059186  -15.5142444
 -39.0430032  -15.11215952  -3.63219936 -14.86581936  -4.90488033
 -17.67526681  -1.55020754  -0.09689408][ 20.66822325   9.19001339  -9.13359676  33.73015256 -14.19873261
 -40.10269285 -17.3556997   -7.74354619 -19.07880156  -1.05019372
 -16.80780429   9.2671302    6.46101164][ 2.07133120e+01  8.29775850e+00 -7.24962136e+00  3.02886322e+01
 -1.57612949e+01 -4.34781588e+01 -1.76037687e+01 -5.11063437e+00
 -1.20837416e+01 -9.56187689e+00 -1.81767746e+01  2.34582301e+00
 -7.94797856e-03][ 20.76094243  10.07320274  -5.31781959  32.67169244  -8.65297298
 -38.51211884 -11.72783189   3.22851158  -9.33098113   0.81595173
  -9.42554881  17.53860712   9.85347345][ 20.77637249  10.78545993  -6.45228199  32.01763588 -12.14130872
 -40.81942113 -14.99475146   2.51559625  -7.69823988   1.4907052
 -10.80183601  16.67010775   5.98583579][ 20.68793213  12.1859217  -11.96862544  27.21709495 -17.6998883
 -33.42863846 -17.41318296  -3.57380602 -18.17758198  -1.67693265
 -14.43930672  13.96466314  -3.72748137][ 20.62791904  12.484526    -8.74392271  33.05419061 -16.19589095
 -40.74634287 -21.33894322  -1.0625572   -7.97454068   1.22585978
 -16.00867382  13.65874231   4.6302206 ][ 20.26009334  13.14187099  -6.90197486  30.18708931 -11.41134794
 -38.54968788 -20.66418819  -1.96829868  -6.91549715  -2.74311419
 -16.51048637  13.10302774  -0.60458622][ 19.93919075  11.98946866 -12.4627007   29.33730245 -14.40093587
 -41.15862034 -34.71895692  -8.33751417  -8.40758574 -11.86207996
 -15.48093314   6.08032439  -9.4373109 ][ 18.99794912  10.29511002 -12.26296052  24.71921975  -9.20117078
 -36.79277213 -33.1833141   -3.57548909  -7.03942757 -20.51977591
 -16.84917033   4.50720745 -11.03205768][ 17.46109489  11.12119066  -6.69757708  29.36569432   4.87797073
 -29.92048305 -30.36663985  -2.97924212   4.48546681  -8.37967518
  -6.37940596   8.63962603  -5.13839668][ 16.30646259   4.73073864  -1.31959994  30.93859239  13.27263492
 -10.01813014 -27.83249823  -2.71072554   5.52980891  -9.91250713
   1.07259379  13.76821793  -2.9715871 ][ 15.42299963  -3.63601483   6.42594861  30.40727305   6.31822922
  -9.48763738 -26.34543728  -3.91857173 -11.54420853 -18.78205886
  -1.65861843   0.04131975  -4.62114778][ 15.69940759  -1.12857774   8.36361736  23.30273396   1.52104802
  -1.42338776 -13.85754786  13.02329778 -11.9643596  -12.83861316
  -2.84711139   1.40335109   1.81009277][ 16.78514902   1.89754304   7.51276892  27.0116373   -2.46982963
  -9.85989756 -18.26283308  22.30761509 -12.71496934 -10.92468676
  -0.06225526   4.77296246  -2.02804146][ 17.70533064   7.76273092  -1.72754718  25.33683794   0.2842485
  -3.16146618 -15.37870644  10.26487669 -10.46203865  -6.86531652
   0.21426756   5.90054607  -2.72529233][ 18.40058186  10.30177214  -5.37691425  36.27334488 -11.97080894
 -28.77382097 -18.24057277   5.68598475   0.98322124 -20.26325649
 -13.2723129    1.73624775 -13.22742337][ 18.78778843   8.68097498  -5.90185843  31.23285466 -12.95130098
 -38.42745184 -12.1819066    1.59362276   2.33038608 -27.91434998
 -16.91897727  -5.95345391 -16.64839056][ 18.98377338   7.66082975  -5.24245609  29.46411198  -9.90197251
 -32.41859082  -7.69121751   5.13478944  -3.6580782  -18.97325837
 -16.39876763  -2.46876893 -14.12040671][ 19.0475526    6.3893616   -4.7120395   33.53667919 -10.57203437
 -31.01602546  -6.12245265   5.24041294  -3.79446276 -15.88984475
 -14.97093878   0.24668089 -13.97395635][ 19.01796941   3.59178033  -5.00260781  37.68956199  -8.6875145
 -26.04442272  -2.65879532  13.53450948  -3.54722054 -17.72652878
 -17.70565008  -3.1589855  -14.71286023][ 18.74967001   5.4334538   -6.4026625   40.29340916  -9.97159707
 -22.92548556  -4.93587778  10.44608061  -4.62670324 -24.99122129
 -13.31362549  -2.44833678 -20.30051508][ 18.55258375   6.67688281  -7.76578363  38.05616839  -9.15867521
 -15.63575226  -3.28664172   9.53009687  -5.79126034 -21.18577285
 -12.50192416  -5.10742678 -20.54519766][ 18.31720416   5.18871173  -1.26972595  37.23394537 -10.80025046
 -24.62437717  -3.61894905   4.93114374  -1.35543688 -29.40521136
 -12.88080892  -4.11729113 -19.53832889][ 18.18220031   5.04169279  -1.35628853  38.24959188  -8.45642255
 -23.54525524  -1.81066109   7.94593653  -2.70887979 -34.01467477
 -16.1704821   -7.85388577 -18.73701447][ 17.84784478   7.60619739  -5.54191096  34.38297574  -6.55263827
  -6.97201584  -8.51497167   3.96569001  -7.91246111 -28.51835773
 -13.75952067 -10.21715827 -18.09388033][ 17.30038391  12.23103176   2.32162059  35.50775737  -2.68176181
 -16.72949524   2.46131067   6.93408244  -8.22779254 -31.64962417
 -15.6414884   -1.91525375 -18.61447964][ 16.94292759  14.84100814   4.52945486  29.05954852  -0.1804159
 -10.3244558    1.89583859   3.06059318 -15.06576389 -33.93904324
  -6.72090736  -7.31922344 -17.34367784][ 16.60243449  18.11356955   6.21432518  21.9532145   -2.98653289
 -10.2251348   -4.32655391  -0.87977831  -7.9159828  -25.49397365
  -2.708503   -17.05249841 -13.61800501][ 16.3750629   19.26209942  11.56039934  18.66489787   6.20102229
  -4.31207974   9.50708294  -7.7926631  -22.91398049 -16.87270337
  -8.30883942 -16.52701289  -5.68994239][ 16.26446295  18.46416396  12.60205235  16.65394463   4.71444902
  -1.75610124   5.61282513  -7.51872375 -22.19895371 -13.35040615
 -10.61450031 -16.9048021   -1.35673168][ 16.03883941  18.19514691  13.59813916  17.27259997   4.63778141
  -5.02769005  -1.03519117  -8.26513855 -24.25717345 -13.54441014
 -12.35033837 -17.42111867  -1.54829179][ 15.9131204   17.76836483  15.70487097  17.22737316   6.77766287
  -4.6956127    2.3693725   -2.05086642 -23.6764179  -20.51354179
 -21.20569425 -17.1406175   -2.01501482][ 15.66823105  17.36939202  18.27858156  15.33177996   5.91504336
  -3.58031138   6.18583487  -0.13809091 -19.2744562  -26.66593682
 -21.26146358 -13.63253417  -4.03358067][ 15.2611911   18.40162303  21.22760318  15.71423593   7.49635587
  -0.18393018  11.6468325    4.01511824 -14.32150013 -27.55536552
 -19.41619689  -4.97920795  -1.8129356 ][ 1.46088451e+01  1.58976335e+01  1.69859982e+01  1.35737701e+01
  7.99635665e+00  5.08296213e+00  4.72814721e+00 -7.32531725e+00
 -1.67193175e+01 -2.07059481e+01 -1.06276352e+01  3.14113019e-01
 -5.84106893e-03][ 13.8117607    8.11957069  17.29779293  20.87984094   1.90158311
  13.59465399   6.91095516  -1.16169194  -4.70443566 -23.45367208
  -2.61796325   4.87511708  -4.20996072][15.54196762 -6.38916409 -4.82984723 32.97035978 -8.74093297 12.86137874
  8.06637625 -3.5772797  -5.01288088 -5.18287336 -2.36122263 -6.02890504
 -1.31369198][ 16.52922083 -19.89396747   2.41318632  22.99329115  -7.09796363
   4.96658833  11.68957269  -4.55345691  -3.3615065    2.48467764
   0.16709226   3.73781736  -2.72399506][ 1.74311026e+01 -2.99912926e+01 -4.85758962e+00  1.96613132e+01
 -1.12569871e+01 -3.59156362e+00  1.18471817e+01 -2.83264905e-02
 -4.12273692e+00  3.14418995e+00  7.68896867e+00 -1.74867379e+00
 -8.18954811e+00][ 18.01734756 -42.62717863  -6.36317688  24.16356781 -12.95091645
 -14.15615655   4.5552298   12.15361897   0.7973683   -4.46767788
   2.08265666   0.89853888  -5.76118621][ 18.43340599 -38.74675487  -8.84523239  23.82244213  -8.62651555
 -14.08154296  -4.15347012  11.98670326   2.94396999  -9.91730153
   3.05026981   7.53749263  -5.98228882][ 18.50245385 -43.31458836 -14.70830447  16.66471851 -10.35502805
 -11.77328961  -2.22126082  16.63262867   7.84859471  -6.1414881
   2.44545204   8.63635855  -9.78330589][ 18.51959625 -38.75733065 -12.18009821  17.36653949  -8.64549407
 -10.13478749  -5.35288661  11.49385653   4.10477324  -7.63924599
   0.5586615   10.2378121  -10.20350599][ 18.70477902 -29.50600273  -8.79943583  16.72479582  -6.6887618
  -6.69212683  -7.26967844   6.77634421  -1.16942924  -7.3856647
  -1.88982359  11.59121921 -10.57347472][ 19.00375489 -38.37464189  -7.72179414  28.02398775  -4.5184463
 -17.92531704 -16.12702277   8.61295283  -1.25946986 -10.83174193
  -4.70991946   8.73645059 -10.14099163][ 19.08710803 -34.11983588  -6.91228386  25.34255406  -8.48482653
 -16.6989975   -5.58715192  10.69491843   0.91267798 -11.19790221
   0.42122934   5.58877237 -13.26812606][ 18.7693383  -31.757913    -5.9900222   25.11398488  -4.73177568
 -15.93069344  -4.1401307   11.99396027   0.13944935  -9.21892333
   0.74107196  11.36493426  -3.49275871][ 1.84852279e+01 -3.19373248e+01 -8.69227035e+00  2.44514725e+01
 -6.15599815e+00 -1.61715640e+01 -6.62993504e+00  1.09270188e+01
  3.63116634e+00 -4.48521896e+00  2.79814786e+00  1.22720533e+01
  2.78772581e-02][ 18.66462225 -26.19870177  -8.70934409  29.31729459  -2.73563361
 -14.57472044  -5.93061592  12.66241859  -3.89611466 -11.1755969
   0.37513157   4.24065728 -11.1694836 ][ 1.87827575e+01 -2.69732767e+01 -1.37543367e+01  3.06845024e+01
  7.86300212e-01 -1.46130069e+01 -1.10871304e+01  1.64833878e+01
 -2.67099159e+00 -1.19292153e+01 -5.49843639e+00  1.96835975e-02
 -1.73974535e+01][ 18.78216819 -23.68624195 -14.45770104  29.13156154   1.53625836
 -17.87307881 -15.18543813  19.55349022  -3.80645699 -10.96859507
   1.90288261   6.09617064 -10.91947184][ 18.36171568 -22.34200012 -15.07132247  24.60385579  -0.92972764
 -17.42295314 -15.71606993  22.23352855   0.89443638  -7.45399203
   2.95281465   5.08462585  -7.43972454][ 17.70827215 -21.81702581 -15.75023344  20.31215681  -2.55587583
 -16.90854274 -21.65750811  10.06462676  -0.31895646 -13.49120456
  -3.76935611   1.17114573 -10.68420871][ 17.26630463 -20.49645283 -17.05329939  24.16074289  -3.20295231
 -13.19167146 -26.33425027  10.00497563   2.47499135 -12.94759751
  -7.78867942   0.87521925  -0.2909449 ][ 16.88920824 -19.43956172 -21.65137182  20.27022831  -2.68563228
  -6.39706643 -15.96663607  21.11332403  12.88473752  -6.79431778
  -4.75283836   1.29797458  -2.49043785][ 16.04693092 -15.72255823 -18.97782812  24.40818637   1.52280118
 -15.31708931 -15.41160783  22.52698674   6.55318185 -11.00086114
 -14.99933932   4.52094496   2.39121275][ 14.27855624  -9.42651396 -13.24726099  24.00053002   0.35694083
 -16.12137423 -16.01020839  14.29884748  14.65945027 -14.73479152
 -19.53229483   5.3309706    3.67528156]