[ 12.69418409   1.71089818  28.79802443  23.75461864  20.6881215
  13.41256027   1.77447826  -3.75748803  -7.56524529 -14.21446652
  -4.38683395 -10.11907665  -6.15973275][ 14.8138627   13.56261918  19.42135136  18.87132473   7.08948115
 -13.21841143  -1.65892809  -2.61359112 -29.99067813 -28.11852113
  -1.81620977 -21.20430934 -31.56375171][ 15.67503463  17.01847263  20.3256633   19.63761199  20.38299569
  -5.03666254   2.2543496   -0.26122293 -26.23369983 -26.63206445
  -0.27998199 -13.41848241 -27.77914154][ 16.16394439  19.62156122  14.12598066  15.49902479  11.5115607
  -8.68304504  -5.64774237   1.75483841 -18.16330788 -17.89208496
  -6.94840027 -16.27626001 -22.64982247][ 16.31756216  19.4950586   16.67710082  13.41323063  12.46224579
 -10.6430679  -12.60793401  -3.30356924 -33.63961899 -33.27083843
 -14.55407899 -10.33378387 -31.46549254][ 15.98663277  17.91783701  18.48757045  13.70213874  13.83236927
 -10.28674678 -18.21942356 -10.33534342 -32.93471676 -30.40575512
 -14.27687906 -11.91065792 -25.77778247][ 15.43675621  16.26670652  23.55143256  17.28968657  13.65954691
  -0.21720643 -10.09202306 -15.98714839 -29.47792222 -23.8194801
  -9.75171196  -7.86990791 -14.26661085][ 15.0358417   16.58169693  25.61613214  22.8458174   15.71884681
  -5.64432219  -7.8315558   -7.94884937 -13.55845731 -16.97016226
  -7.72544007  -6.66775374 -15.32164932][ 17.3480116   -9.83591473  -6.00186425  11.71935667  -7.45632804
  17.30648132 -11.91880783  10.08928308   3.33382061  -5.6651909
 -27.88408956  -8.88158561  -5.43241898][ 18.767273   -14.90247327   6.13439969   0.29167403  -4.06268071
  11.78808894 -16.79561762   6.47595943  -0.33826694  -1.73058285
 -18.79436717  -1.33277612  -0.85999761][ 19.15980818  -8.73584396  13.01441748   6.54727106  -2.34172955
  11.18379219 -15.11034515   8.61727468  -0.60392154   4.06086025
  -8.03407339   2.10578992   3.10192314][ 18.91983706  -1.53947195  18.45929726   0.9778764   -7.33500858
   3.96974914 -19.60574023  -1.49023483 -11.62123105  -1.13123386
  -2.50532653  -6.79808069  -9.77895469][ 18.5070082    6.66674916  12.00048427   5.91721645 -10.90531608
   6.08287531 -14.90003991   0.37192424 -21.62777888   6.46039471
  -0.44854032  -4.9139561   -4.39928168][ 18.37810086   4.17269092  14.02857858   4.56997485 -11.54247559
  10.70406628 -16.23592569  -4.3277917  -11.62086705  -0.16911009
   3.65970518   2.08576951 -11.27066901][ 18.0093808    1.74800148  11.48863397   4.26686712 -11.82832674
  14.11576504 -12.3344547   -3.058092    -6.45905779  -5.56519276
   2.14455768   4.25094923 -12.54901784][ 17.13946436  -4.52660272   9.52660229   7.99391772  -4.87797531
  10.83072069 -12.78706081  -5.76512396  -5.22718147  -6.5075605
  -3.02545557  -1.16977699 -15.83961434][ 16.97083288  -6.34415475  10.2694444    7.36156532  -3.93798025
   9.42618222  -9.09253726  -2.99432325  -2.81533752  -1.72312779
 -10.23513441  -6.10533861 -10.5458997 ][ 17.04830461  -9.1985474   13.12288688   2.81589038   2.07939812
   5.13084514  -7.11968704   0.39948219  -5.89814922  -0.72669641
 -13.21204678  -5.32508317  -5.2039455 ][17.34604768 -6.23834728 18.98554974  1.33240986  1.21038077  5.84792502
 -2.30066785  3.94812382 -4.73861263  7.77415112 -1.45599249 -0.2972082
 -5.30795645][ 17.60383414  -4.17896337  20.16961442  -0.35410885   1.89179305
   5.75428557  -6.91489536   1.23734114 -16.42844989  -4.13035452
  -5.86774647  -5.38051866  -5.50936475][ 17.84255745   2.4166908   18.59287716  -2.37639752  -0.84725889
   6.20126752  -2.45245218   5.24724392 -17.16018366  -1.5217356
  -3.72912734  -1.65883883  -5.69259027][ 18.9931027   11.3818505    6.19826506  -6.10853634 -10.04089909
  -3.40617628  -3.11078931   1.6641419  -10.97243859  -1.15442609
  -2.95821635  -4.46785474 -14.69000364][ 19.9345537   20.68124082   1.23753206 -11.34045051 -19.98113066
  -7.1668482   -6.26554261   9.95744351  -7.72438009   2.94224061
  -2.43485214   4.91068211 -22.23940928][ 20.36362463  18.98846081  -2.80654683 -14.78821262 -26.67252979
  -7.58884973  -9.45191886   6.74051753  -8.34385419  -4.99271875
  -7.36938091   2.38106188 -30.25764133][ 20.82527072  18.80363188  -6.83019676 -17.31264655 -29.66581042
  -5.21487084 -11.41188841  10.77618766 -17.80854426  -4.35805854
 -10.85726501   5.41553947 -29.43145471][ 20.84064746  16.79231109  -6.57388581 -15.72510297 -26.69079471
   1.59263785  -5.65168758  13.85881032 -12.16275491  -3.83945145
  -8.10979491   3.97006716 -31.7102268 ][ 20.83691938  14.73514017 -11.36121879 -17.66719568 -30.83088575
   3.21338713  -9.02077385  10.57832171 -18.92110515 -11.52359368
 -12.2775821   -4.32246534 -32.24777148][ 21.04488228  14.18486738 -15.79290354 -16.9726363  -36.25723917
   4.09734105  -6.58648703  10.7592199  -24.69820669 -10.53124139
 -12.73587227  -4.9074901  -33.31215596][ 20.77704945  13.89894185 -14.08244893 -14.24918164 -31.18675288
   9.19855862  -1.7576416   15.22867291 -23.64640541  -6.55784279
 -12.56045872  -3.7916821  -28.4106274 ][ 20.70635807  13.33685294 -14.95438406 -14.19806983 -30.51940207
  10.178496    -3.22033177  14.62506346 -23.18306457  -8.85914057
 -11.97080731  -5.01919561 -27.93442805][ 20.83721302  12.61351589 -15.13054363 -16.87138981 -28.12551928
   7.67106282   1.57793963  12.87531365 -20.50020554  -9.86970949
  -7.31652165  -5.81747483 -25.27215713][ 20.50130207  13.75554529 -18.4786784  -12.80689847 -30.22830433
   8.6223787   -1.11162502  11.86627848 -27.57346626  -7.37695007
 -13.78471454  -5.79214394 -33.16481282][ 20.38320253  14.71570943 -17.96892804 -10.32169064 -27.95464726
  11.85273231   0.85712142  15.53986827 -28.02190362   0.44281748
 -12.72535036  -2.51978655 -30.67218772][ 20.30166702  14.71324498 -16.08229989 -11.92798863 -22.7433447
  11.79923748   4.59592528  15.18097226 -23.58600773   1.33114681
  -9.56633258  -3.94427342 -28.95105819][ 20.11099112  12.57474936 -15.24730382 -10.53172809 -23.39433252
  12.72704858   4.00169525   8.88751091 -22.98956641  -2.72414923
  -7.85637159  -6.16025576 -26.23168129][ 19.91846258  10.68255329 -16.51965409 -11.95814048 -25.20368865
  15.04864305  -1.03560399   7.38321749 -27.6313      -4.64628632
 -14.11643339  -8.67120083 -28.87017436][ 19.80742048  10.66401154 -14.38345623 -10.17203833 -22.08126022
  17.81492427   3.04993108   7.35574224 -22.95770729  -2.60247092
  -9.34821708  -6.6153793  -24.94816649][ 19.62214464  10.96251441 -15.85169909  -9.05336321 -23.71197775
  19.27973677   2.11252975   5.46815877 -19.98704201  -1.82079225
 -12.84836893  -5.24787126 -28.41318307][ 19.30944     11.12323491 -12.8326507   -7.65518132 -17.36304297
  19.61186144   4.05918311   1.83116044 -16.68282625  -2.47041902
 -11.66797831  -4.57796288 -26.99611281][ 19.05909217  10.30089325 -12.67136058  -6.26505395 -20.23191454
  20.090631     7.69310039  -3.02583131 -24.09119682   1.15719654
 -18.60146302  -7.30634475 -32.16957128][ 19.01440702   9.17170291 -12.04103372  -5.17010571 -20.33490635
  28.26406603   5.27543338  -6.21877604 -21.11794202   3.41782059
 -19.70963107  -5.41163465 -33.93276704][ 18.83386031   9.27207638 -11.79094223  -5.27027248 -16.05365154
  32.60895273   3.1566708   -5.57504376 -17.56342172   7.07011114
 -19.56834226  -3.25582107 -31.39616524][ 18.53942462   9.12058208  -9.8106032   -5.00464879 -10.85487465
  32.82563139   8.50129727  -5.60872356 -15.87281457   8.71624032
 -16.85896458  -3.11574946 -26.68107679][ 17.89973549  10.38220385  -9.93885802  -3.02259736  -6.15829536
  27.39301549  10.92889558  -9.5645574  -16.43832944  11.67974316
 -18.71861399   3.25574931 -26.08871307][ 17.20932361   6.89627641 -10.65815809  -0.04688463  -1.94709853
  33.35596188  16.53051293  -3.56809017  -8.72681714  11.95908421
 -19.65430898   3.34042986 -23.40947472][ 15.9055987    2.48208302  -7.75683542  11.23265311  14.97237561
  42.96558656  20.78034162  -2.46501678  -8.33076211  10.7435639
 -18.67233402   1.46077726 -16.17278689][ 15.54843485   2.83474526  -9.44683573   9.9067208   13.00238286
  39.8014449   19.59106516  -1.24569926  -5.9999302   10.48941879
 -14.63879217  -5.70780389 -18.95220553][ 15.02819586   6.34956792  -7.24650397   8.93642616   5.39904434
  19.7164012   11.77073242  -8.55028795  -8.77175391   4.98011786
 -15.75538025  -5.90250443 -11.56911441][ 14.22823522   4.23405106  -8.4751896    1.35743184  -2.50021873
  11.37520119   7.6630049  -18.50041048 -10.87805646 -10.60640625
 -23.90918668   1.16233973 -10.61328117]