[ 14.83140792   6.47467316  21.44148511  13.49447637  -8.11047687
   0.67488264   1.38023381 -17.22872781  -4.57664133 -15.29988685
  -6.63154146  -1.86389637 -19.83978205][ 16.9905095    4.91840335  15.49609471  49.05583588  -7.86785249
 -29.91650809  -1.89111143 -18.45311203  -7.45918378  -5.37044099
 -25.51789834   2.92910621 -11.96590099][ 17.87290448   8.18131919  10.43436982  44.87082428  -9.53799451
 -25.72933619   3.64158558 -20.52187789 -12.07962727  -2.78519332
 -24.57084721   6.49569713  -7.35772547][ 18.05556801   5.95409148  13.46164778  44.55499666 -12.8752585
 -25.5673442    1.90996015 -23.50501656 -12.36107611  -3.81440728
 -28.38071148   4.13024422  -3.61203217][ 18.38017695   6.43200019  10.86136456  39.65006993 -16.66542302
 -26.09843154   3.70238285 -18.92848158 -14.31377328  -3.08022464
 -21.04011665   3.68643484  -8.57417095][ 18.449675     5.86413877   9.08565948  41.38078332 -17.40997383
 -29.41310123   1.62423574 -20.00646751 -19.24564345  -9.43021238
 -27.60709592  11.46270984  -6.15888362][ 18.70858701   4.57072031   5.61971457  36.99890573 -18.44359143
 -26.41411678   2.29285887 -19.51509855 -17.31912269  -4.49400249
 -27.33183745   2.05836202 -11.92791621][ 18.92896914   5.95806412   7.17634329  41.20283752 -17.94328788
 -32.60774738   4.95612305 -20.26064499 -17.95621502  -8.11923433
 -26.20817587  15.75756273  -4.57199996][ 19.05277993   8.3168317    1.10815761  39.62974187 -11.36623238
 -18.24411973   0.14474472 -21.45002576 -20.76614307  -3.88817483
 -22.07744476   9.68741915  -0.27312544][ 19.44884052   6.92007591   3.43197087  36.82477411 -22.16768161
 -36.69491127  -3.43581617 -17.77334789 -22.88000742  -6.04228706
 -27.62400786   9.17422706  -6.3161376 ][ 19.58966262   9.41775616   2.19229698  36.55796898 -16.08727844
 -33.50448521  -0.58983374 -16.67663868 -21.91091306  -3.47718314
 -17.35049679  12.75007611  -4.39307827][ 20.07874908  10.76062782  -5.50031694  38.03468005 -21.8101166
 -48.23426268  -7.12348369 -19.06328547 -19.02247165 -11.31169697
 -19.41384952   9.16716902  -7.02000527][ 20.27542957  13.34243442  -8.47843042  37.94559452 -21.50105578
 -51.93579244  -5.31451909 -18.25721772  -9.15691675 -14.51442066
 -11.32499144   8.78525446  -5.17781294][ 2.07971247e+01  4.78979167e+00 -4.20808904e+00  2.73735866e+01
 -1.55735450e+01 -4.74527278e+01 -2.48070717e+01 -4.28484464e-05
 -1.52271178e+01 -2.33674324e+00 -1.46033351e+01  1.39852702e+00
 -1.48446603e+00][ 20.77101867   5.78502011  -7.08213515  24.02824623 -14.22293102
 -42.37408946 -21.54286218   2.88936989 -14.19606942   1.85816835
 -13.65604191   5.42690279  -3.05181911][ 20.84977355   6.33024583  -7.49945022  24.11621823 -13.56641474
 -39.77881901 -19.68473507   8.20470392  -8.39433179   1.83244239
 -22.48315735   1.50757852  -0.66342474][ 20.71269993  13.47718821 -16.5794572   31.0665755  -20.07788016
 -34.14443341 -18.26663588   6.42851144  -3.64873923   7.04286658
 -24.08929278   9.61473727  -7.92135241][ 20.52589511  13.09117248 -13.35387265  28.58921409 -16.36982899
 -32.17627157 -18.2433568    8.12022284  -3.06246261   7.06854246
 -24.5882289    7.49108838  -7.18847442][ 20.62711485  10.48821177 -13.80625348  21.54675609 -17.26332325
 -38.12597817 -24.53866407   2.87690894  -8.75730494   8.22298809
 -28.41841461   1.99375397 -10.28636955][ 20.26801389  11.47123125 -11.14464894  19.74102947 -12.93537544
 -34.49553884 -25.92939548   1.29380575 -16.33431766   9.95838953
 -31.19330992   3.06253644  -8.85501413][ 19.9901217   14.10288261  -8.34829314  22.45213499  -7.14156188
 -31.82348229 -27.01780209   2.52971469 -20.15490382  14.77604658
 -33.13024582   2.19661389  -2.86915509][ 18.94905083  11.84226958  -2.32316669  17.35875338  -2.13657651
 -33.66114662 -26.24673041  -1.71616591 -23.04900887   6.87664531
 -35.53653306   2.02007446  -8.92635075][ 16.90162891  13.59745121   4.56640105  17.01842678   2.11823223
 -13.24581945 -11.84115356   0.97654651  -8.31071764   2.02771751
 -14.44876908  -4.20976513  -9.97884484][ 15.8376952   16.38431909  14.41324799  17.98708683  15.14972559
 -11.57411102 -13.13273107  -7.90252429 -13.33740649 -12.41929108
 -24.28580881 -17.37055547  -7.79280979][ 15.7339489   17.20479892  15.49333584  18.37467277  10.0621739
  -9.65149301  -9.14878183  -3.57764175 -14.3054949  -13.04293822
 -14.22739307  -9.32659891  -4.73514485][ 15.57805619  15.08862515  22.52893598  24.60216587  16.6379718
  -6.22111182 -11.45538103  -3.45084942 -14.47436849 -13.01313499
 -21.47117258 -12.49331083  -0.88544255][ 15.46743858  13.33878974  21.74391871  20.5831092   14.09289651
 -11.00318143 -13.46026878  -8.88820363 -16.7306913  -18.73700789
 -23.65654104 -19.63642873  -8.06712018][ 15.14449798  10.28821841  24.56691215  25.29889007  14.63407788
 -16.27163835 -17.59557091 -15.99917145 -15.36321977 -24.81260924
 -21.51633757 -17.32417847 -10.81174228][ 17.71226629 -10.19710854  -3.66686867  14.92287618 -13.6466151
  -2.20892413  -3.67864257   9.66708123 -12.61760891 -23.91103225
  -7.71969853 -13.36491526   6.50642188][ 18.68889824  -7.76124162   3.37267821   9.18996584 -19.77253835
  -6.96633297  -8.4806224   14.99693376  -7.57981062   9.92423284
  -6.01293181  -1.93934248   3.83304748][ 19.30408841  -0.70546446   5.71340566  17.10052598 -11.32730445
 -11.94617348 -18.91226198   9.28212234  -8.50272006  12.04091883
  -7.4729987   -3.10738557  10.21723865][ 19.65422338  11.77439144  -3.70494097  21.32791903  -2.12712766
 -26.7210227  -18.21134949  -0.40311343  -9.32787086  18.91162076
  -9.70190732  -4.38072121  -1.43354064][ 20.14179803  12.53933467 -12.33141709  18.57221231 -10.1854046
 -35.99888404 -23.16531391  -5.93843397 -19.36437365  13.8755257
 -26.53813941  -4.68271756 -12.18004675][ 20.28831551  11.14853063 -11.05755019  20.42302762 -15.19056613
 -24.75871691 -25.90520828   1.01475206 -11.33210062  21.54728375
 -22.1774184   -3.53902671 -11.64420235][ 20.11689167  10.86953209 -12.49610924  19.64878149 -17.44947303
 -21.75862739 -26.56130424   4.2727786  -12.8002885   20.90625714
 -26.52177884  -7.00353449 -15.66357631][ 19.90797405  12.57101339 -10.41707074  18.96517623  -9.20843511
 -23.34216326 -18.43534667   7.38028353  -9.86088512  27.7079984
 -32.33286339  -2.61906025 -16.16986222][ 19.70568501  10.50529422 -10.26503075  16.94408296  -7.8642897
 -19.92503005 -17.18374335   8.98952827 -10.6534291   25.17600231
 -30.65177076  -6.80826957 -12.93064297][ 19.38746811   7.18046376  -2.1872164   14.92861433  -3.5547719
 -18.65102466  -6.10913717   4.53009565   3.09835926  14.10843296
 -28.53884881 -15.16577645  -5.1502145 ][ 18.94225462  10.68203999  -3.54142745  16.96473734  -0.18642075
 -12.6098464   -8.41894033  -0.48204462  -2.38830903   8.04193294
 -26.38146655 -18.5948555   -3.75658571][ 18.42569664  17.98273746  -3.42584769  14.90506109   4.11697952
 -14.00268879 -14.14793487  -0.80211699 -12.8176922   14.7313483
 -36.14165438 -19.49210505  -2.89884041][ 18.08658609  20.03748571  -0.25458875  17.62717142   7.44285873
 -12.91541628 -12.6827325    1.93880759 -14.27303623   9.13631213
 -31.34773238 -20.50052334  -5.51255151][ 17.83634535  20.43809522   0.69257443  21.86619223  11.30984338
 -15.69568802  -2.17570361  -0.49714975 -11.75778593 -11.56212112
 -14.75429435 -22.07458342 -10.61964294][ 17.83623817  18.06502452   5.13354855  31.66467226  16.62794967
 -23.09124996   1.35153946  -4.69029698 -20.60021262 -16.6435464
 -12.4471335  -21.49958749  -9.74938598][ 17.77075466  17.57899081   5.0513655   29.09270505  17.3538786
 -21.97329711  -2.40090004  -7.99837353 -26.19372348 -12.95026935
  -4.83131121 -14.64016692  -8.00983478][ 17.55868813  16.87637414   4.60543504  28.8426454   14.12000966
 -16.70195896   0.8678761   -0.28753438 -23.5893885   -9.45254323
 -10.20025764 -17.83448483  -6.77738956][ 17.42878454  18.82609848   5.13225078  23.86701152   9.72931986
  -9.89464857   3.58260574  -7.40234895 -20.5570246   -8.97214462
  -8.40199181 -17.35682287  -5.33745426][ 17.23516456  17.58311589   4.35567656  29.42003791   9.81418906
 -15.42127333  -0.76863759  -7.13766174 -15.18324044  -7.88224928
 -16.27958796 -15.91721685  -8.89402967][ 17.10474988  15.63551834   8.0106867   29.76415781  15.05675342
 -16.24419357   1.25911689  -9.1950146  -18.24329979 -10.26982218
 -19.19367728 -20.94084977 -10.0215158 ][ 16.92797375  14.84892274   7.90931556  34.19257034  19.30889932
 -15.23140802   1.78874974 -11.5819762  -18.25726597 -12.16257028
 -24.12967519 -23.98813375 -10.60168397][ 16.69268289  14.62810135   9.6136748   32.30829395  20.60568874
 -13.39955828  -1.21931852  -6.46997965 -16.19936718  -8.52297039
 -23.73433428 -25.18249107  -8.86929657][ 16.65811778   5.7876482   16.4556942   26.23294484   7.68205781
   4.10314768 -13.05752348   0.21112575 -22.75106231 -10.44312226
 -16.89029771 -27.86997822   8.61938606][ 16.74658878   9.31444105  16.02775505  18.41782737   2.44196599
   5.08301715 -10.17044321   5.86501477 -14.80080635  -6.13068317
 -17.35838003 -27.11677776   7.58901601][ 16.6683835   14.93155689  10.83453268  11.29215216  12.80993964
   6.25250959 -14.75981456   2.97850943  -1.80015811  -1.41000593
 -25.69554148 -23.5466617    4.424009  ][ 16.09981511  13.34900776   8.85120905  11.45507241  14.5727817
  11.08842023 -13.88010353  -0.68613403   8.82471543   1.39064686
 -31.70034935 -20.63730277   1.91414812][ 15.61593038  13.04931563  10.01185506   7.98450522  17.84468063
  12.29021135  -7.86239168   7.06060495  11.49980509   2.84751946
 -32.22097098 -24.24993541   5.85709929][ 14.90140401  12.95468492  10.01104451   9.06988717  16.46615849
  11.3843744    0.07002231   4.92407662   9.93252881  -5.06233268
 -28.18768329 -18.85290179   4.39790136][ 13.73199472  10.28786251   7.74257084   4.1540022   14.55497643
  13.22495891   2.74229704   1.97819966  11.80890227  -8.20454952
 -35.43313674 -20.77053266   6.63428102]