[ 12.93351736   6.95465725  19.81782945   7.22500728   5.16852177
   5.59036623  -2.6329388    3.11900613  -6.33959646  -4.40457649
  -9.50051626  -2.52625723 -15.0778889 ][ 15.86336246  15.416136    18.94544429   3.56683419   3.69184962
  -4.92705416 -17.50817831  -1.22621434 -14.32350404   8.49697325
 -12.94032622  -9.00172078 -26.3364279 ][ 16.45023046  17.05703698  20.86124326   9.61889864   3.2503483
   0.31785444 -19.3043667    2.80176339 -14.61116689   6.26416649
 -30.88192672  -8.768206   -14.18743805][ 16.81194864  12.35242815  22.13289628   9.2851934    1.83264023
   4.73966409 -22.27203389   2.75318181 -10.04776005   2.47082017
 -21.16758364 -12.53276097  -9.42616949][ 17.70719074  -0.56184175  32.36862283   6.31067496  -4.00528224
  11.81956349 -36.96796127  10.64565357 -25.11650688   4.97816008
 -21.77029295 -24.78355016  -1.13252109][ 18.09500397  -5.69874615  30.95847089   4.4371623   -5.39163132
   9.10571533 -31.8916369    3.93976411 -37.56932588   6.86437608
 -19.17601018 -22.40099536   0.47647295][ 18.77147645 -11.85438865  28.23499075   8.65337551  -2.53433808
   9.17668494 -27.90608194  11.04711032 -31.0997987    6.9054701
 -10.81051053 -13.86248763   1.60860307][ 19.16931253 -19.7351608   32.51614922  12.56573171  -6.57025467
   6.59647326 -25.4285112    3.09473946 -27.96064521   6.71136893
 -19.26355463 -17.42762591   3.33696952][ 19.42536433 -26.28301166  30.96134167  14.13593068  -3.71983574
  14.43182739 -21.62632615  -2.61031617 -13.81317034  10.56901027
 -12.31663624  -5.44954976  -1.02797091][ 19.80926812 -34.1198163   25.55576047   9.73236526  -4.60653042
  22.07984599  -9.5280417    7.10207674 -12.71291969   1.68798765
 -11.55168094 -10.39790963  -4.52398299][ 20.30770037 -36.50878848  18.67945103   4.47497665  -7.10400088
  17.68728753 -14.23523766  15.47167315  -9.16419443   7.60358364
   0.80279596  -6.39772515  -3.85973797][ 20.58015063 -34.92925793  14.77748555  -0.29635866 -11.4396124
  12.99383588 -14.68115625   9.70089192 -12.45500662   5.55858831
  -1.15052594   1.52222614   3.90366665][ 21.17957333 -37.99005418  17.24028963  -2.45063723  -8.56648818
  15.52039895 -15.67708434  11.12346651  -4.22247294   8.1534712
  -8.25366776  -0.25739133   1.3650721 ][ 21.16197751 -32.19783708  11.39045705 -11.31447067 -16.8724245
   5.48445492 -13.18414418  19.4833855    6.31739268  17.13397179
  -9.16058487  -7.92332991  -0.85396074][ 20.35149153 -27.734574    10.88985953  -7.28609897 -13.3561583
  -0.08091969 -11.04556687  18.62280254   4.02200032  12.33005436
  -7.1436765   -7.18414342  -1.93972332][ 19.24894734 -13.3742114   17.76640065   6.65339432  -6.65565324
   0.9573199   -8.99251487   9.34751408  -1.03533319   2.51213955
 -20.47366611 -17.54145896 -12.86961349][ 19.19643218   1.91719189   9.36139969   8.7058417  -16.44133597
 -19.86599753 -22.48249992  -4.3593572  -12.84968281  -4.70924906
 -11.57208169 -22.39638405 -19.21817033][ 19.59373236  11.69531964   0.25566909  13.86682588 -18.26473249
 -24.83794944 -23.6338956    1.57921568 -16.58560896   3.418105
  -9.63982196 -17.44488394 -18.26857889][ 19.81633454  13.85988981  -4.89565898  13.20980486 -18.6400123
 -29.96797449 -17.84018336  -4.99363249  -9.87292357   2.94434899
 -13.7163333  -13.84552162 -26.98612188][ 20.25021498  14.36556115  -9.61860817  13.61454176 -19.98693748
 -30.75377794 -13.55342104  -6.10178332  -2.49469471   6.99258787
 -17.20904466  -6.58531645 -26.63055021][ 20.29362127  13.78645976  -9.85660353  12.3307513  -19.56824064
 -27.0651492   -7.54280593  -4.42560437   3.15666199  10.45776956
 -16.64256492  -6.65242192 -25.67310661][ 20.37583583  14.5840429  -12.97716512  13.03133606 -22.9454355
 -27.342567    -7.11753529  -6.01776258   1.85481412   9.01996
 -17.49802666  -7.817827   -28.77604903][ 20.5573505   15.46727085 -14.90040706  13.23741043 -22.45627149
 -26.90429969  -3.37239635  -2.92108059   4.05131303   9.82664131
 -17.33526071  -1.55803755 -24.60058874][ 20.3473275   15.53841508 -16.4774573   12.60258553 -21.15697704
 -28.22655513  -6.57292966  -3.38078407   2.78654707   8.68003309
 -20.16479109  -7.56103594 -27.38799345][ 20.26277053  16.74756104 -16.57660069  13.90531062 -18.85018058
 -25.98709993  -6.68030572  -1.47186514   4.69388111  13.12943251
 -20.71169796  -3.47751269 -26.13171344][ 20.34847567  15.70471435 -18.10562282  11.47646034 -20.05869225
 -29.02623316  -6.526968    -7.13146277  -0.18280594   6.45788636
 -23.33538942  -6.73929226 -28.90332237][ 20.16324752  15.32300409 -16.83780824  12.05545015 -17.43620255
 -26.98048194 -11.02987364  -3.22083616   0.98034702  11.20927358
 -19.90579229 -10.82615336 -29.42543091][ 20.10978666  15.22097976 -15.34931882  12.60711827 -14.38491293
 -26.42620993 -10.71968607  -0.17681268   0.45918295  16.4852656
 -22.84358551  -6.20710968 -31.85226544][ 20.09740349  14.42526019 -14.00522912  13.17297851 -13.77726502
 -25.93304878 -12.29816998  -1.06922008   3.38595127  15.1448983
 -23.01603311  -7.28235724 -31.12252863][ 20.21611326  16.0905821  -16.24283027  13.61828947 -13.34893403
 -20.58379835  -8.2685667    0.84550065   0.29921693  15.81868662
 -23.62975103   1.88282673 -30.76018655][ 20.04486236  15.52621174 -16.29474341  12.55039501 -16.13967631
 -24.85726873 -15.10401363  -2.62289581   0.84110962  12.39036462
 -24.76638458  -4.5653508  -33.33848432][ 20.0011236   16.07553328 -12.78916199  13.02450899 -11.8566508
 -24.09540231  -9.46638168  -1.38916721   6.94513624  13.59308584
 -17.64637567  -3.57015705 -28.93136014][ 19.97155971  16.04629742 -12.21197912  12.18657811  -8.93788622
 -27.81861868  -4.77527072  -7.67223204   9.4147058   12.64130942
 -15.64566664  -5.92929503 -24.91732914][ 19.98905975  17.71096861 -13.70783605  15.76849522  -3.84676882
 -29.40176867   4.16989584  -5.66626127   6.68266152  22.16524295
 -14.69340428   0.1907411  -20.41560207][ 19.53023918  16.84277595 -14.82326576  15.00156187  -4.25031145
 -35.6909487   -7.01654508  -6.64802832  -9.7996171   21.4007366
 -17.44537503  -7.62586085 -18.68544959][ 18.90443905  15.21129609 -12.16465946  14.22115763   4.1466595
 -38.67271686  -5.86114349  -2.34258555 -13.48560198  13.24399266
  -6.55990577 -15.63252531 -12.08103225][ 18.44256869  18.29292582 -11.54929171   8.47007373   8.43381478
 -26.89524032  -9.34208836  -7.5069993   -8.47221675  14.17605902
  -2.43627428 -10.31314553  -5.23412664][ 19.16491711  19.19481815 -11.12092078   9.31263945   2.3917076
 -22.74176087 -11.94305488 -10.40822527  -3.39975373  18.80382924
  -4.00621904  -8.19306338  -7.80397359][ 19.5542616   22.78355006 -13.72915045   8.6539309   -0.89413116
 -19.72654073 -13.65518215 -15.07569569  -5.19573341  25.47637314
  -8.52357244 -10.26530484  -6.81350908][ 19.75371836  24.59014819 -10.38442556   2.37648078   7.67161691
 -20.13965077  -6.05063457 -13.6153482   -2.4008633   31.45787623
  -7.92385825  -8.21136048  -4.58483656][ 19.88927931  22.81686991 -11.77271063  -4.89931632   0.12648437
 -23.25079983  -2.91141813 -20.77929885 -11.3271906   24.19033371
 -22.53456756  -7.49485206 -12.0463842 ][ 20.01788048  21.08979266  -8.75478501  -5.59281811  -2.77848594
 -20.84601563  -2.31694122 -19.54388401 -12.47106848  37.01728005
 -32.1568701    6.87110124 -21.28360271][ 20.10286128  18.9151841   -6.82581491  -6.67510405  -6.67371963
 -17.48511564   1.69744115 -17.80671825 -12.92086681  37.79990368
 -33.7377996   13.25373733 -27.72184206][ 20.15334211  17.93707911  -2.60550108  -8.98881     -8.58722796
 -12.40431348   5.28183747 -14.83347364  -9.56210862  33.62415465
 -27.8534922   15.90515832 -24.17552952][ 20.1152487   18.13461488  -2.11393316  -9.58588144 -15.86109398
  -9.68625424   5.7269231   -8.22602742 -14.15820703  29.05077413
 -26.43753731  24.403      -29.61894758][ 20.02567557  18.54330757  -1.57400064 -11.57172378 -16.75005516
  -3.83843387   8.79896562  -4.08753312 -13.87187334  23.85035643
 -20.31516325  24.71295793 -31.27808611][ 19.712449    18.43631329  -0.21213887 -10.91346239 -20.76617492
   0.8591263    7.0397427   -4.15441151 -11.40949269  10.42659723
 -11.57034976  11.63098686 -27.52723915][ 19.63085235  19.11136744  -0.5619022   -8.77071824 -21.63065264
   5.02599275   9.81712742  -1.73662775 -10.73898868   9.05392674
 -11.57166473   9.95759102 -23.94799872][ 19.61843655  17.79347766   0.36008022  -9.53318692 -28.06784016
   5.53163041   2.91482813  -0.62606496 -17.30103907  -0.21121349
 -10.63582203   1.68101024 -22.21096277][ 1.95437621e+01  1.94725644e+01 -2.19497422e-02 -7.44935373e+00
 -3.35647561e+01  5.72555588e+00  7.10834777e+00  6.68550768e+00
 -1.97598917e+01  9.40390747e-02 -1.58947617e+01  8.50563377e+00
 -2.42533605e+01][ 19.29275831  19.42715512   1.87142043  -5.11263998 -34.65204334
   4.37160382  11.18353209  10.12936642 -19.37638696  -3.30902714
 -13.98736202   6.75527898 -23.2887497 ][ 19.01453812  19.53782561   2.5740063   -3.1798835  -34.63733024
   4.87272024  15.32445858  10.0019795  -16.92598185  -4.52401316
 -15.83441156   9.38604986 -26.99149733][ 18.64044547  18.62532274   5.77517493  -2.02149715 -36.93716636
   8.87540793  18.11690041   7.30092324 -14.11587894  -6.56180934
 -20.35200036  10.46658393 -28.32428452][ 18.24695591  14.64093418   8.28810213  -5.56194134 -32.13970671
  12.17791579  17.4676208    1.50784685  -0.55986291  -8.98346942
 -16.68852608  -0.85041319 -19.88839753][ 17.67098433  11.95972235  12.6432407   -3.92771437 -30.1260644
  20.46002496  28.67368955   8.47630063   0.04677491 -13.79082531
 -20.66368417   1.23408884 -11.46494463][ 16.81892291  13.235887     9.91402319  -0.09836022 -29.4828262
  28.54086114  14.67601462   5.6839199    8.15929488 -14.62514174
 -15.77929966   7.63062488 -16.21274226][ 15.67148366   9.70721904   9.97625899   3.20453408  -9.99380935
  24.73770858  20.00487512  27.21495141   3.28562273 -17.95586237
 -27.52257551 -12.06013118 -17.67842066][ 14.916644    15.50724917  14.86807534  -1.90097223 -13.38959298
   9.03318707  15.5058711   23.27251616   2.94148858 -23.93108244
 -12.76907157 -12.01235653  -5.08891914][ 14.18881999  13.66414824  13.90637222  -2.2485499  -11.55772803
   7.52442293  17.88802651  25.87105575  13.29115438 -18.53963609
 -17.3924969  -14.36417531  -2.88983712]