[ 14.50424115  -9.89004455  -1.79706702  24.3385139  -17.59759827
   8.06599771   9.22171349 -16.2693453  -12.0276803    3.06633684
  13.18887822  -5.34134916 -16.34171921][ 16.4032092  -16.83224349  -5.25786416  20.70862459 -21.21695002
  13.74623753   7.30694166 -13.56026519 -15.49976401   6.92980485
   6.64923768  -9.5046095  -19.18832084][ 17.78155889 -26.79743362  -6.43598288  20.89365285 -17.30693634
  10.77168473   3.21884828  -3.66630782 -19.1724657    6.56452724
   5.94062429  -7.82607353 -11.02269978][ 18.50239471 -29.79476758  -2.28243238  16.35409243 -17.91034375
   9.34889382   7.7312661   -0.97942024 -16.27288617   4.93711848
   8.18837263   2.22562468  -2.75793955][ 18.87976336 -33.76459426   2.87664969  16.18671231 -19.94422838
   4.38686724   8.77314079  -0.51894418 -14.78604346   3.50058174
   9.9079951    3.81044017  -2.47982887][ 1.91956455e+01 -3.63666812e+01  5.98764969e+00  1.89244405e+01
 -1.90744140e+01  3.38133988e-02  1.33602160e+01  2.18244163e-01
 -2.16875703e+01  4.12302784e+00  1.07142561e+01  2.33263869e+00
  1.12616808e+00][ 19.53762338 -42.91114075   1.18200582  22.07173914 -14.38088021
 -11.16505572  12.12903184   1.46704506 -20.38580426  -1.39347174
   3.25722907   0.45956773  -2.95371459][ 20.05333116 -35.40045777  -1.23664366  17.30398116 -15.69717955
  -7.05416337  10.56204886   4.334024   -13.15575028   2.03712154
  -0.11064156  -4.64829882  -3.8912911 ][ 2.04714322e+01 -4.11336827e+01 -1.01841515e+00  2.50774754e+01
 -1.26795209e+01 -1.16309258e+01  1.54016288e+01  6.46270780e+00
 -2.03355046e+01  6.70504142e+00 -1.14678400e-02 -5.47913876e+00
 -2.37981101e+00][ 20.64843026 -49.72858092  -2.84203571  26.10930972 -15.3364018
 -13.20704846  20.6590475   15.5950506  -14.72248445  16.20045265
   8.7244599   -1.57612912  -5.59756868][ 20.89513414 -45.7346949   -3.23452043  25.39673453 -15.84272089
 -11.70709235  15.70287148   8.11122979 -17.31183793  13.82757501
   1.20887703  -2.45814243  -2.65964598][ 21.17626857 -41.27098012   0.28646864  24.79083341 -19.69786961
  -9.97880348  13.74403841   1.71683189 -17.89223226  10.08980191
  -3.81267305  -5.43725468  -8.65075402][ 21.3901823  -43.79652116  -0.33515411  25.4906838  -21.89579466
  -5.61362551  14.1197495    0.94755714 -15.08827612  11.69893756
  -8.76984671   2.89935597  -1.50269988][ 21.46795738 -34.36104421  -1.2504975   19.92791136 -18.45370096
  -4.19936332   9.88077322  -0.94131198 -14.76430851   9.45413309
  -7.08978839   0.2562619   -3.96614944][ 21.38684023 -43.61316907  -2.88047519  20.10507738 -21.35170885
 -13.07799225   8.50154252  -0.78064044 -16.76397767  10.25027237
  -5.92349617  -3.68701455  -4.86671536][ 21.43927901 -37.94223766  -0.54402329  19.99291738 -18.60893242
  -7.72997522   9.08004281  -0.06029641 -17.68248517  11.77673301
  -6.24561931  -1.19939776   2.93491994][ 21.10451979 -40.6068861    0.22122375  23.81868753 -19.13671847
 -12.05037743   5.93404608   1.98768721 -13.76641637  17.52485005
   8.71990716  12.81900254  13.81497783][ 20.59168895 -34.61341323   1.81251469  22.75265844 -18.50110554
  -9.61206615   6.68944781   1.68548549 -16.99751885  10.19206885
   7.03201968   7.67022363   5.96247325][ 19.82973052 -20.33247121  18.18753346  39.13107165 -13.21243393
 -18.22874851  -6.8894127   -7.9397052  -26.690454     1.71793908
   1.11073376 -12.70982567  -2.81563739][ 19.72669404  -0.69403462   2.74355228  30.31547366 -25.07584701
 -38.72456871 -17.20325935  -5.61286131 -13.9196524  -11.82804536
 -17.6960589   -5.81808894  -6.52880574][ 20.16620115   9.18264256  -6.4113901   34.9695065  -24.97441845
 -43.01041044  -9.03556474 -10.93197872  -9.42158626 -11.37843007
 -15.48583094   6.88860986 -10.29150841][ 20.62346033  11.55963013 -10.25851203  30.76028616 -23.14160307
 -42.428876   -11.81789057  -0.63633802  -7.64748391  -1.48123592
 -15.5018261   11.32571088 -10.7195611 ][ 20.69041851  10.52407838 -11.25873272  25.98956242 -20.24414753
 -35.89763191 -11.96177583   1.66333776  -5.89181212   3.74727255
 -11.3807366   10.59904678  -7.11170003][ 20.72908558  10.7256266  -15.59528366  24.21017258 -20.57873819
 -42.37955626 -14.06231434   2.06233424  -7.46922915   3.72831424
 -25.86493814   6.28429302 -11.33137067][ 20.56846968   6.79180162 -12.14065052  19.30939801 -18.59289208
 -42.7006664  -10.61598916   0.6897626   -0.53730317  -0.93272768
 -22.22335203  -5.28229146  -9.39764916][ 20.73523348  11.52001323 -18.40636119  21.61365977 -20.60765792
 -40.960374   -10.24241715   3.27264548  -6.62081087   9.48194562
 -34.71043058   0.61074289 -14.96748436][ 20.71413503   6.8073592  -11.80148732  17.16952066 -18.77420177
 -40.56302733  -8.30766203   4.26710733   2.12256416   7.49164956
 -22.05038045  -4.70164545  -6.3389069 ][ 20.38463868  13.53699436 -14.84811858  23.19692687 -18.05085688
 -35.31928183 -10.56355068   8.06571234  -3.46295969  18.87061934
 -30.26238748   3.13877655 -10.01729988][ 20.31889381  10.8969075  -14.82440249  17.41165944 -17.93267725
 -41.77259636 -17.40679456   1.98555268 -11.96561128  18.99950605
 -32.27613205  -2.1380166  -10.86964731][ 19.77443183  12.19986546 -12.34206506  18.87260132 -14.88951052
 -36.69474983 -20.94824624   0.79565621 -19.18452607  17.84797061
 -33.85789874  -1.93107691 -10.15187839][ 19.38481574  13.45388271  -9.7333964   22.0139392   -8.36505242
 -34.89310985 -19.69331935  -2.62521093 -23.04857559  17.04232653
 -31.47975618  -2.9109925   -3.56122517][ 1.84962826e+01  1.00373832e+01 -3.17162783e+00  1.60639326e+01
 -8.77736956e+00 -2.05922677e+01 -1.36421077e+01 -8.08996945e+00
 -1.88896650e+01  1.06303469e+01 -1.29137270e+01 -1.01551652e+01
 -1.98782871e-02][ 16.55620603  11.27017503  -1.39003362  18.9903711   -1.16031695
 -18.37948926 -18.99704962  -4.75821943 -27.81902625   4.09435404
 -23.56161806 -18.79093135 -12.44320472][ 15.52756873  14.17782993  12.40606749  30.33861111  16.02228613
 -20.38370536 -17.52681783  -6.75051923 -13.76667428 -12.38660553
 -37.25955683 -30.48560744  -4.86799674][ 15.42493582  17.93177698  14.54678246  22.90828566  12.63535897
 -13.41956289  -8.36185577  -5.84235584  -7.59148911  -9.04331127
 -21.54817973 -17.31772781   2.29730098][ 15.41550584  18.46800126  13.78587152  13.38229049  10.20061305
  -6.5979245   -9.31860704 -16.77953331 -10.62658606 -11.266068
 -16.69115413 -16.51229448  -2.97508419][ 15.38257255  17.15726904  18.47532998  21.29553479  15.574346
 -10.25183648  -6.4461587   -6.99251936 -14.97178459 -12.60435879
 -16.97179143 -14.0028656   -4.79204689][ 15.30191976  13.67094021  20.60474469  23.6535456   13.41635651
  -9.69776151 -12.45012516 -11.20538528 -17.01619819 -16.61680784
 -22.49550053 -25.27770594 -10.58967431][ 16.34371426  -6.42555821   7.47579814  16.26208471  -6.95483239
  10.9954021  -13.06125603  -1.9261861  -25.58686464 -11.85781157
 -12.33853717  -8.44131206  -1.37378317][ 17.21953274   0.20981078   9.4987726   20.55885902  -3.50303911
   0.84732529 -19.00156654  -2.33863102 -15.40765367   5.51850328
  -0.75148172  -2.90949285  13.01315188][ 18.67477408   5.13104675  -1.71377735  19.56725683 -11.28905977
 -19.95765992 -24.55104901  -3.32229641 -16.00169357   8.50264297
 -13.82011876 -14.02187666   4.42893405][ 19.21571105  12.77898616 -10.34205267  22.648172   -10.87786414
 -30.92695228 -21.1325455   -8.9104466   -7.33191823  26.88538146
 -21.02937329  -4.32190927  -5.35547335][ 19.41080481  14.07320945 -13.51679613  18.35548658 -11.25101171
 -34.1157921  -16.26165774 -14.30233546  -7.66801355  30.91051001
 -24.85990545  -2.63090351 -11.99103598][ 19.22352959  15.59725204 -15.27359631  19.79084108 -10.73965166
 -30.66057479 -13.19130814 -14.18187178  -2.01966505  29.88164143
 -28.1239548   -1.32917161 -14.34229432][ 18.99632553  12.75860776 -12.09497085  16.41900927  -8.66880203
 -23.65339505  -9.15358841  -8.33385515  -1.20062619  27.33370416
 -29.73902686  -1.47345115 -12.63957795][ 18.78813583  11.4710796  -13.96063418  14.87517494  -9.53449019
 -17.1173823   -4.47522678  -3.94420299  -0.16341067  28.5240627
 -34.83112103  -1.13038021 -17.76209528][ 18.48955407  10.23162552 -13.90749198  12.49672314  -8.93411478
  -9.11693383  -6.45349494  -4.74594653  -5.29487476  20.62441908
 -31.61614344  -9.05825628 -14.45299103][ 18.21821779  13.91060662 -12.81630292  14.25572199  -4.99203296
  -5.66365383  -5.98343145  -5.95194615   1.30344565  19.58254302
 -29.09421242  -9.51310596 -10.69970005][ 17.99104278   9.18891188  -6.80461253   8.76683404  -2.27062977
   1.69640047 -11.71566364  -6.90898651   1.30022921   6.41364913
 -21.43585064 -18.4067615   -2.83023766][ 17.48995891   9.13763144  -1.05192052   7.31918277  -0.99599561
   6.7386186  -17.26939144  -8.56855447  -2.36966936   2.86794957
 -19.87499975 -18.60008576  -6.29278527][ 16.92775594  20.97996301  -7.08996979  14.30022719   6.52793882
  -3.05385021  -2.99144709 -18.6479449    1.71434847  -2.48454617
 -17.84472207 -11.523561   -15.64142398][ 16.55782901  19.74579066  -1.70299407  19.64553043  19.17855222
  -5.8937752   -2.88635107 -11.08641621 -13.22609586 -18.62242102
  -5.05215178 -15.33413744 -16.73392347][ 16.6421995   17.9974636   -1.31847193  27.53591581  23.9709002
 -10.00184752  -5.78935689 -17.03574403 -16.71502751 -21.94010794
  -4.88711939 -18.28172011 -17.39970726][ 16.60803207  17.34717787   0.75066779  25.39027573  17.63287797
 -13.9454629  -10.0844759  -15.55996672 -15.27110091 -14.26666113
  -0.92570077 -18.32276212 -20.88018288][ 16.53947906  17.5093164    0.29925131  26.20595775  14.24830366
  -6.06998781  -3.83742966 -10.13459262 -14.96670675 -15.26250558
   3.11981555 -15.88195292 -14.65659295][ 16.41848888  15.42873733   2.72522305  23.49804947  14.29959281
 -11.79217363  -4.65475693  -8.69000894 -11.02766463 -14.88145112
  -3.30873569 -19.54104184 -12.7225589 ][ 16.46871067  15.26554287   1.17257037  28.54379429  19.96590139
  -6.96510774  -6.9863847  -16.96783575 -16.08110132 -19.11955604
  -3.42175252 -19.58700973 -17.45605259][ 16.41462152  15.35245542   1.53583204  29.22161755  20.90974009
  -4.85032799  -8.28562109 -19.77910184 -18.70231252 -18.13780678
  -7.81302614 -23.98710059 -18.80271991][ 16.37418768  15.90213807   2.95016045  27.50103618  23.33349028
  -4.1846519   -6.89048116 -18.4151761  -22.17324707 -17.97984849
  -8.3776409  -25.9587293  -18.51012927][ 16.33161432  15.99797705   3.65929911  26.99928067  21.90711519
  -1.20946792  -5.88490354 -22.54789586 -22.84860158 -17.73931118
  -6.52505434 -16.87548888 -12.0737346 ][ 16.21656159  16.99581456   4.93703951  24.11772792  19.71404813
  -4.79767485  -6.58963523 -12.87828925 -14.69237184  -9.04089631
  -2.17328994 -17.76286578  -8.23805813][ 16.0771551   17.48752466   4.96200025  18.59246075  12.4227264
  -2.68106335  -8.79017612 -10.57427675 -10.95863657  -8.81436608
  -8.60956225 -17.12964935 -11.26769391][ 15.96993462  16.02793728   6.38870206  27.55967209  26.03801559
  -1.34215095  -9.64749497 -15.28222508 -17.88706487 -13.85607803
  -4.43687953 -25.15081444 -14.18570887][ 15.80641637  14.25936409   9.31367902  24.0937274   25.64881921
  -3.20263402  -6.95467887 -19.70327032 -18.83561332 -16.79049645
  -8.93155074 -24.26724205 -18.45247935][ 15.64823132  13.7391397   12.96033902  26.89630718  22.74234042
  -4.94385969  -3.45146954 -18.0105414  -14.3042178  -18.12230846
 -10.3120622  -24.13302494 -17.43164688][ 15.46907805  16.15681158  14.22031486  18.1274039   10.26822767
  -8.04455481  -3.82462307 -12.97128578 -11.1649189  -14.23219669
  -3.48028896 -16.1039919  -16.29193993][ 15.23658218  16.64025781  17.84360018  21.50820287  14.71573431
  -1.3502248   -2.69116861  -5.23374281  -7.29224194 -18.89066195
  -8.32864366  -8.19426781 -12.01103801][ 14.80086578  13.03155867  18.32352842  23.21364347  13.51155503
   3.9005032   -6.00789878 -14.40446649  -3.97921661 -23.8935348
 -11.57646505 -13.45779726 -17.75723669][ 14.42486587  10.50358139  18.39545826  27.72385728  15.92233523
   8.15477768  -3.68977258 -18.36326439  -3.6151485  -19.88422337
  -7.78675785 -15.60424067 -20.42423858][ 14.13446166   8.09234056  16.76989819  25.42143872  19.17437368
   8.62861696  -0.09882868 -10.76866076  -1.90719703 -19.80873859
  -8.71745661 -16.83012723 -25.295049  ][ 13.67604657   8.80485285  17.88976635  20.55169996  13.0467392
   3.87885954  -3.9145394   -8.77415229  -2.45583836 -14.23280422
   0.46050402  -7.21490267 -20.93714781][ 13.12087417   4.60151937  19.47583211  27.4987768   23.54919015
   6.98357416  -2.23042492  -4.24046255  -3.74733508 -18.42484282
  -5.77064883 -11.12386807 -14.04232655]