[13.88069354 -2.33269157  7.4499519  22.94702769 -2.64988809  0.66521357
  2.19528937 -3.3764345  -6.90557449 13.36925458 -6.25768125 -9.59751133
 -3.46379317][ 14.15293692  -0.36650515  11.72794437  25.56382601  -0.18739072
   2.52968532   1.45032989 -11.03301716 -10.17687512   5.49002627
  -5.25794064 -11.84777337  -4.03365912][14.29072639  2.14376313 12.95581902 24.13332709 -4.39571803 -1.20284988
  0.40122837 -5.93367056 -6.76726686  4.80419584 -3.75877018 -9.22898442
 -3.09830035][ 13.99745849   1.9780935   15.62971013  23.31713747  -4.28988233
  -8.66209102   1.01741777  -5.9588967   -4.83529882   8.57693103
  -4.74319803 -10.16747452  -5.54430025][13.76120928 -0.24183089 11.46070522 22.5965594  -1.87531756 -8.13701345
  0.47958822 -0.20355339  2.36084966 11.11457466 -3.03235311 -5.97200324
 -3.61032792][13.55361811 -1.49479395 10.33202144 21.79557992  0.33612416 -4.1110959
  1.91699724  0.27939951 -2.20241906  8.67318373 -6.78119954 -4.93119079
  3.49230909][ 15.31588317 -11.5716157    3.5114816   29.39482673  -4.94084057
  -4.28233319  18.72965803  -3.14642081   2.69813348   8.77044679
 -18.73074934   1.58786832  -0.62012139][ 17.9780907  -20.60775987  -4.85570831  32.50387967 -14.12944928
  -6.22538184  27.33904321  -6.70686523  -9.30942487  26.4678785
 -14.6556635   10.67365465   4.20142483][ 18.41662263 -30.93876021  -0.43429374  28.52883583 -15.80051778
   2.16254821  18.55526208  -1.38852263  -5.55616243  17.46500486
  -5.11380475   2.09761492   5.61273242][ 19.44078426 -34.30854695  -2.72828718  22.24951733 -14.68516362
   3.51419077   8.91252652   2.79592512  -5.58191286  11.69115063
  -2.59524323   0.30147361  -4.09184762][ 20.75777416 -34.87698602   1.22930275  18.72757883 -16.2715423
   1.07053412   5.7832857    0.62944003 -12.13273981  11.36882587
  -6.79684375  -1.61608187   4.01533844][ 21.39082718 -45.24512142  -4.29293312  27.26640809 -11.7992519
  -2.94397761   2.01762234   6.50264372  -3.03266057   9.14151699
 -12.41445748  -1.56881271   4.56633811][ 21.49484958 -40.8929079   -2.26600927  31.80975021  -4.97863573
  -2.8626956    2.41776535   7.63569082  -8.99272625   1.3915402
 -15.97851838  -4.06606148  -4.28061263][ 21.14553463 -30.58261639   4.88845232  39.9182053    0.15427831
 -12.05373906 -13.69875764   0.46242016 -11.79314366   1.17473652
 -12.55109929   2.7672922   -2.94820498][ 20.53002576 -21.04027184   6.46972057  33.14174405  -1.91013815
 -19.40028017 -26.21748391 -10.9025199  -21.60711747  -6.77263349
 -14.51565574   1.30246881  -5.69780212][ 19.83170285 -13.0138683    5.69271866  32.94481661   2.16039133
 -22.10831171 -32.02499851 -19.51298782 -19.98374046 -15.24082812
 -16.78062812  13.4681619    3.80781528][ 20.3043081   -6.78357793  -5.4360955   37.39800053  -5.22745381
 -23.87224764 -34.43326022 -31.58736784 -10.0914724  -17.73008959
 -11.66660457   8.60007628   0.50465727][ 20.9734384   -5.5248068   -9.13888915  39.34461332  -6.36417316
 -28.73343115 -36.87953317 -29.0726595   12.36227942 -19.12859977
  -4.33016221   6.17415665   0.91827209][ 21.44699334  -5.63208589 -15.10204177  27.10263678 -11.98695593
 -26.899408   -33.22954433 -25.78347327  12.97479717 -25.1326191
  -1.22965248   4.53959566   2.45615778][ 21.53706775  -6.89320675 -12.19053102  36.93194497  -3.96441824
 -30.83554356 -40.42105    -33.46570834  18.64603548 -18.98297065
   2.93261441   5.3973496    0.43815157][ 21.49508622  -5.73073515 -14.57485793  30.35107463  -8.78642126
 -32.83618169 -33.88876695 -36.13243742  17.95727104 -15.79408932
  -6.37157601  10.7719222   -6.70203289][ 21.47995903  -5.75248005 -12.47150917  36.42378149  -3.19535391
 -33.91548886 -31.05038841 -36.04432084  17.67003626 -11.07706153
  -0.76915407  19.89959533  -7.46813725][ 21.51767302  -6.40139454 -16.06492269  32.84348776  -8.97408387
 -35.70520856 -30.29289698 -39.37385324  19.14503976 -20.29043899
  -1.34090231  14.693743    -2.92510279][ 21.31389056  -5.90040082 -13.10137125  32.47449284  -8.16609591
 -29.31652331 -31.68674776 -41.21682729  20.29129745 -14.35424734
  -1.49090831  17.98120016   0.95759466][ 21.08707529  -4.09100046 -13.6539021   31.55706057  -8.65823916
 -27.47015553 -29.94814593 -35.87340098  17.12408925 -14.63984839
  -1.365766    18.80817969  -0.47003872][ 20.96115719  -4.52095929 -11.23266617  36.4546026   -1.56694286
 -26.76131418 -29.48222036 -45.21683154  19.50053999 -16.12948114
   2.38617533  20.8292349    0.24332397][ 20.77537057  -3.71751165 -13.15289546  37.29608734   2.31638978
 -27.56524273 -28.49175393 -38.62638012  18.84773313 -22.15423245
  -0.22819487  17.65499957  -0.54275945][ 20.36129945  -1.77055408 -17.32921502  40.54268297   4.80879237
 -23.21557972 -33.5115983  -30.43057967   9.21357876 -20.04173539
  -6.10414201  18.97679975  -4.81287347][ 19.35109733   0.03947123 -15.30534466  37.82257827   7.63103116
 -15.95795965 -32.54899863 -26.75836655  13.88733374 -12.46344359
 -15.82013074  25.42821112 -15.56974188][ 17.9174027    0.32292852  -7.16319378  31.7103986    6.32157043
 -11.74369154 -23.5837385  -19.91195808  17.55273643  -9.6036354
 -13.07007329  18.96153246 -13.98945247][ 17.27222385  -1.25204676  -2.28988053  36.45114511   6.2726601
 -13.35254395 -22.74973921 -16.45379928  18.43994949 -14.31682875
 -12.54475754  10.75902422  -4.4574461 ][ 16.80576556  -2.94782179   1.64428486  35.1163561    8.43763632
 -12.10634339 -17.72615892 -14.05538209  10.95104309 -15.58878282
 -12.20517766  11.06563665  -1.98555473][ 16.711396    -6.4206821    5.823951    34.99160509   7.94277098
 -10.6769134  -24.88448273 -11.34356988  13.38835334  -8.19368654
 -12.64263163  10.74136651  -2.69966503][ 17.82289744 -13.16877744   8.24604244  31.61429314   1.39746806
  -0.78112315 -27.28572681   0.53615208  -6.85572485 -16.43443638
  -0.86393006  -2.33735166   3.53433529][ 19.04229146 -15.90509458  14.98375864  39.48761276  -2.2583369
  -9.05279634 -30.80186241   3.46337545  -4.87876673 -20.23458824
  -6.92729896   3.75510373  -1.72220544][ 19.71877967 -15.74103642  12.44619437  49.09044304  -3.54450627
 -15.6950353  -23.30949011  -5.21911361  -8.07512846 -15.45191816
  -5.58081362   5.58300747  -4.43197812][ 19.9555833   -8.89367473  -1.06035713  37.47806943  -8.26229243
 -23.96892909 -15.58419857 -17.71567572  -1.16630949 -17.94946743
 -15.95730053  -3.08490219 -14.36460072][ 20.26046588  -7.54546332  -1.92934935  35.60564603  -3.13079728
 -25.80797881 -14.01197491 -26.97860013   3.914845   -25.20724291
 -12.31675137   5.76313641 -11.88056369][ 20.94053652  -7.81948531  -8.35385143  35.30384914  -6.60404289
 -34.14627096 -15.92132151 -34.43758833  11.16021755 -26.68886277
 -11.71559057   1.27832989 -10.65085506][ 21.58761324 -10.11672323  -9.94944419  42.03027997  -6.63818465
 -41.92116431 -23.35809363 -37.59122406  11.99271506 -22.82482866
  -6.20706762   7.81649522 -12.78544054][ 21.80461376  -8.34211229 -10.5261641   43.84956731  -8.17425705
 -39.58433022 -21.39034455 -32.47925386  16.33880194 -15.70114375
   0.78533934  13.96674214  -7.07174311][ 22.00949145  -7.48539813 -15.80217014  40.00631447 -12.83718178
 -40.24666192 -23.70944137 -31.75480986  16.50420295 -18.2395934
  -3.91396378  13.41938675 -10.5255242 ][ 22.02661689  -7.87356095 -16.890593    39.07780949 -13.16730766
 -43.30819541 -26.86801886 -33.65497278  21.33364898 -19.46151403
  -3.13623288  14.43229865  -9.26389454][ 22.11039123  -8.12424236 -15.75301024  38.64958757 -12.13005071
 -43.31767315 -22.93641708 -28.74683735  25.09938204 -23.44799697
  -1.20265698  15.53844682  -7.54529763][ 21.96303005  -7.32552018 -12.06431709  40.5153445   -8.0286625
 -38.59920587 -17.18112074 -26.77599688  25.25280895 -22.90237286
   3.85369286  17.69078271  -6.77065903][ 21.57031172  -6.88221887 -12.12495763  27.3622851  -11.92320057
 -27.45755329 -14.30292656 -20.24297046  18.83977519 -19.37263332
  -4.84595047  16.26333768 -12.44021877][ 21.52255152  -9.95615116  -9.63964353  32.68459669 -11.96596119
 -32.23361287 -24.1632151  -28.80055845   9.8769768  -27.922032
 -10.45771104  16.60444757 -17.36001797][ 21.28688908  -9.03221854  -8.95972331  36.66842727 -12.97528902
 -36.17397688 -19.49997746 -30.8831468   10.46306628 -38.4748976
 -10.23016949  18.8806702  -16.42911146][ 20.82679558  -8.31208209  -5.62923222  32.67108528 -14.35854659
 -31.57006146 -20.66320303 -30.4911533   10.32011231 -46.95415372
 -10.50171006  17.08411499 -18.73415412][ 20.38582758  -4.94109357  -0.73123159  37.21144225 -12.88866952
 -24.26580781 -17.32540751 -29.58634885   9.17596691 -45.70288622
  -5.09759595  28.47974518 -13.85844089][ 19.53913809   2.40797431   2.85361936  30.32238587 -18.09382919
  -6.01271029 -14.90931191 -26.29181035   8.21399968 -30.06521312
   1.43172537  14.74773967 -29.72180417][ 18.61030956   6.18820373   1.62458522  27.45020705  -6.59766968
  -3.71773717 -20.70283501 -34.71346878  -5.42600656 -20.53054809
  -1.46694203  10.66053799 -28.26594948][ 18.24708609  11.04535121  -4.45355999  20.01914342  -1.91349022
 -15.19479438 -24.59815069 -37.29436299 -12.57313667 -19.56500263
  -6.41452638   6.18576482 -32.14553377][ 18.23326155  11.65699524  -2.91347531  14.81651398   1.52934085
 -10.35563846 -31.04579549 -34.89269358  -9.27156874 -14.61797672
  -7.21458797   6.14269764 -22.41954296][ 18.09076621  13.41553228  -4.02580154  12.2029564    2.48546054
 -11.41684475 -27.2700426  -28.8404424   -4.36306955 -21.31566288
 -10.17316739   5.03238491 -16.62347657][ 17.97716908  11.95543656  -4.27944623  10.72841087   1.76280883
 -11.30496803 -30.61560667 -34.05744446 -12.26579347 -20.69023408
 -13.31660621   3.70533189 -17.59413221][ 18.11480473  13.22032347   1.70116361  15.8002072    7.89277653
  -3.75681278 -28.55253098 -35.11209937  -9.31978972 -15.39307464
  -6.52884855  12.98824463 -12.16272814][ 17.74292549  11.74474231   2.57931279  14.72931131   2.55683282
  -4.75585043 -28.01977779 -31.60742468 -11.73811359 -24.52363282
 -23.12063369   7.96389874 -12.70562332][ 17.37799071  10.2492026    4.41692734  19.25861974   0.34899386
  -5.98182942 -29.24290892 -40.05183075 -12.42313054 -24.8965701
 -16.94122008   4.62575408 -17.19012898][ 16.60050623   8.13565417   5.37682589  20.2226823    5.89021867
   3.14773509 -28.65164992 -19.80927588   4.79666252  -8.07861719
  -4.98104237  -1.71298686  -8.55730585][ 15.45469053  -5.8173302    0.76037768  16.84577158  13.26892675
  11.7033348  -19.86840544 -11.3781025    5.30287092  -0.78325005
  -3.98911173   4.01933952  -0.75956367][ 17.89078587 -24.29282953  -8.13258098  18.86318433  -7.21745302
   8.61119237   2.82669341 -18.87965836 -10.02560773  -0.43756122
  -6.58506805   6.77967353  -2.73468829][ 19.38602981 -35.06192763  -4.66010084  16.7099078  -20.04902788
   4.61411053   3.14477799 -15.32976861 -23.33572435   0.33596702
  -3.65452965   5.45177809  -4.54923531][ 20.2291114  -42.32302144  -4.11117753  19.82475732 -20.20103623
   4.38801042  -0.84056966 -15.71529571 -23.41176035   1.50016676
 -10.60137391  -6.11668753  -0.37375614][ 20.97887083 -34.81740514  -0.86713225  19.64070441 -20.31495567
  -1.82636337   0.6587969  -15.41179855 -15.11557332   5.06810961
  -5.80753589   3.5833787   -3.56621428][ 2.15292942e+01 -4.11990469e+01 -1.68462143e+00  2.36045504e+01
 -2.13512422e+01 -2.09883393e+00  2.64213713e-02 -8.19685172e+00
 -1.65742880e+01  7.03720706e+00 -5.53935908e-01  2.18646836e+00
 -2.78106208e+00][ 21.75975044 -37.41263241  -1.17874825  19.29385298 -20.22303801
  -0.38949654   2.91341032  -1.45635141  -9.71462087   3.84663996
   0.49781158   5.07887054  -2.14264285][ 2.20136670e+01 -4.09770316e+01 -5.02915434e-03  2.33605489e+01
 -1.71408770e+01 -1.89970668e+00  5.85755253e+00  4.64494763e+00
 -1.17168364e+01  3.74330491e+00 -3.13494881e+00  2.03004697e+00
  6.78913828e-01][ 22.38674168 -53.2562117   -4.10508578  26.70244833 -17.89270939
  -6.7977432    7.69188579  -1.16171077 -11.17354718   9.63885265
  -2.67997341   0.72443904  -4.64532322][ 22.57014307 -45.53362559  -0.14844506  22.89043611 -22.31375513
  -7.04920009  -0.33017275   0.46909667 -12.68585422   9.05550712
   1.99752705   3.04128818  -0.83459742][ 22.62975032 -38.52796215   0.8589178   19.37609027 -20.07679524
   0.66454616  -1.0080279    3.80368182 -10.77428956   3.23652784
  -3.21573844   0.12805053  -3.36797195][ 22.74653497 -44.04879813  -0.36562601  24.61195647 -22.15228698
   2.39486812  -1.41436808  -0.8416634  -12.4272215    2.6344142
  -6.4131053   -0.40906344  -2.43256372][ 22.60069733 -49.54773646  -6.69865421  25.51644258 -18.11922284
  -1.19096254  -2.17498707  -0.17181089  -8.96121071   6.13529093
  -0.22040238   0.48365754  -1.02310656][ 22.14120272 -41.6586511   -5.20310695  25.89216988 -14.94682469
  -6.10567269   0.27345733  10.17075398 -13.36868899   3.69802429
   2.95913835   4.5714631   -0.32511403][ 2.14947259e+01 -3.86297911e+01 -6.87571362e+00  2.30951060e+01
 -1.04149105e+01 -1.07902679e+01 -3.77862114e+00  1.60017385e+01
 -8.15221603e+00  2.37699933e+00  1.33861519e+00  2.42163565e+00
 -9.74296076e-03][ 20.88676504 -35.98518106 -10.66350059  17.79201251  -8.1131497
 -11.88919458 -15.63253456  16.63064856  -9.70430284  -3.4835771
  -4.85830071   3.49115666  -0.18875538][ 20.21929121 -36.80709268 -14.23843679  18.56790819  -8.8039666
 -20.47497964 -18.33094357  15.34162788  -0.31674933   6.96122115
   2.37869726   2.89813757  -2.46904271][ 19.35133103 -33.74867865 -14.08059458  15.97940446  -5.53152503
 -20.72754536 -20.07111389  12.49547465   6.0994361   10.25639519
   1.13195303   5.40713742   7.46314396][ 18.62895255 -25.9758287  -11.10619538  18.54782381  -1.63987871
 -10.97237415 -15.5670146    9.89717492   0.1760668    2.02088441
  -0.73962528  11.00204142   1.17423726][ 17.98745877 -27.2342011  -15.6894582   15.42653805  -5.87665595
  -8.88882866 -26.59741534  10.2100584    1.69376664   1.29135968
  -0.44065781   6.52735967  -4.31672261][ 1.73872652e+01 -2.78257305e+01 -2.10157651e+01  1.40963063e+01
 -4.80668201e+00 -3.08095899e+00 -1.88854606e+01  1.20221324e+01
  3.95847563e+00  6.25548200e+00 -5.50788500e+00  8.54892086e+00
  1.88568327e-02][ 16.75468031 -24.32728198 -23.27679829  14.10172632  -9.46976627
  -4.46029353 -14.94344588   5.53137957  12.22631959  13.27421406
  -8.69629257  -0.16833585   7.57402146][ 16.16370138 -21.38209875 -22.0309855   11.72950792  -7.65681794
  -2.32108124 -10.12676258   6.56347294   4.11722821   9.02718498
 -11.95243755  -1.50570457  -1.32830088][ 15.35817065 -18.09483574 -19.66863429  10.04745329  -5.58591087
  -0.21201261  -7.39131154   4.26891066   0.94206207   6.51411151
 -15.01625232   1.37572698  -4.14621489]