[ 14.33945438  -8.59840548   5.28406489  12.30670885 -25.63779626
   4.77505494  -3.55130688  -2.71655964  13.98679646  -3.19266783
 -10.39945273   2.42297682  -0.27191229][ 16.78486069  -1.82136831   7.93442374 -11.39153143 -30.07215681
 -15.63243131  16.8793097   -4.55194266   4.23972201  -5.93601251
  15.9272249    4.30602382 -32.19950736][ 19.64631054   1.43002162 -19.86566537  -5.25827245 -29.45056664
 -26.31949756  32.42820915   2.00460993 -15.38567945  -5.65086605
  16.26702189   9.23124739 -20.38390019][ 20.26233877   3.21076018 -22.41067938  -2.73873589 -34.9083474
 -25.07072865  30.48816216  -2.83896101 -15.44364588  -8.14211085
  16.94465888  10.07230296 -18.60425954][ 20.24308365   5.54888514 -18.04564205  -0.34962077 -26.22569509
 -21.94338013  25.32383169  -0.79070202 -10.4310696   -4.50884922
  19.09256446   9.61133889 -19.33284114][ 20.24968857   5.4099693  -16.7941355    1.81608242 -22.66018728
 -23.66293062  11.60843753  -4.28496785 -12.4949715   -8.10731396
  15.80798874   2.16569143 -22.42113171][ 20.36446918   2.61601446 -15.61660517  -4.45922547 -29.24397034
 -32.94174048  16.37265833  -4.63168014 -13.15634364 -15.22628861
  20.24204047   4.69383364 -21.88702261][ 20.69860935   1.82086563 -14.34360491  -1.66059489 -32.55637712
 -26.36328605  17.36814927 -12.80388505  -4.07259359 -11.58650194
  16.37106795  10.22693831 -22.0825664 ][ 20.98304101   1.76885813 -13.64625283  -1.4182288  -33.12382862
 -23.0495133   19.87593687 -13.91896365   3.07334303 -15.25880319
  17.25363979  20.93018171 -22.80169442][ 21.15611112   1.04765281 -13.33679624  -2.42411884 -37.90744165
 -25.54521578  17.80188505 -16.31857918  -1.41785005 -20.08234973
   9.94641581  24.96456502 -30.24883178][ 21.15148436   1.55521543 -12.79193967  -3.27556591 -36.46659695
 -22.22120532  15.29950455 -15.99496527   1.05991992 -20.93998757
  15.90271164  34.39497692 -27.6671396 ][ 21.14181861   0.89002398 -15.77862808  -5.0207274  -36.49105165
 -21.07462823   7.89951658 -23.81537966   2.85619926 -21.28420285
  14.45318723  35.73626158 -33.84864783][ 21.03960902   2.57352546 -16.9260793   -3.30776065 -31.97927796
 -15.52302027   4.77227349 -28.55568268  10.08670838 -25.36380584
  13.69980681  40.99283898 -32.80180331][ 20.68491369   3.19134412 -14.32077982  -0.70347104 -20.81566552
  -6.49021792  -0.06636015 -39.09841726  13.32092138 -17.67270984
  17.58774086  35.27737775 -31.99721347][ 19.82255848  -0.70615372  -8.57302551  -4.42947017 -11.21501229
  -2.19553016 -16.72361766 -35.20679284   8.38019553 -10.22878788
  11.91344249  19.26550949 -23.80828992][ 18.97415502   1.93046533 -12.50622399  -0.54419781   6.46943422
  -4.20872421 -12.49533726 -36.46126119  12.4033466   -6.90134739
   9.0281956   10.54165974 -15.42019728][ 19.05488323  -9.5650732  -14.14832102  14.39467678  -1.8178339
  -2.08600193 -17.9896138   -8.04786895  -2.33272289  15.73266257
   3.16075912  -4.01106979  -3.81173355][ 19.98957704 -24.47088056 -10.66937133  23.19372075   3.1450971
 -11.72967231 -12.17311244   0.78181737   3.52391637   8.89300818
   3.5068562    0.91439668 -13.86128102][ 20.92246085 -37.16003271 -10.73651267  25.97177557  -7.21690574
 -18.44899754  -8.57915525   8.17779265  -4.71227824   4.35830258
   7.8526421    3.85145737 -10.36261354][ 21.36539296 -35.91223247 -11.90138879  24.19627581  -7.48715689
 -15.08209768  -5.07686671   7.65182489  -7.81575278   8.38751687
   6.07155057  -3.96944514  -7.074284  ][ 21.57958089 -40.91372855 -14.46291134  24.4751239   -7.40761776
 -15.86191708  -5.54054833   6.22819811 -13.16484201   6.99536537
   8.58271948  -3.44798329  -6.08470799][ 21.5305822  -41.20064083 -13.39380853  23.61698508  -3.94281758
 -12.03062315  -0.83320519  10.79122517  -6.13500109   5.77490275
   1.10714483  -5.19331573  -5.91545392][ 21.61162774 -39.93492221 -12.67211448  22.5643018   -1.20602239
 -11.4285105   -2.32828717   7.82233098  -9.94924964   2.30666129
   7.23037727   3.7360135   -3.73301687][ 21.72032787 -35.24575827 -10.00537459  21.82764072  -1.98555629
 -14.45305089  -2.81309341  14.20911175 -13.28798439  -1.59354223
   5.61795337  -0.41466681  -8.37536858][ 21.90399392 -42.15997434 -12.4614808   26.97671401   0.54806231
 -15.63174383 -11.45924559  12.62350324 -13.64687163   2.90774306
   9.9066357   -0.97950861  -9.09090163][ 22.07961134 -39.92286605 -13.63095785  25.77983455  -2.68179494
 -14.6630774   -2.40371048  17.01056025 -11.88012306   2.7006229
   8.20841356  -0.14356982 -10.53333272][ 22.14241116 -37.34534083 -11.70417081  23.76584793  -5.73030709
 -15.91519264   0.95233324  14.24915139 -14.72348943  -1.13598132
   5.59064309  -2.10215881 -13.9886439 ][ 22.12412458 -47.00865265 -15.7592937   26.77305367  -1.32181419
 -17.698069    -3.69605318  14.8874432   -9.27942776  -4.10102752
   2.56421845   6.16223873  -5.61713767][ 21.99364653 -38.99999932 -12.92058349  24.37584604  -0.88910111
 -12.40485387  -4.17773225  15.65111435  -6.97021879  -7.52704423
   5.38266101   4.96603453  -9.8104762 ][ 21.88511955 -46.60680924 -17.109194    27.4407451    3.62711613
 -14.49112771  -5.18810664  23.57279466  -8.51512846  -8.90621837
   2.94320035   2.78880301  -7.93220725][ 21.73228148 -49.65414149 -21.2171434   22.608012     4.47172555
 -14.71819909  -5.59651532  16.14171499  -7.32014718  -3.01529709
   5.50796775   6.73814991  -9.49967928][ 21.74959859 -33.75737191 -11.77451587  20.1875671   -2.07866458
 -17.35154289  -1.41759179  11.87564186 -11.90826436  -3.57329207
   2.43946501  -0.88462762 -11.79588432][ 22.05313739 -35.35805518 -12.56920929  23.61293049  -4.12053891
 -17.79797577  -0.48415376  14.5047461  -15.56476687  -8.71833656
   3.74306514   3.3769851  -15.31205139][ 22.02746567 -38.91277632 -16.6564875   28.23881889   2.82836097
 -16.21295616  -6.27376689  16.58247546  -7.96241298  -7.9735672
   2.74748792   5.19406928  -9.38956811][ 21.76007775 -45.06843068 -22.73544751  30.11512507   5.5718324
 -14.83343816  -9.24747544  16.55569753  -5.10346081  -2.84582728
   7.53222972   4.51965456 -14.32601305][ 20.79064542 -30.21094183  -9.15457642  34.77750628  13.9954641
 -12.12930157 -13.91779875  10.08219489 -10.34036543  -6.57344815
   4.02773236   1.20803854 -14.86926988][ 19.99970334 -15.91154907  -7.98141244  28.02513246   1.05318401
 -23.21568624 -30.60111803  -7.99926425 -14.59311237  -4.94108407
   0.36215221  -1.06272591  -4.07688165][ 19.67819624  -7.36944614  -9.92692569  31.11852496  -3.19640565
 -20.00187371 -35.12597943 -17.08486826   0.45164809  -8.06624379
  -2.23632891  14.55945418  -7.20908575][ 19.95860299  -5.83365496 -12.28397237  28.73036785  -7.46352913
 -24.6618341  -34.27484144 -20.86157048   3.25523959  -8.34929312
  -3.00819519  15.72035726 -11.88593743][ 20.27978042  -2.40931729 -12.89641265  12.39851504 -13.32503546
 -14.15544558 -20.70285939 -15.01713828   0.62054287  -5.00286752
  -1.77260255  12.76277293 -10.70293309][ 20.72530588  -4.68967356 -20.03146376  14.24602444 -15.41627681
 -25.97187097 -32.18979957 -28.62345978   9.26471314   1.02851496
  -6.20863476   9.72522063 -19.48133567][ 20.88850724  -3.99435139 -21.00740592  15.77793904 -14.63206041
 -23.10127448 -31.68862687 -28.66350528  11.55847131   6.45657843
  -7.92791076  12.16781001 -23.95886621][ 20.94969048  -4.50778438 -22.51424974  13.02227911 -15.13562313
 -20.38168696 -27.32800459 -29.89686694  13.95086897  11.57449548
 -10.01105587  12.88648656 -26.5586063 ][ 20.94338991  -3.92234242 -22.71050848  12.18534947 -16.41199155
 -17.62554025 -23.02978152 -29.47091366  17.00357147  12.63092096
 -11.02336211  12.83026322 -30.35792745][ 21.01495029  -4.58908723 -24.67747371  10.48738169 -17.39151432
 -16.88239328 -22.33830234 -27.0421347   15.15718201  14.87795855
  -8.51732416  13.14283787 -34.28865574][ 20.98032398  -3.02609113 -22.26294873  13.53591562 -13.28013287
 -12.32819499 -15.05713987 -21.74529312  18.08918594  14.24923825
  -4.5823559   13.16100534 -34.41002986][ 20.56101694  -2.52798676 -21.7650261    7.67192446 -12.73148058
 -11.18007899 -17.73717109 -18.57952348   8.4122334    1.83773419
 -12.51996466   1.03349842 -30.92600805][ 20.09686465   1.11830624 -24.46737162   6.57969525 -12.06495238
  -7.67281512  -8.94957495 -25.88494211  10.36987081   1.77756512
  -5.41398425  -2.12217223 -34.21875049][ 19.70548617   3.1249704  -27.67728936   4.24909464 -14.44369042
 -11.68756473  -7.91145663 -34.66217414   1.01973675  -6.43134184
 -10.92333424  -3.91771728 -40.05433163][ 18.96335571   9.66705262 -21.38357465   8.83537639  -9.5637387
  -5.44419248   1.22752436 -25.80647234  -5.32997657  -0.09688559
  -4.22375813   6.70613259 -33.51538321][ 18.0603994   13.95403129 -13.07359109  10.82773958  -7.74460325
   2.57215023  -6.99005406 -25.09290696 -14.75816239 -12.72629372
  -8.2660189    8.55033098  -8.9663156 ][ 17.92513726  11.39869325  -7.6323085   12.48155792  -9.7616178
  -1.75919604 -14.22526851 -26.9759665  -12.15733412 -20.55671442
 -14.71825439   1.57319397  -3.8663321 ][ 17.66751896  11.49117765 -10.65042246  16.34362345 -10.10038498
   2.97160968 -22.27792964 -31.11888016 -14.80261328 -19.9718146
 -15.57404794   7.99834878  -5.2331773 ][ 17.65879511  12.39003442 -10.49978365  16.63646847  -8.54500269
   3.08775233 -19.86491975 -24.43200189 -19.75319543 -19.18696875
 -10.69599212   8.36888183  -6.07140505][ 17.56129976  11.60355046  -9.4761584   17.07617657  -8.0991484
   0.27207208 -15.18252544 -20.86554174 -23.28380961 -24.37631422
 -10.79821032   5.21612667  -6.38415094][ 17.29613801  10.56766716  -8.0981687   17.07502028   1.43493723
   1.92220727 -15.24927292 -27.13757869 -25.77156255 -27.01418289
  -5.79751791   7.34603338  -5.01832641][ 17.289751    11.77811944  -6.40289464  10.65765532   1.62249088
   4.37693359  -7.87940441 -24.93688763 -26.4022913  -24.01148731
  -6.08660963   3.87812856  -9.60405251][ 17.41877449   9.95179996  -4.56346218   5.72813171  -2.77096611
  13.21926029   1.02074075 -29.17830825 -25.03658847 -16.19846445
  -3.14040609 -12.9756662   -7.55963656][ 17.26844672   6.85959036  -3.43974562  -0.73022166  -9.56027842
  13.54840253   2.24866386 -39.9436698  -27.48076167 -11.66422927
  -9.81201023 -26.79297788 -11.25306772][ 17.23964963   3.70158075  -2.5145761   -0.67471635  -7.54241974
  18.76108928   3.56130833 -32.06433595 -25.83634533  -8.33257714
 -10.13231243 -24.19257682  -5.66805423][ 16.70046303  -1.97951307  -3.86438979   4.12108356   4.06417265
  25.87075219   6.42361678 -25.79817102 -22.44883767  -3.08056428
 -14.13373685 -20.84229308  -2.80680065][ 16.26876589  -3.38866741  -5.45640769   5.10992246   6.57114219
  29.88819562   8.0706312  -17.48109028 -14.35199602   0.1583963
 -16.11082929 -25.13937364  -6.27926689][ 16.24762693  -5.63852282  -8.18438972   4.43491525  -0.38793267
  26.49761792   5.10000035 -23.2739906  -18.4013815    5.50734492
 -10.96055062 -18.68941612  -8.72287128][ 16.17701522  -9.21249741 -13.07793872   5.73245259  -6.4965841
  27.49995885  -3.3426232  -16.59457689  -9.86156114  23.55285525
  -2.41215769 -21.4171926   -5.74200268]