[ 15.2744242  -11.07661713   6.73813835  10.32230581   2.22530634
 -17.52568155  -3.70763949  14.12877051  -1.10979947   6.00821024
 -20.47726544   3.9723419    4.56095265][ 19.45184121 -31.44901466  -4.04810748  34.11425322  -0.65631252
 -17.89270492 -27.6992254   -2.88061495 -19.85019283   3.53822388
   1.46993038  13.69445951   3.74557506][ 20.78965303 -35.32841842  -2.28226099  27.1889522  -13.78816083
  -5.58711322 -20.41835863   5.11621742 -14.27317466  -2.7950654
  -2.17658944   4.11244923   6.4168694 ][ 21.06240124 -44.24434318  -1.7292816   26.5160758  -18.64435026
   0.52393209  -2.91652213   5.36059862 -21.87143424  -6.47969185
  -4.3800474   -2.55176828   6.04179244][ 20.61488666 -32.43712865   8.20516898  31.96385434 -15.45883617
   0.36404964  -4.16375559   8.0362918  -16.83662452  -4.46631717
  -4.23067087  -0.77723728   6.73410937][ 20.72051972 -18.22989379  -3.571348    26.34786889 -16.60347834
  -9.86037823 -15.49391792 -11.56512459 -12.14785616  -2.80774584
 -18.83589865   0.46075786  -5.96557465][ 21.08001344 -14.88666232  -4.86176203  42.09291166  -7.34371787
 -31.37918104 -27.47339103 -27.50892669  -6.87407729  -5.46943847
 -24.84019848  16.9187099  -10.68375893][ 21.71777329 -13.75215895 -11.49536391  37.83395911 -11.22527961
 -39.3224058  -26.83670613 -31.82630046  -3.76856747  -8.12330977
 -24.95636379  18.53926666 -15.02727904][ 22.0417551  -11.66668338 -11.32595721  41.35764324  -6.94532413
 -39.56011566 -23.63403706 -28.32123806  10.2482847   -2.456494
 -11.16601775  26.57169725  -8.20001542][ 22.3240818  -12.43239354 -15.73510107  34.81135813 -10.48091358
 -43.68653735 -22.17841569 -28.17222939  15.50241328  -3.17294013
 -10.95241183  30.0712256  -12.6109737 ][ 22.36749525  -7.87991568 -17.3831965   25.16517698  -8.93421476
 -26.95622403 -15.02319711 -16.62761507  15.35217883   0.21564745
 -11.64925819  32.48583376 -11.44800172][ 22.34498409  -9.69076892 -19.52048748  32.46065821 -12.09960374
 -32.08979071 -21.55879235 -10.03938229  17.98254118  -0.3550635
 -16.2542953   28.65870937 -15.78653409][ 22.59836673 -10.96704499 -21.31929116  35.97847454 -10.44837591
 -30.43230131 -20.71090812 -16.09572273  18.23158579  -1.13250689
 -16.09876711  15.46617737 -16.32340093][ 22.6482956  -12.63351649 -21.08754264  36.58469788 -11.27943881
 -39.19119325 -21.20444532 -21.84040917  17.73547971 -12.54379906
 -21.18615378  19.17319042 -19.7304498 ][ 22.54098044 -13.08299125 -19.67131751  36.87279766 -13.91927765
 -39.48994769 -20.48381386 -20.73200792  15.55749492 -16.05332059
 -23.22126042  21.77568588 -21.03635468][ 22.32506117 -13.16716572 -15.53865067  41.00712917 -13.27167725
 -38.59331531 -19.28560566 -19.59192737  13.97615642 -16.10880021
 -22.80996305  23.45355483 -21.50853799][ 22.04672534 -12.80566078 -11.87939317  43.96856965 -14.87725139
 -36.43685255 -15.78628223 -20.93753629  10.15830968 -17.76985759
 -19.84871372  27.2953264  -21.54168334][ 21.68824611 -11.32894845 -10.06930277  45.44595983 -15.7338174
 -37.60691801 -14.23831945 -24.21647092  10.83925203 -16.91425087
 -19.77663556  29.15128986 -24.33558195][ 20.94051774  -9.56431918  -6.264518    34.687578   -12.48333611
 -24.17666631  -8.22066732 -22.52091558  15.08743189 -17.72212395
 -18.39508376  16.90097278 -15.92056264][ 18.72997053   1.88056689  -6.2820661   39.51026512  -1.21057621
 -13.43807308 -27.66519503 -29.02104124  -0.18140208 -19.15527836
  -7.06840875  13.99045367 -16.13026213][ 18.13986368   6.13887302  -7.0341529   34.22168491   3.73444346
 -12.44726645 -18.38857197 -39.33799723   0.38080524 -12.97964534
 -15.21464429  12.30181702 -21.96766997][ 17.85486179   5.4830937   -7.3326523   30.61061733   3.7364857
 -15.09691413 -29.88320925 -44.71118007  -9.94389329 -12.67358947
 -16.81981776  12.23906701 -22.14158807][ 17.84159724   9.01064589  -5.53533963  24.87481038  -3.26188152
  -7.54396228 -26.41155189 -29.49994887  -7.98194729  -9.94646216
 -24.43725273   9.44281162 -16.21290789][ 17.70705474   7.6549646   -3.9096843   23.34320197  -1.66980187
 -11.02115709 -22.17107314 -23.24569313  -6.07917041 -10.60987019
 -17.5492154    9.66309359 -18.27550899][ 17.3934381    7.8559053   -4.0633549   24.70911399   0.51643714
 -11.25400968 -25.49536535 -32.17708652 -11.94759498  -2.25082516
  -6.70842815  13.56234335 -19.00209724][ 17.52625152   7.47009718  -3.96723883  15.9129851   -1.03379734
 -12.99064416 -27.71523401 -36.25677983 -15.02833064  -2.37672264
 -12.84820557   2.67265731 -17.84117316][ 17.44945613   9.16169212  -2.45818914  20.18274762   3.10217961
 -10.44786449 -23.90629574 -25.80428592  -8.94904067   3.33818489
 -19.911966     5.14207583 -12.89950033][ 17.18224122   8.32222039  -0.53785171  21.21938638   5.45293039
 -11.22133466 -28.2957989  -31.83081656 -12.93351284  -0.06815802
 -21.26181772   4.93283434 -13.62827099][ 16.78086358  11.65695558   1.3754708   21.38869568   0.25620238
 -15.7020043  -18.95325198 -22.73889529  -6.97236605  -7.63258419
 -17.83723582  -1.81160349 -10.5400829 ][ 15.81156027   1.17231607  11.69576702  31.17890632   8.7790309
  -5.41046771 -20.85585795 -15.9603249  -10.26204992 -11.9940589
  -2.87926722  -7.13306954  -9.74900249][ 15.33779729  -1.4244174    8.59916812  20.697422     4.09975161
  -0.62405206 -13.3295435  -10.29087924  -8.08287067 -13.75559069
  -5.89826719  -6.9255567  -12.84952712][ 1.50431025e+01 -5.52666012e+00 -3.24938539e-03  7.98847014e+00
  4.04253385e-01  1.17457596e+00 -2.19533358e+01 -1.70246372e+01
 -2.10269625e+01 -1.30352743e+01 -9.87708951e+00 -1.21788085e+01
 -1.31269540e+01][ 14.98239401  -4.81593842  -8.60380058   4.40031914  -3.17322243
   1.18653862 -25.86185675 -15.21173985 -17.39224735 -10.43550553
 -14.68973828  -5.72754518 -18.09793828][ 16.73371747 -17.61316033 -12.79389031  14.58380827 -10.37022248
   4.55407653  -0.17133744  -9.77622187  -6.35310815   3.42627241
 -10.64910357   2.72044774 -11.73212049][ 17.51757842 -21.73565919 -13.33621682  16.63481459 -16.0731403
   0.76606259  -0.77251896 -14.42058857  -5.6050369    9.80703938
 -11.05397911   4.88641428  -1.94848391][ 1.92003656e+01 -3.17507929e+01 -1.46525625e+01  1.38645538e+01
 -2.30219023e+01  1.82655558e+00 -1.74684846e-03 -1.98176288e+01
 -1.20496488e+01  1.52124076e+01 -1.97757054e+01  1.06588864e+00
  7.51756742e+00][ 20.03319313 -33.5036705  -10.65185653  18.17719952 -20.32611639
   0.30003982  10.80048468  -8.12895836 -14.59263337  20.35873576
 -14.65611491   5.74206703   5.90296607][ 20.87883923 -41.58216874  -7.34151416  23.3937823  -16.29716116
  -1.73610668  13.56592086  -2.04387076  -9.41152933  14.2665951
 -11.34853852   7.07928115   1.14939262][ 21.30930015 -42.24739341  -5.2710207   24.76919213 -14.93624656
  -5.1470556    9.55693323  -1.72549256 -15.48361378   6.63316511
 -15.27062348   3.2582019   -0.19074969][ 21.59789567 -39.99804999  -1.65656945  22.19804604 -16.37076176
  -7.27911904   6.87739998   3.61485173 -11.70407371   5.13484654
  -8.22794735   1.67132975   0.61813495][ 21.88597155 -49.7193747   -3.54040775  25.36643426 -16.46990657
  -6.33426328   2.24982547   5.18635685  -7.10815347  12.72965632
  -2.81918672   5.94850444  11.07051429][ 21.9602066  -36.44518461   1.29262611  20.80595016 -13.51715604
  -3.14633683   5.10525984   7.77813224 -16.10229019  11.12796693
  -2.87575065  -2.44691494   2.26874259][ 21.81681628 -52.12730077  -4.59071651  26.47541665  -9.83189566
 -11.933132    -1.72796898  11.43727327 -14.65642224   7.86178362
  -9.70503825   3.59957949   8.50595754][ 21.45893934 -38.07716555  -1.13886798  18.5179277   -9.42688253
  -4.57334773   2.97998321   9.12147776 -13.03145312   5.54367016
  -5.99218544   2.2903583    3.02262854][ 21.07093943 -50.28010639  -8.80885548  22.67468066  -6.73043674
 -12.71367184  -7.25686781   8.04829823  -8.20250105  11.79629064
  -1.57922408   0.69401306   1.82955587][ 21.06191117 -43.66899277  -6.60000266  23.78740248  -7.4557996
 -12.56815298  -1.52962662   7.1193233  -17.61007917   6.87408354
  -4.77599956  -1.66781711   3.39217892][ 20.73244182 -35.65559844  -7.42989626  20.42579299  -8.89415529
 -11.21965059   2.63239636   8.32044879 -16.31498371   7.66068658
  -2.94312839  -2.58443971   4.97410951][ 20.34640686 -38.76904838  -9.36684382  22.21861129 -14.27208676
 -15.34916722  -2.33182595   7.57834778 -15.28037744   1.78260079
   0.41004611   3.95596112  -0.20385163][ 19.81048058 -38.65911203 -12.56251636  24.59790354 -15.63563025
 -17.23090653  -8.86639101   8.16715384  -5.1410242    8.7413212
   0.71626097   8.21485096  -0.53064315][ 19.14287228 -33.81479646  -9.50966015  27.0487918  -10.94850983
 -15.10119237  -3.83220083  13.82269978 -11.29266146   7.44057787
   3.15942938   7.94269669   4.27338538][ 17.98744166 -25.92483643 -12.16085936  18.06078093  -8.50239123
  -9.53407101  -6.16098537  14.79410194  -7.7053681    5.40546298
   5.09757992   5.80310344  -2.96116863][ 17.19294822 -28.17881785 -18.84961382  18.65103205  -7.54459662
 -13.52576002 -12.79272292  16.3994357   -3.16699386   5.91929991
   0.41099541   2.22960341  -3.88268326][ 16.5606983  -25.07861427 -21.44529813  19.60962542  -4.37041933
 -10.78964428 -17.08588604  13.5409871   -4.01181523   3.55201552
  -4.86618477  10.43892842   2.76743107][ 16.37546137 -26.64195125 -27.03281445  16.36927361  -5.13335102
 -15.41154438 -14.85910777  16.42785962  12.0123096   13.04292934
   2.38850114  15.13184062  10.29030536][ 15.82471712 -20.66600828 -23.63757079  18.46861505  -1.16832542
 -10.50727983 -10.10494681   9.11176069   8.94688902   9.29442211
  -1.57541621  14.40741335   3.2083896 ]