[ 12.10179476  -9.77257101   2.77792729   6.3494433   -6.05140069
  -5.14953871  -0.83254054  11.71268381   6.26187916   0.66501918
  -9.41292483 -11.78324731  -9.93881715][ 18.85760104 -25.95955732 -23.61999502   3.85498844   8.67068158
   0.97786891 -27.09088072  12.77078191  -7.96022245   3.03202027
   0.44649995   8.55905838   6.64310193][ 20.98484176 -37.03848152 -11.78445047   6.79924432   5.22524251
   3.86034649 -26.91924926  18.74591199 -18.39804826   8.99194816
 -10.82910869   7.64405119   1.19293848][ 21.50915987 -41.26254921  -6.56129704  11.95330231   0.19390355
  -0.44818974 -20.02904878  17.55203022 -22.71491778   7.56541178
  -2.39077805   0.63783802  -6.79664372][ 22.04593987 -39.86406303  -5.59289004  12.8450241    1.05380479
   2.54537633 -12.02752935  21.10929222 -22.87555424   9.63975858
  -7.40286244  -2.11854858  -7.54576787][ 22.05936479 -43.53063424  -9.67032515  11.37582388  -0.87636174
   1.84944086 -10.27654298  17.66075781 -18.73838134  16.86006037
  -1.2616007    5.65705757  -2.61100739][ 2.21788286e+01 -3.91163464e+01 -6.56575237e+00  1.22665932e+01
 -2.80971995e+00  2.25908167e+00 -9.23900081e+00  1.51484933e+01
 -2.48359370e+01  1.82912334e+01  1.46821460e-02  6.65390378e+00
 -8.66619445e+00][ 2.22129451e+01 -4.80624331e+01 -1.10982058e+01  1.54298415e+01
 -4.16454749e-02  2.73594749e+00 -1.35795958e+01  1.51909899e+01
 -2.60864680e+01  1.69524177e+01 -8.49521653e-01  7.38071583e+00
 -9.91257007e+00][ 22.14884823 -42.70747599  -7.17118333  15.27663864  -4.63082288
   2.59213732  -8.24450936  20.7110644  -23.80265295  10.73819887
   2.58223606   5.12652438  -4.41047301][ 22.11658896 -45.78338532  -9.2052137   17.91724096  -4.5045361
  -7.50720042 -13.51293813  15.74665386 -17.0535356    9.20100435
  -2.80335698  -5.83242551  -1.3147963 ][ 22.43999033 -47.90427238  -7.88886011  19.80003867  -2.33478026
  -3.72292921 -10.71688655  13.57221174 -24.93159774  13.61920751
   3.52909106  -4.99872229  -4.7208488 ][ 22.55338108 -40.89912047  -2.53892885  18.38172775  -7.82642364
  -1.77016707  -2.39291431  17.43026562 -30.28919272  15.94366041
   4.49389366  -5.95902816  -5.04905704][ 22.42010259 -50.07564062  -1.45893062  21.67130261  -7.71135775
   1.40512422  -5.78062048  17.12419699 -21.73558018  16.17595415
   0.76585806  -2.22722187  -0.58260939][ 22.18190581 -46.63248852   0.97381567  17.45890436 -12.80300968
   2.58968447  -1.95088298   6.3058119  -24.59700887  15.72113012
  -5.33545476  -8.03484802  -1.52596272][ 21.68140249 -48.25933496   3.82018128  10.29135495 -19.08702967
   9.4500732   -9.8243819   -4.72918493 -15.21388179  11.24509928
  -7.32301351  -3.01498518  -4.71461485][ 21.0024318  -47.33773354   3.48081621   6.96006069 -24.16535502
   6.39972283 -13.78571481  -6.71750848 -14.79482898   9.05309917
   2.56759032   5.56487899   5.95450725][ 18.97599436 -35.44810973   3.46434097  -0.28586554 -14.17173481
   0.25798006  -8.13211084   5.24045447 -25.73874281   0.40524587
   3.38432552  -9.83058428   8.69104789][ 16.79025095 -34.19632199   1.43925247  19.46962876 -12.16906882
  -3.52576739  -0.29670328  14.82839449  -6.8618233   11.40316711
   9.01754617   7.09681428  -8.25947818][ 16.49437863 -30.93458039  -0.79537557  19.44666884 -10.74707673
  -0.24000765  -0.99523819  19.47722132  -8.19972764  16.42551247
  12.44136411   7.10890584  -7.00649076][ 1.61458264e+01 -3.25423457e+01 -2.50946178e-02  2.18034624e+01
 -1.03557856e+01  1.32859961e+00 -8.85198780e-02  1.91711338e+01
 -9.96193482e+00  1.57644605e+01  1.15251056e+01 -1.06962941e+00
 -6.15985772e+00][ 15.51109444 -31.02922022  -1.86951011  16.1499675  -13.97186123
  -3.57059647  -1.79435773   7.26157531 -15.19597747  13.6007346
   9.13881463  -6.49600265 -11.12711353][ 15.13700084 -29.74567132  -2.54498124  15.22656719 -18.4742276
  -3.37957874  -4.04691062   4.72109499 -18.68955139   1.59775266
  -5.82024613 -10.71516431 -13.36901776][ 14.74990825 -26.48566356  -1.42251827  17.9635518  -13.94320933
   2.04754532  -0.1791534   12.94314601 -11.74529698   8.26401413
  -1.51698477  -5.17765984  -9.47559564][ 14.51793419 -25.68392851  -2.47799574  14.64613455 -17.10921286
  -3.38373333  -1.40465501  17.74078216  -5.72744891  14.59313727
   9.05148278   9.49077637  -6.75305627][ 17.83894644 -21.58372066 -14.80487244   1.31291147  -6.12624693
  10.72913663 -24.75204501  -5.99356173 -36.40495734   1.85452159
  16.27261848   9.17932292   5.60924831][ 18.38150072 -10.4450146   -5.71464759   1.77904935  -9.90208428
   4.08582183 -29.02432451  -0.2814973  -30.56505078   3.32041691
   3.0510552  -10.95120777 -13.77305716][ 18.65309599  -6.32431205  -3.35786304  -2.52028253 -12.20645014
  -0.32520395 -28.22014787  -0.91322177 -22.54538168   9.89327273
   2.06933717 -14.67829345 -15.41996935][ 19.58984632  -2.79972032  -5.54032503   1.41832517 -17.29994202
 -21.75985631 -16.99067257 -26.24062859  -0.95260826  18.00194596
  -1.24488244   0.99319065 -32.34748957][ 20.43291266  -0.45866686 -11.27168082  -0.6394696  -12.1102799
 -22.12098634 -14.44529273 -33.18766021   7.87305943  26.37242771
   1.28718287   1.37710512 -35.81479535][ 21.06264601  -0.21844937 -19.63906171  -4.58142932 -11.23627939
 -24.74940439 -12.79193337 -30.33666245   6.3864707   15.95959486
  -4.11993786   4.28955272 -31.18864343][ 21.16013797   2.37598824 -21.08374194   0.07296272  -9.24156985
 -21.54977335 -16.3357842  -27.55698502  12.57117706  20.29299075
   1.31286487   8.74774978 -27.85400904][ 21.12201765   2.0067553  -27.78216825  -2.92071565 -18.06838044
 -23.57992247 -20.47467304 -34.63401293  11.68564029  11.79389419
  -6.93361826   5.52006997 -34.36692053][ 21.15932985   1.86730761 -25.24287171  -0.72029897 -16.55379894
 -20.83051531 -21.26668136 -31.06153893  19.81692164  12.24678362
  -0.22720886   3.61127203 -32.39023948][ 21.17754959   0.35403266 -24.64723159  -1.61679123 -18.13724257
 -21.56649669 -20.3961803  -29.2085989   22.3643451   14.13224597
  -2.00238903   8.76792273 -31.54193037][ 21.30335522   1.06677673 -21.36857501   2.48060039 -16.23827906
 -20.30247586 -20.17762674 -21.87543577  24.35161278  18.80997361
  -2.21789625   5.93358247 -28.76210871][ 21.3479225    0.54738262 -23.9559424    3.12317446 -19.9004224
 -19.96772682 -23.91219669 -21.08735094  22.90944513  19.81657955
  -6.06866545   3.60087905 -31.24105316][ 21.51945332  -1.63159344 -23.58010988   4.9088363  -18.53861225
 -20.70832252 -19.70375864 -22.83572669  21.8891887   18.75947416
  -1.66215793   6.23062315 -31.58709798][ 21.60807637  -2.63795242 -21.67045655   6.28281504 -15.03373306
 -18.25355263 -15.31942323 -21.61980595  23.47787254  16.17980156
   0.96093452   3.62073637 -35.35885102][ 21.6068286   -3.55921468 -19.57332953   3.48453822  -9.91106459
 -20.42531383 -19.1626563  -24.09211913  25.65032931  13.49479658
  -0.25605934  -1.10870204 -36.89297218][ 21.6561874   -3.294809   -23.20016103   2.31708629 -14.83349183
 -16.91085283 -19.55271827 -23.6537552   17.99508724  12.51861803
  -6.00007682  -1.7211007  -35.31993404][ 21.63300139  -4.45030644 -23.87690495   0.99953052 -17.19366881
 -21.6845912  -22.9156296  -33.84501404  20.00545001  11.96295125
  -0.95004406   0.06218595 -35.15230225][ 21.56129504  -3.40924106 -24.05911709   3.5824136  -16.01192911
 -21.58630727 -20.02276925 -35.89724258  21.87796881  10.75566936
   2.25803269  -1.64173842 -36.87127333][ 21.38799491  -3.37522297 -23.091538     2.23486197 -14.96046655
 -21.66785418 -22.87244664 -36.88134222  23.98373598   9.06266053
   5.70190483  -2.70756565 -36.75820753][ 21.17749928  -1.19491019 -19.03188155   4.82346737  -9.06362831
 -18.24051381 -18.18332391 -32.45272609  28.10769551  17.95373114
  13.17949264   4.27446858 -34.03573867][ 20.91918699  -0.95276646 -18.03594013   1.6736049   -9.81129695
 -19.91822876 -16.94089717 -39.64038928  29.84279643  15.14328903
   7.62650378   5.7456947  -36.84633179][ 2.07457140e+01 -2.21601460e+00 -1.80394593e+01  7.48073054e-01
 -1.15238526e+01 -2.22848363e+01 -1.76200663e+01 -4.73639941e+01
  2.42691334e+01  1.26477309e+01  1.96742100e-02  3.42599049e+00
 -4.09224724e+01][ 20.47855138  -3.40482342 -17.60954696   3.20531228 -12.10943636
 -22.57831599 -19.68203704 -46.00830414  23.34250794  11.84687779
  -2.80712506   2.34266126 -34.42681681][ 20.1889924   -3.91328261 -18.881541    11.17709138  -8.87880814
 -19.46281247 -19.36070406 -39.73942047  17.02563861  11.47832654
  -3.77052285   4.36751968 -27.72978288][ 19.73974827  -3.28248026 -19.60328486  18.77201714  -8.15077557
 -11.84694882 -19.57717347 -33.9070314    7.27048131  15.45031439
  -6.21052749   7.47973532 -26.0781241 ][ 18.50149516  -3.31766083 -19.18960194  17.0519342  -12.08207062
  -8.1718484  -15.78626506 -27.65557787  -2.60495508  17.46977057
  -8.9784554   -9.81701375 -15.48145001][ 16.90903377  -3.36650199 -10.99297035  12.61873023 -11.57654909
  -8.5656839  -23.41536278 -17.02303441   0.85360173   8.44652741
   6.94681986 -11.53801666 -19.82232386][ 17.52153126  -3.16283375  -5.97006779  17.10584181 -17.63788255
 -15.03197354 -31.96525195 -26.68689115   6.7456863    9.41915725
  -3.33725569   5.47858129 -10.64663664][ 18.64564223   0.70153477 -11.74620895  27.38787589  -6.1372366
 -13.42658116 -32.15089697 -36.10575033  10.08241726  18.01839902
  -4.4995211    9.93043058  -7.74273934][ 19.50197801   0.99125123 -21.71611748  29.32124012 -12.03201656
 -30.68139495 -26.89832516 -35.99235591   1.34781894   7.98014321
 -12.46044604  -0.16311524 -11.43028147][ 20.07046059   0.78572537 -23.78555555  31.10768869 -15.43951699
 -36.74037319 -22.88970323 -34.87851902  -4.28790181   8.43094581
 -17.24105727   9.57652497 -17.50322341][ 20.597218    -2.71506377 -18.44666605  33.03236442  -6.84501889
 -40.78391444 -23.70416272 -41.29060288   9.67810104   4.83165539
 -13.99410744  18.82984796 -17.86200334][ 20.99804399  -6.45380647 -15.80754863  27.73140324  -2.48566163
 -40.06438034 -32.58934647 -35.30075265   6.17306188   7.12045009
 -20.04652688  27.70139174 -20.89979975][ 21.20145502  -9.10127557 -14.56117302  23.82204863  -3.05930504
 -34.63847865 -41.38102266 -28.40271061  12.50163781   1.89798662
 -12.28828176  26.47712117  -9.97918842][ 21.25899644  -8.80599834 -13.08847053  23.28340213   3.03758868
 -34.49510017 -43.20025028 -23.75556889  14.17267458   3.51595994
 -11.24710912  29.10250106  -8.89925541][ 21.16220917  -4.64965518 -15.14211995  14.20423659   3.39307279
 -24.20563028 -32.88170251 -15.95157929   5.75133452  -1.2560824
 -10.24825612  20.07826789 -11.82291778][ 21.08953611  -5.34437681 -19.09176729  13.48674611   2.75458548
 -39.55682121 -34.82407788 -27.40829811   5.03205421  -5.43816765
 -23.9905399   27.24119282 -20.5425272 ][ 21.07356636  -7.0700655  -19.08292648  16.44599314   3.45080944
 -43.2610742  -44.76152645 -32.9034295    0.46640275  -8.02885979
 -28.15693988  25.34994071 -20.94027075][ 2.11740087e+01 -4.91880216e+00 -1.58710403e+01  2.30058757e+01
  1.12774573e+01 -3.71553246e+01 -3.87502822e+01 -2.66646259e+01
  7.07037450e+00 -3.00724652e-02 -2.21394171e+01  3.37655611e+01
 -1.46414934e+01][ 21.30564633  -3.51322036 -19.90480076  15.44578667  10.038918
 -30.23402541 -27.79884949 -25.09804188   2.53102615  -2.63298457
 -19.72955304  32.3669787   -5.06644235][ 21.07821521  -1.97226887 -16.23528249  19.92028041  10.2915349
 -33.98765626 -41.89894081 -24.77645803   4.45508978   2.08542023
 -24.47021213  28.67371958  -7.92947556][ 20.78049658  -3.11346105 -19.38982778  10.59274723   2.73875832
 -42.40385976 -47.49994256 -31.5630293   -1.05572993 -10.3143716
 -31.72460241  20.85390649  -9.57297602][ 20.45031404  -1.0252071  -11.07062368  19.84666155  11.69284926
 -30.94140817 -39.58802516 -22.78670247   6.50852066 -10.84325536
 -19.9393048   24.9586715   -2.5822353 ][ 20.41422545  -1.42588556  -8.58768657  21.14221791  10.14117992
 -29.44444586 -38.35060009 -22.115692     7.35569142  -5.62110172
 -14.84888784  31.39385754  -5.84300037][ 20.13667601  -3.29213744  -9.18885293  23.04193      2.50355848
 -29.59831043 -43.15564361 -26.40173647   3.07667449 -11.83778457
 -16.75825379  29.19135412 -13.55171839][ 19.92919775  -5.27188495  -9.37281511  18.15291278  -1.64613822
 -25.34835332 -43.79831734 -24.02637352  -5.16487109 -19.61052527
 -16.77733786  27.4835865  -10.0815907 ][ 19.75895011  -6.9246999   -2.02295138  26.73814055   2.92175888
 -25.05949471 -45.75930637 -17.19752848   9.39015007 -17.33696652
 -13.14221439  28.42075418 -14.04578001][ 1.92759680e+01 -7.66555361e+00  2.68801537e-02  2.30561766e+01
  3.98518292e+00 -1.38022561e+01 -4.49926973e+01 -1.25407143e+01
  1.05514713e+01 -1.99908159e+01 -1.23709323e+01  2.36905547e+01
 -1.70733042e+01][ 19.23016493 -11.28687552   1.99996946  26.16386423   0.73329061
 -12.94947    -45.03243537 -12.97684898   5.52796175 -32.00589161
 -13.97163299  22.00128133 -15.0220582 ][ 18.55320195 -11.08034986  -2.46617327  28.19481809  -1.32288467
  -7.98765601 -38.4350617   -7.87393683   9.99962975 -26.83384365
 -14.98361394   7.04722639 -14.69161401][ 17.34369876  -5.26083677  -5.22055828  28.5917402    3.30246056
   1.77590679 -41.17342905  -2.58237181   4.69247803 -26.35641105
  -5.08228418   4.34722461 -15.75944943][ 16.40592127  -4.21652965  -4.14225479  26.89853576  10.44958921
   2.14421707 -30.42553776   2.71348029   5.80144661 -18.81416476
  -1.07913603   7.4344553  -16.86805401][ 15.51783654  -3.07292593  -7.02852865  28.95744202   9.43382001
  -5.65007813 -21.42559817   2.03026096  -3.65191149  -7.66449016
   4.839654     0.62403399  -2.56045528]