[ 13.66226796  -1.41341178   7.09743747   6.1027565    2.67432071
  -6.22191106  -4.18658428  -9.91283985 -12.33760521 -10.15781539
 -11.18672762  -8.44659827  -8.5050108 ][ 13.56718904   5.09503373  14.17321548  18.61206076   3.89541447
  -8.31586704 -11.77967338 -12.08482803  -7.81829586   1.28085906
 -10.23795173 -12.61667804 -14.28115028][ 13.85591268   6.84333512  15.83084157  17.37395722   0.87531075
  -1.94985602  -6.74149092 -10.36530123 -11.04234071  -0.8009888
 -11.95090402 -13.94382098 -17.44116274][ 14.01179145   8.19749392  17.53635927  17.56074052  -1.54220167
  -0.64383639  -5.06565403 -13.69416202 -13.43456104   2.44508369
  -7.49200657  -8.20531354 -19.18020358][ 14.15987176   9.00136572  16.12445638  17.77437132  -2.04395458
  -4.28563797  -7.69948991 -15.11427943 -10.87800123   5.14577834
  -7.71318425  -6.42631583 -20.98203008][ 14.24606676   9.51063233  16.57004573  18.69155208  -2.86724446
  -6.27681165  -7.45441125 -13.04241706  -3.01452148   4.95048874
 -10.91421779 -10.7353935  -23.64278157][ 14.2726907    9.72688676  16.73599803  16.42106334  -3.73282337
  -4.70294673  -7.74768524  -9.02032324  -8.5981162    4.17043716
  -8.09601099 -12.31841624 -28.64721316][ 14.15900327   9.24666756  17.116505    16.43723487  -1.88959362
  -3.72697308  -7.25836154  -9.18884719  -6.85217958   3.98909854
  -7.78291159  -8.82806863 -25.01963011][ 13.92268518   7.84933123  16.61713639  19.34284285   1.06610238
  -3.21220448  -6.4867662  -12.9182992   -5.09343947   1.87567371
  -4.85200277  -7.19163229 -23.42850307][ 13.70828103   8.6110226   12.71891628  15.55388898   0.56628938
  -2.29668359   0.14771901  -9.63276532  -7.69525656  -1.23702429
  -3.73853811 -11.41262174 -18.11599482][ 13.47782537   6.98476553  11.87334971  14.31708558  -2.13010893
   4.70454237   2.53485407  -5.38774254  -8.91865944  -3.91623456
  -3.57126731  -5.65744226 -19.26281398][ 17.52568031 -14.01515734   2.59390476  -1.40831741  -4.4236641
  21.85409587 -24.23098442   0.40583344  -7.1286042   14.36980419
  -9.74652396  -5.12855914  -4.98421036][ 18.6188933  -20.43929002   5.96756073  -1.45839883   4.21352354
   7.28320246 -23.72955489   8.4889593   -7.57073321   7.67060279
  -4.93799761 -12.4308794   -3.26949287][ 19.16911085 -20.49428387  10.21815927  -0.04934148   6.82485455
   4.64029204 -28.35738733   6.24669476 -14.35237321   3.81563643
  -1.8568581  -12.83663784  -6.49348488][ 18.81829667 -17.74525232  16.43927696   4.85669559   8.16714566
   6.47846363 -30.41034108  -8.48173087 -27.25343072  -1.78261475
   9.69246341  -0.54277674 -10.61720131][ 18.00609356 -11.81502843  10.48695705   3.77200337   1.30392923
   4.11502428 -18.92869762 -16.70519055 -25.86890946  -4.92693587
   4.98136294   2.46703987 -12.02992793][ 17.77556694  -8.9163061    5.25269545   2.82390371  -0.75544686
  -0.90542391 -16.9456778  -17.4079288  -22.62469767  -2.13128923
   0.91323901   8.11495324 -17.32219454][ 17.58992224  -7.63334742   2.62208947   3.73374379   3.18205511
   3.70656124 -16.71875263 -23.83522193 -27.41082003   0.53851896
   4.68378853   6.82749388 -18.35298221][ 17.44876087  -5.93672162   1.2453935   -0.18188166   3.0516684
   4.64308473 -13.51524626 -23.05678963 -25.09784755   0.74215399
   2.10281625   3.80853784 -17.23301543][ 17.42293201  -7.7084601    4.1918291    0.7264829    0.28714575
   8.89396426 -12.54407552 -21.39668496 -27.62614676   0.79957482
   4.85893139   7.57870441 -12.49597979][ 17.4057433   -8.34743775   5.51712848  -0.68283239   0.57898506
   6.82793091 -10.31358253 -21.77669758 -28.85474809  -0.75932077
   6.4060557   14.03286585 -10.45245625][ 17.31023728  -8.84272444   5.03389634   1.0501053    0.07513495
   5.67085253  -7.44693758 -20.32726564 -27.88148177   1.17947929
   4.62807875  15.87420978  -8.24546561][ 17.16706175 -10.11271358   5.11438308   5.00014567   3.79241286
   5.35326486  -8.0193509  -20.76685    -22.71272296   0.96631134
  -0.21826435  13.45211944  -5.22376473][ 16.99573909 -10.58133175   5.29053318   5.0139981    6.0646633
  10.96569844  -7.71213738 -16.91684314 -25.62685288  -3.30061206
  -4.66010725  11.74614794  -3.60022997][ 16.98164964 -10.86314225   4.55828215   1.69484854   5.81614873
  13.74186563  -6.81214731 -11.39762789 -25.49238922  -5.19854778
  -2.22919407  13.6046216   -6.67231604][ 16.74416313  -9.52479202   5.62253525  -0.30525694   1.20892212
  12.28506219  -1.58235774  -6.65009695 -22.70255591  -9.15558288
   0.90308802  17.41046362  -9.56681506][ 16.47593082  -4.49154216   3.95929962  -2.37348423  -2.74640475
   7.63747706   1.69071344  -7.46606395 -25.02837158  -8.69748701
  -3.05185768  21.11412217 -11.5898055 ][ 16.51272022   1.2334519   -1.48304893   0.76280192  -4.97226557
   0.55084915   7.19541023 -13.59888697 -21.4700224  -14.96498108
   3.13319586  21.7755552   -9.1185882 ][ 17.3379932    4.53303425  -5.89335684   0.21036048 -14.19990974
  -6.18617867  12.36845322 -24.48229372 -15.66628577 -16.22435016
  15.32275891  21.24800476 -16.10343844][ 18.72194843   5.65372111 -11.55963485  -0.85450884 -19.49443696
 -11.65974039  14.07318037 -31.30380477  -9.7391218  -11.26743722
  20.39251098  26.90613539 -22.4581988 ][ 19.8554204    4.73983002 -16.19946977  -3.10345613 -25.85279139
 -14.59146292  11.71252585 -24.9700616   -0.30179513  -9.21306529
  20.78176415  25.12434268 -28.98511901][ 20.48636882   2.88808446 -18.61544558  -3.4232061  -27.69545591
 -12.3260621    8.98900183 -19.00167169   3.1558604   -8.5186044
  20.61785179  18.49300286 -31.28579871][ 20.76991813   2.21300137 -18.66663451  -1.46852828 -26.21798332
  -4.84221342  14.25337135 -11.32452109   2.88218106  -1.79257392
  20.10829734  17.40951189 -33.74077136][ 20.75142008   1.27361206 -22.19995935  -3.82998005 -31.64545077
  -4.39211331  10.99259352 -15.36764066  -2.08348247  -1.93878132
  11.62669005  13.43949035 -38.73482731][ 20.7005769    1.07028746 -19.46211558  -5.88183851 -29.32128331
  -0.51365336  17.28809697 -11.02647842  -2.21186339   5.3084189
   9.96278403  14.43181264 -41.94860807][ 20.86485668  -0.15900354 -21.20711152  -7.06786719 -26.97194192
   1.7439431   19.84526157  -8.19750887  -6.40239026   8.24120218
   5.41034916  13.67043322 -45.19761037][ 21.05216303  -1.43742728 -23.07378056  -7.53519192 -27.61952502
   2.59260052  22.67119277  -9.45893144 -11.46095817   9.78323107
   2.41596959  12.84558784 -47.55976475][ 21.21040976  -0.18147417 -24.73363511  -4.4823098  -21.34040077
   0.30622928  13.45827901 -10.56112338  -8.58101501   3.13531023
  -4.02039271  10.51330351 -34.45581593][ 21.33484817  -1.0263152  -25.54203256  -8.74233701 -29.01093371
  -2.23114415  21.44343411 -19.46713311  -5.71126344   4.42868093
   4.64230429   7.4491843  -26.22264387][ 2.14311177e+01 -2.78953036e+00 -2.95567704e+01 -1.17373481e+01
 -3.34382377e+01 -2.78742812e-02  1.83052530e+01 -1.58365950e+01
 -1.48565476e+01  3.25531986e+00 -7.91224886e+00  1.01335122e+01
 -4.08255087e+01][ 21.48370112  -0.73927368 -27.70431177  -8.59492907 -29.69247136
   0.72323908  23.11104607 -13.35179497  -8.3603325    7.08905643
  -1.98527121  16.2254128  -40.13169581][ 21.51202652  -1.52359171 -27.16349352 -11.11602085 -31.9792417
  -1.23139723  26.14494291 -15.06577249  -7.29445909   4.91209068
  -0.08503357  13.16080143 -39.18796776][ 21.44949574  -3.03495144 -29.6384816  -14.58138936 -37.02473315
  -5.7238493   19.69542046 -19.95035819 -12.32578396  -1.94646638
  -4.38997848   5.71659469 -41.84659646][ 21.32648247  -0.91305856 -27.46786066 -12.35972059 -34.50605334
  -2.70888158  22.5843711  -19.36215848  -7.14595793  -2.09469668
   1.37490901   7.49950592 -40.07093626][ 21.15123638  -0.12130483 -27.23215942 -13.17359916 -36.48300338
  -3.45730421  21.0807412  -19.34515768  -7.49013294  -2.36187154
   3.18929081  12.14027756 -40.26934817][ 20.95264149   3.16171648 -23.80156508  -8.40234201 -31.16575386
   1.02229819  25.3587985  -17.53504822  -4.98458257   3.22183782
   7.17405088  16.44295547 -41.10459416][ 20.59686123   0.31029861 -21.00382648 -14.4421915  -33.23177596
   3.26931655  19.09017391 -23.23530332  -2.80507263  -8.52149562
  13.60386215   6.01708455 -28.68837455][ 20.18224351   1.63036681 -21.65375158 -13.60543793 -35.67109705
   7.33460782  14.44096068 -27.30692397  -2.80414914 -12.5170738
   3.90127914   4.28369326 -42.01202721][ 19.83988567   0.08152147 -17.83185175 -15.29026923 -36.68206906
   6.56213328  13.95509017 -27.0011672  -10.05929961 -17.4657922
   5.90855232  -4.17949503 -43.21699575][ 19.58575567  -0.119804   -17.0376099  -10.07156972 -34.88990546
   6.32598948  16.16184124 -21.49251167 -10.18075903 -16.68408883
   8.32697151  -5.93166578 -41.85378463][ 19.78330037  -2.76822195 -17.61933939  -3.07994511 -28.76179139
  14.27846912  16.96495828 -17.63954595  -6.25927149 -17.76123268
   8.29917191  -2.27495175 -26.39733931][ 19.46738008  -6.50019995 -19.00394511  -7.36397868 -28.0341046
  13.44292349  12.92455467 -22.73145409 -12.87580428 -26.51123242
   4.42339872 -11.14532457 -30.99306249][ 19.21988867  -5.41239203 -16.18131604  -8.07332889 -22.81368658
  17.40429556  13.58822782 -18.41377675 -10.04271061 -24.62761935
   9.36075491  -6.68809782 -22.71224436][ 18.2949596   -5.66165304 -10.18650699 -14.00470704 -16.39393195
  12.82396828   5.71372393 -14.97829433 -16.00731171 -22.85317561
  10.13885179  -8.90937462 -19.0196699 ][ 17.88576883  -7.36391202 -12.67630934  -5.2953009  -13.80779519
  12.08887434  11.52051908 -20.51770669 -18.97543    -18.03021575
   2.74553995 -10.21361958 -14.77551736][ 17.56614101  -8.1652941  -12.50667843  -3.28980863  -9.86121447
  16.25300579  14.94421926 -17.39746427 -15.57455225  -9.47022776
  -0.30576787 -11.25539536 -19.82138581][ 17.09136604  -6.80238126 -10.9221919    1.39951211  -5.45237731
  18.05017784  15.73462711 -12.44666717 -11.34212995  -4.77034882
   4.24177378 -13.41980341 -15.67113624][ 15.93722861  -5.04372388  -9.92799677  -4.49533002  -4.27558491
  21.27778539   8.14607388  -9.18019508  -2.92902123  -8.08950237
  -9.16180153 -11.63453682 -18.05511615][ 15.24308055  -4.66277641 -15.06496325  -5.75081222  -8.70546453
  22.46356015  12.16473491  -3.0914137  -10.79659834  -6.42197968
 -13.94803381 -12.31647707  -9.76835389]