[ 14.64574772 -22.0575091  -10.85785778  24.40573166  -9.33724565
  -2.52867425   0.39488687   3.82504584  -4.85560358  -1.274843
  -1.16936828  -4.54809345  -3.14855691][ 16.58404316 -26.83848235  -7.57108626  26.53683979 -18.67678993
  -2.94843782   7.16832958  11.8356428   -9.59066883   3.41470994
   2.6558891   -2.08772996  -6.51281132][ 18.43211105 -39.84027247  -6.5047977   37.09549801 -21.26685196
  -2.27863329  19.22633485  10.69815827  -4.61034958  18.21948431
   0.42157394   4.79974133   0.12052475][ 19.13432164 -44.76487836  -7.26956117  32.4805543  -17.03224425
  -5.24408334  11.33825723  12.26565776  -0.19687504  14.35255039
  -1.92358198   8.09571753   4.6003884 ][ 19.66652744 -37.40039612  -4.65250798  26.52058961 -18.29852387
  -5.0031394    5.01999279   4.18748828  -9.04651236   8.71873227
  -7.23859519  -2.26794001   0.78585001][ 19.9734269  -44.31917948  -4.95704344  27.33090442 -13.95326149
  -6.34677066   3.88838129   8.05305079  -8.85478068   5.05587515
  -2.40039609   0.59631683   2.05932084][ 20.16373511 -43.21301581  -4.45070975  26.37512463 -12.43351271
  -2.68024081   1.48426658   9.13329704 -10.20226431   6.43104311
  -2.77149351  -2.54822242  -0.09144008][ 20.36723016 -54.40976275  -9.18178129  26.46378903  -5.74047334
  -2.75893172  -4.65205701   9.69059325  -8.70827472   8.85305083
   6.11114385   6.40947894  -0.35983208][ 20.79566042 -47.53659858  -5.30034763  25.54748149 -11.55961273
  -5.39653545  -4.48405416  14.69221477 -17.4042859    4.94568555
   3.43930234   0.3082807   -0.31149208][ 21.05621414 -48.15746586  -5.50946379  22.74858538  -6.38423768
  -0.28703043  -1.25546865  14.52995288 -12.16968878   6.60096696
   2.00742897  -3.58310396  -2.29963459][ 21.36987642 -49.92412218  -5.62645429  26.76387156  -7.04236687
  -3.72556092  -3.21461498   7.81451533 -14.12095847   3.45865166
   1.43118602  -2.79026792  -1.1608444 ][ 21.6562641  -43.33512315  -1.95974391  25.81355526 -13.44281746
  -8.56440563   1.38761812   9.66358997 -16.11526356   4.75249992
  -0.13191744  -4.35119865  -3.68406119][ 21.80601753 -46.01499913  -4.57815324  25.78943555 -10.31425991
  -7.71421363  -0.68295268  10.00022436 -16.3875599    7.33532173
   1.34784827  -6.7385737   -3.33801668][ 21.85384943 -37.35593476  -2.17390482  18.33988326 -11.93406067
  -6.90770018  -2.82602584  11.18911229 -17.3003162    6.21687895
  -6.09114563  -4.0894697   -4.2287778 ][ 21.93342669 -54.06866096 -10.31748737  21.67961059  -3.42428195
  -4.09930857  -2.33310962  20.23901329  -8.96873016  14.63385788
  -2.40854243   9.07293841   0.25571539][ 22.02625773 -41.10899304  -2.68389328  24.336152    -7.29104816
  -7.70117201  -3.84374922  17.4269296  -17.30137031   8.75755349
  -4.42378179   2.98163608  -2.21549659][ 22.01656559 -39.92744738  -5.95263721  21.15236038  -2.58515247
  -9.56350246  -4.0977797   20.22538728 -19.57681966   5.64534555
   2.51800544  -3.87461314  -3.25058826][ 21.91984406 -39.54939908  -6.95079601  22.30840587  -2.44938697
 -11.66078359  -6.26226602  21.07216496 -19.25428296   2.41560886
   1.4446771   -6.20551742  -7.27899565][ 21.80388097 -42.77131993 -10.00189283  22.78733524  -2.70903026
  -9.52413506  -9.40361646  16.43379786 -14.27735118   3.51620122
  -3.20213898   1.02048502  -5.5263142 ][ 21.6315589  -48.07254173 -11.92755892  24.25983118  -3.73914465
 -10.8652041  -12.61659807  15.18865826  -6.98912107   8.05400773
  -2.50314058   6.93753138  -7.63975425][ 21.29575351 -49.61597513 -13.75708837  24.46196112  -0.8138515
  -7.71587754 -13.67677113  14.50363795  -3.55929385  12.16358461
  -3.50135362  -0.96420729 -14.26877375][ 20.50688479 -34.6493909   -1.85239341  33.22489637   7.49707765
 -12.1161526  -14.23144924  13.63186061 -10.88641003   4.0860201
  -3.24160433   5.66442541  -4.11277599][ 19.89677824 -15.93702217 -10.09211585  29.08663867   4.01699294
 -18.77160906 -35.51098758 -19.19894585 -22.00315101  -6.76690758
 -14.61033265   8.72091269  -1.15299257][ 20.48581638  -4.11385283 -14.6198016   30.33588309  -1.15791871
 -15.21231682 -28.84249868 -22.32007004  -7.36532383   5.7604947
 -11.41303248  10.39164097 -11.21428198][ 20.8297496   -3.78416104 -16.55653277  26.75417917  -5.504537
 -24.10943461 -32.66938414 -25.22671829   1.11478719   9.47225262
 -15.60289224  24.17691602  -7.80876853][ 20.92523594  -2.21974952 -19.71020086  23.41406095  -8.83570806
 -24.62410422 -32.3081672  -24.16480661   6.33621159  14.18186217
 -13.98519763  25.47263848  -9.52157348][ 20.99138962  -2.85978484 -21.23183575  18.64687719 -11.53834626
 -24.81792167 -35.3969456  -23.47894813  11.25577624  15.75302536
 -17.74822692  17.18614743 -16.19311619][ 21.24210669  -0.85810999 -18.57311802  12.62133331  -8.99814222
 -16.36088794 -27.56763857 -17.10022154   6.17962213   9.0460271
  -9.8770048   14.82315953  -9.92996555][ 21.41220739  -1.37018147 -24.12950047  11.50913873 -12.46497128
 -25.96543514 -27.37247732 -27.34257315  13.59030741  20.11692283
 -11.7183132   17.48825716 -19.035077  ][ 21.53403192  -1.68866904 -24.94736941   9.86919172 -12.8160454
 -25.88886907 -23.81877612 -27.75775349  15.87506305  17.0956488
 -17.55768496  11.93667694 -27.16663944][ 21.54306671  -4.53544894 -28.63585847   5.04425976 -18.66308129
 -31.31121476 -28.59186736 -31.05838158  11.08241762  12.69998838
 -18.59414383   7.38789468 -30.11521131][ 21.5657612   -3.20878856 -27.4813057    7.63789513 -16.91743198
 -28.32928163 -24.41199678 -25.16044402  19.17837272  16.53917777
 -12.57995662   7.34687145 -33.05677139][ 21.61791522  -1.8743985  -27.21080474   8.76602433 -14.34539021
 -29.11535899 -19.49134456 -22.78798563  24.05891651  20.65552165
  -8.00686316   7.90028739 -32.28809331][ 21.58680425   0.12750451 -25.40928186   9.58435637 -11.0761924
 -28.10624071 -11.9547884  -23.35533115  23.27619542  22.85819644
  -1.8553882    5.59694956 -29.1186694 ][ 21.22219778   1.63949514 -26.26099642   9.55435598 -14.89852346
 -31.99432121 -19.30376842 -22.12091411  17.17981526  23.18228403
  -8.79719293  -0.74394562 -30.38385759][ 21.10065725  -1.20701556 -23.12702255   7.84035531 -17.76352949
 -26.8615481  -23.43246884 -19.89274569   8.56655977  16.05414823
  -9.09324535  -1.31629178 -24.09161336][ 20.94660266  -0.14906231 -20.35367365  12.38522435 -16.90030078
 -24.72656462 -20.06080159 -28.82546952   6.79159365  17.11446519
  -6.15778357   4.92185876 -31.81768202][ 20.56340393   0.97772264 -19.70389276  13.68454714 -18.46764997
 -22.64369952 -27.47915284 -38.90488549   1.80564281  14.06332132
  -0.83001498   8.31695855 -25.24644361][ 20.02752243   2.37311299 -17.62586306  15.38678564 -16.17256776
 -24.81723122 -30.03637638 -45.41501246   0.75342476   7.3041664
   2.33103611   5.68270329 -27.88747527][ 19.22117107   4.56142815 -13.59023646  18.28353186 -13.15083907
 -20.46214385 -30.17699989 -41.62728459  -7.56239158   6.81669974
   5.86147983  13.92899806 -33.46582874][ 17.29786875   7.60636209  -9.16116652  20.86717058  -8.97529064
 -15.53429348 -18.45390795 -28.99569728   2.79854403   4.70698309
  -2.52550649  -0.65952853 -46.25062958][ 16.53249526  10.38232152  -4.13646637  21.95561253  -4.75923229
 -18.71610281 -15.67442858 -20.14787711  10.639306     4.24228154
 -13.84262778  -9.17374323 -28.07135969][ 16.1491899    9.98387586  -3.27305607  22.27100351  -2.16284183
 -15.28579785 -13.28380464 -19.97316904   9.76578635   6.93526309
 -17.93164277 -13.94742421 -27.28513938][ 15.78794185   8.42325746  -3.88692448  24.47672486   6.13191575
  -5.70951087 -10.84233517 -15.0261594   13.53788796   7.53656794
 -18.54695559 -16.045435   -29.06652543][ 15.39836834   7.54159305  -5.3675586   19.27788486   4.64703526
  -2.88460917 -19.09116483 -18.90293579   0.49901264   1.67113443
 -13.05357964 -15.35894125 -26.11515321][ 15.22390447   7.39387418  -4.67704943  20.95468558   5.10563364
  -7.59358863 -24.34282001 -21.41248966   1.89515607   3.3873435
  -6.55812246  -9.7503663  -27.61223357][ 17.20120244  -7.43734138  -5.74456516   7.11483754  -8.03437567
  11.45800052 -22.22298504  -6.34009259 -25.39860917  13.46517799
  -9.13134388 -12.87574348  -7.93519885][ 18.49136459  -1.03684826  -4.56749188  16.72697752  -4.47144532
  -0.34339796 -32.43524071 -15.9806413  -23.18077699  23.777661
   5.94553311   5.60230195  -8.44684057][ 20.39600914   1.80212802 -13.35593176  14.28532755  -8.35169031
 -12.12080209 -25.02020218 -24.9422491   -4.65752335  23.08464022
  -2.44739887   6.23162571 -11.09837987][ 21.27582492   1.58297803 -19.78158746   6.57756335 -13.2347238
 -23.93562261 -25.4391791  -35.9957734   -1.49438838  29.47255973
  -2.04160518   8.17634858 -24.09553811][ 21.63469102  -0.17189896 -24.47405177   5.40526827 -12.93796843
 -30.32357254 -25.33442768 -38.51704711   2.61761428  27.41664646
  -4.25094484   9.91578322 -32.6460944 ][ 21.69815023  -1.3418785  -26.79466466   4.74911547 -14.8257868
 -32.52055628 -25.23773193 -37.19655407   5.92327902  26.17145471
  -4.08097381  14.17981826 -33.1996534 ][ 21.71682909  -1.36176458 -27.94684996   6.92824511 -14.55293811
 -27.86472788 -16.31253327 -30.50307239  11.10046836  24.64292579
  -1.11276763  11.95360682 -34.26004438][ 21.69286497   0.67606379 -25.15727283   9.5033354  -17.19145411
 -20.23727703 -11.22334321 -25.72112145  11.69177459  25.7164081
   3.87485473   9.28661948 -29.25829916][ 21.52364805  -2.12201624 -23.21488627   1.88002174 -20.08626706
 -21.8787801  -14.46937228 -24.08069504   7.61729674  13.70906427
  -3.43515156  -5.71039417 -27.42814523][ 21.48049419  -0.244286   -25.64968682   4.01569672 -22.48788822
 -18.40574257  -9.41622017 -20.3374616   10.43302682  17.16041009
  -3.4219326    0.98998659 -32.34546239][ 21.32961682   0.39465435 -26.0492874    2.13103828 -22.62526625
 -22.01568245  -5.63110044 -21.71174867   9.6934881   14.14694093
  -8.99338605   3.61195874 -38.74927928][ 21.13830181   0.43922824 -25.87556577   0.60961545 -21.7045956
 -20.26622408  -5.41231534 -20.09564849   8.20791388  12.74905924
  -6.03942872   0.24382359 -39.24917397][ 20.94697669   0.81016999 -24.6989883   -0.88431825 -19.42710931
 -21.32518326  -5.97985178 -25.48657281   8.3009145   11.92806414
  -7.80752504  -0.38033173 -41.44473818][ 21.08578544   1.40100331 -22.93349686   6.34197179 -18.64632373
  -8.9356531   -1.27109188 -23.95409635   7.27679594  12.8744968
  -4.02788018  -0.55277935 -31.02053764][ 20.83384737  -0.70717427 -28.76982423   3.9880457  -24.00594203
 -16.78632243  -9.15104338 -41.12594705  -2.0409731    2.3805581
 -18.15631892  -2.23029499 -41.53583153][ 20.63196581   0.98269343 -26.1412931    6.51434486 -18.87111791
 -16.02531043  -4.55216494 -38.45657129  -3.33626545   8.60029121
 -11.30782438   1.60946786 -40.04837118][ 20.31918159   4.60332608 -24.06464465  10.1475131  -13.65702617
 -12.29486269  -0.22916953 -34.15016224  -7.60310103  14.37630172
  -6.05921869   4.59913314 -39.1796309 ][ 19.80699799  -0.41344021 -17.12129345   5.39400042 -11.8555966
 -13.62371331  -0.53472152 -40.69314233  -8.50310118   6.41073458
  -6.40482637  -3.54895608 -36.9327491 ][ 18.09073608  12.99521223 -15.65148631  12.1340581   -8.77537148
  -9.40680601  -1.11239252 -44.38642111 -20.85657445   2.5627998
  -9.7669336   10.68252765 -28.96735985][ 17.68350941  15.80550939 -12.26360704  12.5424437   -1.85969013
 -12.03923757 -11.25881381 -30.56279364 -12.54913657  -9.08380552
 -11.72274933  10.3795003  -25.81099206][ 17.65750624  17.11455637 -11.3504618   14.44095923  -1.49913932
 -13.89724431  -6.46750496 -22.31220645 -11.35013659  -7.68587824
  -9.71080216  10.3596257  -22.24783962][ 17.5726725   15.22650736 -14.99567495  14.35026737  -5.1757074
 -17.53100918 -15.03322809 -32.52867968 -23.54460654  -8.9952411
 -15.58498372   4.79348275 -22.33662429][ 17.6562788   13.60509448  -7.8654217   18.16702461   0.93191116
 -10.8013892  -18.79470097 -35.22383055 -20.69247689  -2.22208275
  -6.19819018  11.30889214 -12.23313141][ 17.33099812  10.51161383  -8.20818287  18.16666206   3.45661931
  -9.92684686 -17.95852615 -30.99772914 -26.27880275  -4.41475598
  -7.54558006   7.85299909  -8.99445063][ 17.38481225  11.06250583 -11.72820467   7.94595043  -3.49427597
  -8.06099465 -13.68118261 -28.14469447 -29.78835302 -13.5598368
 -18.61405878  -3.29280655 -11.37540811][ 17.48224337  12.62086249 -10.05628776   9.21101662   3.16643477
   7.69056573  -3.56460882 -29.52988084 -25.76203125  -6.547966
  -4.83726169   2.29713021 -13.36247199][ 17.40893693   7.99165247  -8.49100927  -0.61849009  -5.75789757
  13.55520155  -8.76855778 -34.9992127  -32.33104712  -8.9568364
  -1.77962987 -18.06095274 -13.0419016 ][ 17.18197193   3.16298288  -6.14801431  -3.10471367  -3.63558049
  14.62308302 -14.27754959 -32.77583622 -27.89330804  -9.45664255
   1.36370009 -21.50791334 -14.31324439][ 16.67843807  -4.02611135  -3.58645138   2.16392465   5.20022827
  22.01800144  -6.51691    -20.27388711 -14.44383646  -3.93768231
  -5.54173774 -29.59377552  -9.90754968][ 16.16968628  -3.283778     0.34430473   2.83889086   3.71478016
  20.72673526  -4.5522906  -19.97843081 -12.4848914   -0.99006805
 -11.88371866 -27.19776406  -4.44566316][ 15.77436239  -2.6931212   -4.92629673   3.36994321   7.11762284
  21.89338118  -3.02918356 -23.39149535 -15.80051989  -3.82250147
 -15.39163708 -27.4159458   -2.92649095][ 15.03269394  -2.49761825  -6.85992667   8.07557169   2.38294904
  23.88154917 -13.04293762 -17.71582255 -14.31751064   6.13093243
  -9.90573689 -24.16340231  -7.87416342]