[ 14.75057125  -5.49198451   8.52365975   1.14604896   2.11103169
  -3.1313493  -25.74379068 -30.0845924  -35.29385109   1.40687573
 -11.90828769  -7.14015089 -20.87167069][ 15.67146576  -2.77258811  10.99564129  -2.46370185   3.40675728
   3.97004913 -15.00557416 -13.47962412 -27.05893723   1.8698732
 -15.45376231   3.81443093 -20.03188119][ 16.29793702  -1.99188367  17.31096138   2.83267347  -0.96790075
  13.54612912 -14.94686728 -27.65250702 -23.14568594   0.42304037
 -11.6558116    7.37475141 -31.76468567][ 16.90883193  -2.35904731  13.67396726   1.19612219  -5.63677851
   4.43977749 -24.56041607 -38.87747396 -32.07820772  -0.70039701
 -14.03823229   3.93730237 -43.42399763][ 17.34008722  -1.1293338   17.80867996  -0.99983035  -3.73381618
  12.0563448  -22.94770904 -33.04556075 -27.9179484    2.85908533
  -7.81929601   5.18531153 -46.87949834][ 17.49067619  -0.8170743   18.67999808  -1.74982465  -1.85195019
  10.69112309 -22.81656818 -26.06131308 -35.9428744    3.13455654
  -4.05491999   6.06764639 -44.30953873][ 17.71295007  -3.69047071  23.0171263   -4.33221848   4.77896569
  17.14265851 -31.11068436 -16.53851073 -37.29237423   9.42341109
  10.05458585  -0.24092064 -21.75884841][ 17.90171936  -8.42614356  22.415534    -6.62174051   6.0193795
   9.03745053 -28.13819301  -7.97594557 -32.94782715   6.82883694
  10.81139795  -8.67177068 -27.1443828 ][ 18.67213565 -14.99492318  24.82526239  -7.23352018  12.98578703
   9.83118004 -19.08203977  -0.56918003 -30.58675093   8.23586879
   4.31619463  -1.65107922 -22.23957635][ 19.16528621 -20.52051282  27.52913888  -3.02042656  21.37309215
  13.1941827  -24.04442554   1.79611203 -27.1573523    9.12902244
   3.44827934  -4.00206728 -23.73095406][ 19.34306537 -22.94910501  28.74607931  -2.54288997  22.68232667
  11.93092602 -27.72540384  -1.91269833 -24.47594772  12.58552839
   4.76836027  -4.46360424 -21.8091797 ][ 19.51345635 -23.98684072  27.34014069  -6.59324618  13.89979777
  12.66866961 -22.39637526   2.06865391 -23.54179567   9.52800998
   1.18507721  -4.74023972 -15.82084977][ 19.58088388 -26.83480982  27.31713602  -6.33607763  20.63401646
  15.70249111 -22.04212189  -1.29317914 -20.90446903   6.27486784
   7.31573587 -11.8864178  -12.07541357][ 19.76419439 -25.28980405  25.81840797  -8.48474059  15.23978265
  13.98704127 -13.56212544   4.7326787  -15.722829     8.6481875
   0.06314461 -11.74927281  -9.573542  ][ 19.73225193 -27.37054005  26.63370734  -6.24727714  18.20464071
  15.64644094 -13.69432597   2.24832319 -21.46449726   2.10208284
   3.19961385 -14.70743926 -15.02987156][ 20.02227599 -27.42020557  26.55926834  -6.7996462   23.64805012
  14.81875596 -19.23262759   0.20618645 -18.005782     5.12921488
  -1.44870916 -11.37247215 -12.3546804 ][ 20.16729913 -26.91161846  25.14566463  -7.55136479  18.70440102
  11.74834676 -16.74150186  -2.85323891 -14.69835592   5.53476426
   0.62802358 -11.5374883  -13.53458703][ 20.48975852 -28.29133121  26.97931695  -7.48407246  18.91864334
   9.231416   -24.41070981  -5.15912    -16.64580325   8.6737073
  -0.63528985 -15.10280497 -17.32651435][ 20.55442389 -26.20689806  23.97351143  -5.28563253  20.05608297
   9.8793811  -24.20695044  -3.88365503 -20.58597802  10.38540738
   4.04779224 -11.26354832 -19.60637087][ 20.4330265  -22.35903046  21.1205032   -5.57087174  16.84742135
   6.47569579 -23.68757157   0.40815663 -16.36647526  10.23814965
  -1.37128238  -9.61768761 -22.08339727][ 20.12671155 -17.25929721  17.21022101  -9.75279543   5.76758832
   4.63391715 -22.7900091   -4.0583999  -17.75684802   7.24759702
  -5.24880796  -7.86528881 -18.92208987][ 19.4234298  -10.89358372  10.16338024  -2.03686501   4.23742668
   1.18587403 -26.11191348 -19.60201648 -21.87469748   5.79655061
   6.9808867   -6.67489488 -25.00036828][ 19.68662805  -7.66608641  -0.7082891    0.14353452  -5.08118568
 -10.38745706 -28.14715135 -30.97977895 -28.20092777   8.11622941
  10.27494874  -5.19928536 -31.85847171][ 20.31409636  -5.41679275  -4.99389655  -0.06132506  -7.59427403
 -13.26240049 -26.11136156 -37.38219638 -18.7082826   13.29721895
  15.37395552  -1.62566785 -33.76646631][ 20.76582682  -3.51509275  -6.99890706   4.2668422   -7.19523332
 -17.76367526 -24.22411842 -40.70232233  -8.18888299  20.8225995
  21.39788914   6.69440591 -33.08395591][ 21.1547993   -4.50757715 -13.27919806   1.50941243 -15.82263109
 -22.22474808 -25.65061225 -42.6749153   -4.133441    15.19344915
  21.09701235   4.99146583 -30.94030637][ 21.37413922  -2.05768887 -13.16589913   9.51990991 -15.07119065
 -20.35137984 -17.31322115 -31.54832222   4.57184443  17.66107295
  23.17765605   6.83899492 -29.36105913][ 21.33271833  -3.08517292 -19.28476237   5.33078689 -20.97666544
 -25.80496199 -15.46563779 -32.83942068   6.77167387  12.35397531
  16.60373194  -5.0611578  -33.49224585][ 21.29665024  -2.04239329 -17.38347834   8.19031624 -18.23900538
 -16.3020841   -7.78288997 -25.12077398  12.57801542  18.06195014
  15.32601588  -7.15202139 -32.4486553 ][ 21.56105326  -3.18814871 -20.26659348   6.95636841 -24.7029405
 -15.54898461 -10.09520349 -26.49696086   7.43584357   9.78059892
   1.7739781   -7.13886722 -30.94000676][ 21.69547782  -3.54454733 -21.74106898   5.57460361 -26.16025084
 -21.53171225  -8.64660625 -31.18631378  11.15225141  11.83915637
   9.17108745  -2.47347836 -32.16433425][ 21.78999202  -2.94468211 -21.25074617   8.03852103 -22.65810902
 -21.3563909   -3.47852125 -28.47986539  13.30107914  11.98575015
  12.87861551  -1.48620987 -32.81974964][ 21.77556781  -4.90277734 -22.43989971   6.6942019  -25.18255288
 -23.72601584  -3.72235706 -26.26093157  13.80235152   8.86004693
  12.4032755   -4.47174429 -35.04452911][ 21.77818285  -4.80639502 -21.73036642   8.12853931 -24.72216771
 -23.10755833  -3.84452828 -24.98996019  13.28502918  10.5509151
  10.55748002  -2.19767035 -37.44738507][ 21.76806368  -5.68759954 -24.51998283   5.68254073 -28.1210498
 -24.1330321   -8.81796412 -28.26628552  11.25386606  12.8296354
  11.75225284   1.84981848 -38.20180564][ 21.76139431  -5.10831717 -23.94590592   6.15820504 -26.88357266
 -24.06947793 -10.10245173 -30.14563809   8.9035413   11.95853508
   9.87019159  -0.71358919 -42.1185307 ][ 21.81111228  -4.44324675 -25.54258229   7.90301874 -25.97391095
 -20.30987818  -6.41384115 -26.90545257  14.49515301  11.90261436
  12.770295     0.71020131 -40.99175462][ 21.74782102  -3.47002371 -24.14666012   8.83468771 -24.46878727
 -17.17283892  -5.28616127 -27.47776586  15.75197892  11.52434595
  15.35405342  -1.27871884 -39.73717267][ 21.4227448   -4.63650208 -23.05928201   3.89851052 -27.40666019
 -15.3916414  -11.04797398 -22.34269123   9.27036962  13.51735362
  10.7059958   -2.19806913 -40.60794679][ 21.24571367  -3.7025646  -19.07417356   6.39095098 -22.12986113
 -14.6281954  -11.76411882 -25.42663512  18.14639114  15.60066818
  13.74659626   2.50648311 -39.19623673][ 21.08838189  -4.58319569 -21.64867329   1.28333298 -26.70314641
 -16.33845414 -13.9495222  -31.56339704  10.82083643  11.00586174
  10.28087406  -1.68676917 -40.38828913][ 20.83268616  -2.2509572  -17.45324211   7.76672321 -21.3366792
  -9.28032513 -14.79620273 -31.97888161  13.62097726  16.59284619
  14.86862862  -4.58782018 -35.51869796][ 20.43327959  -3.22427042 -19.16726625   6.97145445 -24.18151497
  -8.66297312 -16.54980764 -34.79272883   7.33969768  16.56572867
  14.23951666  -7.98429555 -32.26971456][ 19.50404278   0.58426877 -19.10034308  11.97324797 -22.49954596
  -3.92837043 -11.70965373 -30.12498956  -0.48074322  15.26741972
  16.95554239  -4.96666455 -25.44765117][ 17.68299734   1.81781112 -13.83472364  12.79591451 -14.6876693
  -7.07292845 -16.83224522 -25.64566545  -9.36899855  11.97685043
  18.60361923   6.16633169 -22.71130501][ 18.37729939  -2.79543447 -13.06069758  13.44340238 -18.56430262
  17.8695206  -14.96499068 -24.26169224 -17.86426559  24.84577271
  18.73011411  -2.66895787 -10.38608745][ 19.07363874  -2.70474302 -10.55560795  13.37526568 -15.74434084
   6.94879107 -25.07561258 -28.80072986  -8.15377293  18.69222294
  27.68898513   2.58975865 -19.3659911 ][ 19.48840329   0.12740871 -16.80937763   7.8570918  -18.89281322
  -5.10838025 -23.06060528 -21.70008869  -5.78947164  -3.34823086
  18.69347299  -0.85352831 -18.3159016 ][ 19.62274581   0.39960692 -15.80762223   8.90958409 -22.60975077
  -7.39977468 -16.48137337 -21.52178817 -10.35145664  -4.85752229
  14.59385878  -0.63348065 -24.63764837][ 19.97382299   0.47399072 -17.83131673   5.95184808 -22.37020326
  -9.58225711 -15.60647324 -27.65646044  -5.2333755    0.67857537
  16.40332738   9.35738691 -25.00643808][ 20.32107712   1.36547304 -16.59103848   1.11695758 -22.83863275
  -9.88184935  -9.54070816 -25.01149626   3.57869147   2.71298679
  14.06390733  17.67666793 -33.66409278][ 20.56218422  -0.64829628 -15.60450345  -5.53232645 -25.91516165
 -12.28307193 -13.81657284 -23.86158766   1.24912453   3.05154733
   6.10046879  18.10609324 -40.32332286][ 20.6904268   -0.657331   -13.80321714  -8.643884   -26.87100277
  -9.31160906 -10.81477858 -20.54525287   6.95987148   4.47085121
  10.56239136  23.00528219 -34.7546328 ][ 20.81132548  -2.56045778 -14.98282179 -14.09674666 -29.91831043
 -13.28461047 -14.11799966 -24.05146227   2.98905865  -2.32425901
   6.69867799  16.43017123 -38.02898663][ 20.98541922  -1.03198462 -12.58509615 -12.41902028 -29.56614618
  -7.69651188  -4.69119278 -20.28225114   7.91241786  -2.2296905
  12.67229033  20.70500946 -36.74054893][ 20.89820993  -0.21777835  -7.62689187 -11.20613827 -31.01614945
  -2.04291315  -6.97717426 -17.49096956   7.4130341    0.84486811
  11.21555372  20.48002518 -34.53733166][ 20.77132778   2.2481111   -6.98343054 -14.16904935 -33.65972609
  -0.90067941  -2.58139271 -12.62679354   3.59274611  -1.19523506
  15.06506901  22.39568187 -33.62236669][ 20.90502251   1.22469598  -8.2903392  -15.41906282 -33.96275479
  -4.83581662   1.47429207 -19.87079329  -6.37004192  -1.57845724
  11.16282388  22.71059046 -36.48125416][ 20.96625044  -1.45283462 -12.15327028 -17.00773866 -34.82315746
  -6.71294351   2.84644215 -24.24390121  -8.72823191  -4.68772357
  12.08493498  23.45878432 -36.25095889][ 20.99298413  -2.67895772 -12.57161083 -19.03518594 -37.69518981
 -13.0183406    4.69904746 -23.97906353 -19.32451118  -7.26581955
   9.59322971  24.59334757 -44.02756554][ 21.08985724  -1.29214832 -11.41017067 -16.50348606 -35.54640299
 -11.04003444  11.63257725 -18.21793515 -13.93358258  -3.25366279
  13.78546596  29.13212262 -41.55217153][ 21.12438235   0.283889   -10.61009632 -13.12503386 -27.0992506
  -5.99002256   7.73389585 -16.80229179 -11.35131561  -1.13891785
  12.31443392  24.31690246 -34.50985412][ 20.94095225   1.85125779  -7.7791418  -15.45019535 -31.1486754
  -2.33601763  13.19832909 -20.47148911 -13.69785118  -7.31055611
  21.69019684  23.50558603 -31.06962807][ 20.7241111    0.83989209  -9.28308272 -17.66529923 -34.34247927
  -5.44674314  15.4462633  -24.5278592  -15.23315019 -11.78824066
  16.50315807  26.11403138 -35.40008099][ 20.51102589  -1.32378354  -6.77867505 -17.52263777 -41.49593206
  -7.14113847  13.13359341 -25.92922681 -17.15289785 -15.47094565
  15.95779828  25.48786866 -33.84226623][ 20.47311287  -0.57547223  -3.22908039 -13.80200859 -39.36007134
   1.88721999  16.33814629 -20.31280404  -5.75093004  -9.28796918
  18.02706564  22.12684789 -27.41960682][ 20.12024207  -0.54158051  -5.8211651  -14.19449782 -40.75213213
  -1.71790389  15.6138885  -22.35363166 -10.01952454 -20.1377185
  12.43629242  13.91027322 -30.6507049 ][ 19.87072561  -0.90589276  -4.8659028  -12.37145605 -34.43090876
   1.11760889  15.29014127 -22.24471995 -10.3965603  -19.17592211
  12.88941868  10.77490418 -30.02719332][ 19.66224962  -3.02515212  -3.49852808 -14.92267117 -35.34576633
   2.10117001   9.62544496 -28.074883   -15.07785976 -25.27447767
   9.03155456   3.84171993 -28.64404617][ 19.2859758   -3.98613234   1.13219025 -13.03863604 -34.0198528
  13.93777074  16.5561765  -26.51458856 -14.70366135 -23.7761472
   7.65341273  -0.66263139 -25.26609021][ 18.74813691  -2.68336697   4.10930627 -10.93544873 -30.23654236
  15.34103078  15.03170791 -28.60709963 -13.68789174 -23.19861179
   8.22725417  -2.40736131 -19.41511428][ 18.21426394   0.53631667   3.36297039  -7.60101925 -25.07468042
  20.22850028  14.94950696 -24.38941563  -4.2279764  -20.51092995
  18.24324221  -7.81129865 -11.10605797][ 17.36910508  -0.80575257   4.51785592  -5.78280835 -25.96132612
  22.71525384  11.83451871 -22.23332943 -11.36825562 -16.10776023
  14.69796149 -10.21195448 -19.65330719][ 16.9573468   -0.47899752   8.2949584   -5.37404722 -24.7174098
  20.55027408  10.41512755 -24.37219234 -13.06727246 -11.6327856
  13.89810228  -4.34584454 -22.20833407][ 16.07011929  -0.23801026   6.57907584  -4.19781018 -16.95090921
  20.30164017  12.20237568 -19.31528869 -12.3765051  -15.7663308
   5.46525333  -1.16231446 -17.31596131][ 15.49236441   0.53782569   1.11438066  -5.87038697 -18.73332079
  24.39877248  11.67408348 -17.53295582  -9.36327013 -11.40967175
  -6.61110628  -0.59714718 -11.76774387]