[11.71469451 -6.76127179  5.16746436  1.900753    6.19157767  1.7668425
  0.97087068 -0.45817344  0.23793304  0.94746912  2.69315955  0.35473272
  1.19815503][ 17.06253799 -21.61063874 -26.60236842  16.04415201   0.81696646
  -8.85073535 -10.24750938  27.18920971 -22.85188498   9.14305974
  -0.84616441   9.90391588  -4.27467148][ 18.51987929 -24.08323892 -15.38428836  12.3485602   -1.23973439
   0.99826696 -10.94650711  20.19076816 -23.34227277   3.10690204
   8.83479607  -0.68325075  -5.89253647][ 20.05608698 -26.83667454 -10.38598877  14.70426827 -11.77226032
   2.72466632 -14.9275147   28.20154221 -27.01809449   4.68624324
   9.58902841  -6.64579921  -2.19385069][ 21.00634195 -37.60520384 -10.33364019  20.86467748 -19.3118897
  -2.73040172 -11.70728766  25.79012962 -27.26019383   5.53890518
  11.78024113  -5.9735355   -6.29360247][ 21.70784856 -38.26273082  -5.94928911  27.02955982 -17.57931104
   1.38973792 -10.22244058  27.9066008  -23.67195179   3.34079763
   5.38650347  -4.96820565  -0.76040708][ 21.99016592 -36.82933509  -3.51604415  24.55137743 -14.29598562
   3.2719155  -11.25705956  26.81219549 -16.92093251   0.84134556
   1.26634044  -3.6497989    0.53742797][ 22.21411411 -38.75600963  -5.29485455  26.95731299  -8.54050107
  -0.5447137  -21.471014    26.09872558 -16.56894268   3.54293891
   4.40363965  -3.37992842  -0.74209282][ 22.25987153 -42.64014132  -7.58159909  25.8996501   -2.68170434
   3.00695477 -14.29784323  25.7093183  -17.93589988  -6.01956422
   6.60264826  -0.4764412    7.3977045 ][ 22.19949428 -35.15444915  -1.33720162  24.61423708 -11.52425756
   2.62789186 -10.15257518  28.34255654 -10.65641564   0.32856132
   4.31180143   0.77320036  -3.43378476][ 22.54820636 -37.51043654  -1.72676773  23.0536898  -12.37414678
   4.41270898 -12.30219858  24.62643624 -15.77383794   1.71426117
   3.68171585  -5.71370921  -0.28394254][ 22.70412657 -40.09244151   2.77863733  33.45728191  -5.19921853
   6.46197368 -14.62480005  24.01604512 -11.88290958   4.67339906
   2.99649185  -4.87422364   4.60134737][ 22.74827226 -32.68613901   0.48925364  23.18059325 -14.3862841
   8.07234097 -10.65022071  22.63262996 -13.17243109   1.90243011
   3.91268982  -4.05722093   5.21165268][ 22.85068782 -35.51619464   2.34547611  24.87366417 -15.70197247
   7.26951858 -15.34804387  22.17471271 -13.46108003   9.55148577
   8.83081449  -2.387301     4.3946021 ][ 22.85299377 -35.94934384   5.26036559  28.30152909 -16.89863184
   7.05309592 -20.32280926  16.06420745 -13.43851247   2.57495459
   1.89080634 -10.95348638   8.37910285][ 22.86610328 -38.78906647   6.27023771  28.10008487 -15.88923363
  -1.22630382 -29.57280712   4.88285292 -18.47490299  -7.15038049
  -9.40444783 -16.37912248  -1.17847419][ 22.76157365 -38.87605343   5.2515103   29.07601199 -13.94229439
  -0.91314199 -15.08098917  13.26433244 -14.13895438   2.35701637
   6.12283605  -9.10709834   5.8667405 ][ 22.92498692 -36.26818864   6.64904211  27.13279515 -14.88274362
   5.60488894  -9.6606053   17.2208579  -16.07820733   1.89581907
   9.1956098  -10.84431548   2.01956602][ 23.09479884 -35.79569195   6.12633918  23.80591427 -24.27294314
   2.29735125 -16.54102177  11.09389812 -18.94024266   2.85010198
  11.24716191  -9.1891518    5.21017593][ 23.24243413 -35.07579669   6.62424766  28.17880119 -24.27554286
   4.09608284 -15.68672062  15.40506622 -20.93600809  -0.8202238
   9.91091395 -12.27313824   6.02266511][ 23.0523726  -33.81538596   3.1478854   25.34317608 -23.84718333
   4.52373381 -15.9083205   11.19633891 -18.86711809   6.22250584
  15.41069936 -10.47316394   0.05270376][ 23.05762156 -34.38229334   2.75203208  27.43165257 -16.90377857
   7.8878234  -21.35243044   7.67362454 -15.7660849    4.86797058
  14.51076631  -9.17882066   6.58630787][ 22.75979277 -35.93786041   4.40553622  33.63927868  -9.67480904
   3.37090247 -24.27809446   8.80238456  -8.85096267  10.49340818
   8.54662134 -12.14357417   6.43107997][ 22.80471201 -33.90161428   1.27743662  32.85047951 -12.52458706
   9.20083055 -21.547373    15.16843084 -11.84769008   7.61227079
   9.05254739 -14.95514218   3.76238717][ 22.61011805 -37.7813742    3.70281034  36.30351776 -11.26969298
   3.89738844 -26.5129731   12.49405522 -15.3242121   -3.52727228
  -2.36565284 -16.75686307   2.18015443][ 22.18450828 -31.90042888  -2.6022667   19.39960905 -21.7590145
   3.10271811 -22.08533585  17.34129275 -14.76422697  -3.08337583
   0.62652727  -4.23250108   2.67747293][ 21.72624736 -38.28333505   2.38112811  31.71630571 -13.97300595
  -1.09511794 -26.47279471  21.98749365 -10.6310187   -1.97562757
  -3.07616407 -14.01770561  -4.86599756][ 21.26012558 -18.36080521  13.6102938   37.08538983 -16.4825792
  -2.66824337 -37.452289    10.50167526 -22.54747607   5.08182664
   6.5144348  -17.84001411 -11.52005477][ 20.29463326  -8.87289047  13.74988669  36.36387964 -16.09567307
  -7.94694174 -42.39633132  12.57568013 -18.1416242    7.8434456
   7.11711197 -13.71560423  -0.6775574 ][ 19.54690259   0.44581012   6.9705504   27.81484758 -12.53211354
  -2.03078253 -35.85379943   5.17680022 -18.51955145  10.51537913
   0.19972088  -8.39054129   3.09018086][ 19.58933038  10.23074478   2.91455781  15.78482152  -2.43688044
  -0.33806969 -47.86804369  16.76230761  -8.0883144   10.9573279
  -1.05357661  -1.12385398  -1.43450751][ 19.79378444  11.33674642   3.82649403  12.22236981   4.26868494
  -5.45539903 -60.01730036  15.87212993 -19.34063356  12.49350625
  -1.42325462  -5.22830831  -1.51228554][ 19.86378959  12.00056652   2.0747025   13.1344923   10.08155629
  -5.86956734 -58.06628963  20.51558292 -17.63298715  18.7167747
   4.07734783   0.4533876    0.65823864][ 19.77647292   9.58398645   3.02738011  16.675829     7.96650502
 -12.80978778 -55.81813522  19.90070402 -14.16804592  21.30462201
  -6.94055631   8.89596122  -2.6588866 ][ 19.68392478   7.56786013   4.47849513  12.60503352   7.29982616
 -15.31122987 -52.13031103  19.3421112   -9.74718267  12.09689528
  -5.98455914  10.26041832   0.84007783][ 19.54056566   9.27380341   2.35715546  13.79354343   6.39183537
  -6.87671121 -40.83065561  10.85476031  -5.20403262   9.90837583
  -3.19084796  10.86440218   3.09072287][ 19.66193377   7.58939484   3.57074598  17.4055393    6.60667798
 -17.91031471 -52.89288412   9.02967418  -6.95655356   8.10403758
 -13.03402173   4.89172141  -6.0838781 ][ 19.62096025   8.89455889   3.5088617   17.36607889   6.5620997
 -16.04944192 -47.57248869  13.64488567 -12.78984998   6.83030305
 -11.60023154  12.51148136   0.32036225][ 19.52514759   9.34735662   2.52253124  20.00527155   7.36171017
 -17.43107982 -52.59065246  14.94710132 -17.41451851   9.95157181
 -12.81780688  10.83697002  -3.48015973][ 19.32794959  12.4304507   -0.38470432  21.1674016    5.69761651
 -20.79215299 -46.53845076  10.90822497 -13.55317908  -0.26839887
 -10.32558314   6.2041907    7.23529472][ 19.06315136  14.02933475   1.07511302  17.82553868   6.18522348
 -14.03467746 -35.27306462  15.80643286  -4.64582521  -4.15571056
  -2.36329943   1.65519537   9.27627963][ 18.65421064  12.09129728   5.56223873  18.94731405  -1.42702004
 -16.73692483 -42.26238809  19.04923698  -7.52642994  -4.35536974
 -14.74923331 -10.9797244   -3.75734676][ 18.3494037   12.44976184   9.54680511  21.30085702  -3.46914547
 -12.2738172  -32.0297939   17.50999164  -9.62431745   2.12150205
 -16.5676711   -9.21171073  -4.18788245][ 17.85307457  12.33192519  14.65500752  23.24583042   0.6894211
 -10.0411094  -27.7834542   21.67564936  -2.9545842   -1.61957235
 -15.82924481  -7.81892833   3.91528102][ 17.08935708  12.25019457  11.60644385  17.40515084  13.04107888
  -2.27940288 -29.89724322  14.9227335   -6.68159995   0.75369647
  -2.37287387  -1.79188461   5.95571005][ 16.19681174   8.13319898   7.58309882  26.94536474  23.5030943
   6.32885511 -15.25733817  28.32732683   4.77390028 -12.47253765
 -13.0633241  -15.57955431  13.77455885][ 15.35280233  10.84411118  10.32893271  24.81067067  18.41637664
  -1.36922483  -9.83330113  14.09355647   3.29396323  -3.73523234
 -11.95769951 -22.91819636   5.41135422][ 13.91645931   8.22603201   5.80530021  18.51730273  13.06252438
   0.08721818  -7.39707176   6.10436448   8.82338109  -6.65732051
 -10.71119863 -14.35129401   9.14253944]