[ 14.97113262 -14.31277146  -2.23323177  18.18595549   6.12841089
  -1.79720896  -1.42480854   8.53994071 -13.72596821  14.81549449
  -8.4797686    0.02112611  -4.43352199][ 17.2102057  -22.61919578   0.34381254  18.52221877   0.57496741
   9.23761307  -8.36670131  22.52757823 -17.89278261  18.82921363
  -1.70706507  12.61933366  -1.4381113 ][ 18.87802734 -30.25214233  -1.64241847  27.10952981   6.41599012
  10.24612632 -15.52881254  20.4665837  -18.64720565  17.22285353
  -4.60190313   1.75403652   3.30334373][ 19.86465008 -33.8588476   -5.90433402  26.85691234   1.97764168
  16.26618985 -17.87706131  21.7821889  -10.95449734   8.62110382
  -3.40569238  -2.9746059    1.87642717][ 20.3897703  -32.22486508  -9.38000891  19.05422766  -4.03721781
  11.39827822 -22.31305265  16.85995725  -9.49903371  -4.2758593
   0.99804617  -8.72389969  -4.06460183][ 20.65933996 -39.57529748 -14.12922983  25.77644669   3.41601317
  17.88497131 -17.1489483   23.75069017  -3.14032574  -1.23870123
   8.64116306  -4.4487786    0.41750783][ 20.99598481 -31.67424405  -9.96197242  23.41344382  -5.859607
  12.5005382  -21.03812213  18.69187407  -7.60212171  -2.12282348
  10.46354483 -10.78661312  -5.07282982][ 21.09255609 -35.55608085  -8.98063823  31.2066818   -6.01681665
  12.3118474  -14.6850604   21.70651792   0.24711244   3.6636451
  11.07222208  -8.19420831   3.55716119][ 21.04231993 -37.38373426 -12.6334038   31.44774455  -1.87864431
  12.37506202 -12.8526823   15.72208156  -9.58179254  -0.98470811
  11.53886182  -9.88357119  -4.03155811][ 20.99418423 -35.49020365 -14.52867498  27.03083128  -6.8924556
  10.21736783 -15.03519473  20.77928463  -0.62330307  -1.0573536
  15.84351713  -1.92875036  -4.6709169 ][ 21.22479153 -43.22429093 -20.24742805  29.34959283   0.24277522
  13.58993728 -12.07584607  29.13411523   1.35337143   3.24220478
  22.37999675   1.53612703   1.00880051][ 21.5198132  -42.96651938 -20.24831569  30.14271072  -0.4156292
  14.01881596 -16.29001475  27.22601595  -2.16941567  -1.43228425
  22.1994691   -7.12870159  -5.44569225][ 21.43102351 -42.39859284 -21.2353224   27.84293791  -2.76325798
   7.45942258 -19.09375243  20.99828928 -14.40461399  -8.90721901
  13.42887409 -10.97287338 -11.80831365][ 21.41654826 -43.96776661 -22.49419586  31.56184413   3.4277989
  10.79267281 -12.9323253   21.15277455 -10.43143638  -4.4330066
  18.06684761  -7.61547924 -12.87592968][ 21.24397101 -36.94841769 -19.85942348  29.04834667  -3.75893647
   6.79315695  -9.20705113  21.98645346  -9.70278043  -3.28702193
  22.974977    -9.69877923 -15.58121022][ 20.90448621 -42.96394252 -25.65176409  28.72794029   4.9223148
  17.28035359 -16.10944132   9.97128771 -15.075794    -0.75974784
  26.48747987  -9.6311321  -21.36581061][ 20.24485656 -37.18180006 -21.23356127  26.31510256  -0.95866656
  20.94021856 -17.24234965   7.72965072 -10.04670101   3.54908732
  16.75239288 -11.59124923 -15.81738633][ 19.38889114 -13.87758182  -1.54318537  34.79048647   2.42123463
  22.2904369  -17.1672586   12.51835737 -14.27506314   3.52481763
   9.75982671 -22.51042268 -10.78629766][ 19.04815335   9.06839002   3.320348    17.51931658 -23.66321554
  -1.70147591 -33.84419457   2.81557007 -14.38922276  14.04182865
   6.0062876  -16.82678368 -10.64090472][ 19.38718234  17.04974416  -1.95979241   5.7159189  -10.83577325
  -6.20934323 -39.61782951  -0.7189073   -3.15471329   7.88462029
  15.82001419 -16.45710237 -16.31571929][ 19.33565076  16.34326602   0.70516742   4.6865509   -6.32631358
   0.59982413 -50.34417942   4.30587178   2.38770373   8.98539679
  16.96230594 -10.69984616 -21.35744244][ 19.35564477  15.04097231   0.5557075    4.5352976   -3.43237645
  -0.75948358 -38.52110664  13.66400311   7.71408373   5.22607854
  12.94709658  -1.59342198 -21.33309549][ 19.39848654  13.84102816   4.55791768   3.27706096  -8.50623536
  -4.31598496 -53.5301005   13.54174696   3.84798419   2.7134763
   5.93465844  -5.74609605 -24.85319835][ 19.68014745  11.59579298   2.67204703   7.57152902  -7.77824372
  -7.14128213 -62.27254914  16.75005781   4.4629533    6.53707276
  -0.36505452  -1.4899197  -17.02610694][ 19.81633665   8.35249955   8.66355229  10.84591477  -7.3725559
  -7.57851155 -62.88791543  20.40744374   3.65033996  13.96227728
  -6.4913316    5.21483422  -9.52674236][ 19.83060004   6.59897872  12.88334849  10.74328312  -2.87516464
 -11.95493619 -67.23901288  19.16477218   1.17785234  11.74103713
  -5.5730559    2.97088496  -5.68915254][ 19.68848209   8.39874898  15.45973401   7.15405328  -3.94274797
  -7.70388106 -48.73068463  20.85768772  -0.76957354   6.16877028
   7.24656948   7.58539641  -3.63998084][ 19.45955065   5.54007604  15.25184076  14.1713903   -5.87811776
 -14.60477394 -54.33359271  18.00667496 -10.09212898  -3.66951434
   0.47451186   5.18296429  -4.96960381][ 19.06201152   3.33885167  15.45363835  20.25102566   1.1914325
 -17.58971827 -44.29479925  22.86511732 -14.30603108  -3.28531478
   5.09557242  10.03040894  -8.00211192][ 18.72597011   1.52398799  14.23052774  26.02054409   2.49842973
 -10.72974455 -33.57393839  23.53395042 -16.0997634   -1.71628304
  -0.05305612  10.16029203  -6.08778044][ 19.06266146  -7.29979999  14.10393477  30.91180622  -4.52643317
  -3.82936002 -25.83176077  24.3239085  -10.93354309  -0.10156225
   0.46454329   2.37250159  -3.97475885][ 20.47173736 -19.74664668  13.5754266   43.09107111  -7.54376115
   1.6332193  -16.85822554  23.29090311 -25.56918046   2.57596926
  -3.3705354  -10.05117246   6.32392856][ 20.99833435 -26.19616847   5.07952415  39.57730281  -7.79875487
   7.90095946 -11.41600686  27.91252602 -22.78546898  -4.10764229
   1.50766351  -0.73192193   5.48827961][ 21.27679392 -29.86403402   7.65081811  45.34582154 -11.11194743
   2.29885548 -13.45527655  29.43759041 -13.00498985  -4.60132558
  -0.89833373  -1.11809656   4.17739595][ 21.59515473 -28.78705968   2.39418149  38.0484303  -10.72376969
  16.19147542  -7.90326237  29.28384668 -14.82919949  -2.48331395
  -5.8557514   -9.64339673  -2.07854432][ 21.70346252 -30.85178325   4.21086659  35.91816088 -16.87928644
   9.44691206 -12.00793971  27.11874365 -19.88906839  -1.57698503
  -0.27901643  -7.71198514  -6.6586767 ][ 21.77570316 -31.37700332   3.19764101  33.12884825 -14.55705016
   7.42375151  -6.65625981  31.51798662 -16.48427447  -2.87087876
   6.59208275 -15.87259039  -6.65595559][ 21.921538   -30.01656287   0.70451713  29.41491293 -18.10425366
   9.59817072  -6.32935203  30.95348798 -24.41565872  -0.09949164
  20.71873496 -10.54975388  -5.58751845][ 21.96971473 -35.23580903   1.65690059  36.1435699  -14.40017039
   6.73490992 -12.77429959  32.77248141 -18.40705047  -5.4788928
  12.05419851 -12.62116617  -3.91583847][ 21.85026983 -37.46735168  -3.64356872  33.6237707  -18.11832677
   3.28919521 -16.55945976  27.99145201 -25.46191496  -9.04196022
   4.34065628 -14.77633076  -5.57363483][ 21.8038043  -33.34543449   0.67639554  35.5105052  -14.71866412
   9.9118821   -6.83875528  31.23793442 -19.28058236  -2.8435665
   5.1789252  -15.03737416  -6.51653623][ 21.75140289 -35.67479717   6.22159049  42.18708216 -13.68752373
   2.38039879 -15.73470273  28.45223822 -19.14792818 -10.98356814
  -1.09334654 -16.06272659  -7.92922901][ 21.77126075 -34.72646486   3.60474251  41.65092485 -18.03856425
  -1.42061576 -16.94350857  34.67422387 -23.33894021 -11.94079462
  -3.63408186  -8.4575949    0.54953546][ 21.50643063 -31.67501126  -1.72216223  37.16012506 -16.27509182
   2.42766293 -11.20694891  28.97645851 -21.5839459  -10.20107764
  -3.09257275  -6.52612931  -1.74327389][ 21.60412177 -36.17582079  -1.23730958  44.9240964  -15.40383348
   0.27821598 -10.02821676  31.57729758 -18.18833239  -4.2091387
   0.95894999  -5.94720375   6.54013633][ 21.82336659 -33.59982047  -3.50253236  34.25208162 -25.34522043
   4.84356675 -12.86891824  19.62109593 -27.26528767   2.62944653
   5.49967317 -11.41953354  -0.8759511 ][ 21.92568172 -33.14871513  -4.5120926   31.22341289 -27.39564325
   6.94238696  -7.49097291  26.64176699 -23.61939107   9.00703884
  11.63395737 -10.79703701   5.15615909][ 21.74353031 -38.98283491   0.10500346  38.47767911 -26.52843371
   7.65314211   4.09457504  32.48759681 -23.652566    10.74202527
  11.22604501  -9.29503233   8.59289578][ 21.00989764 -28.33501427  -5.79322598  27.3833781  -24.66495454
  11.26992284  -5.01889003  20.44148043 -22.01740015  15.88378042
   9.01368203  -7.02522699   3.29969705][ 20.04677881 -32.55023815  -1.53262251  25.10538543 -31.60343485
  16.18758372   0.8870288   18.08165181 -21.39858453  24.11258318
   1.90784203   0.59035842   8.53912807][ 18.90023835 -35.32909851   2.1410187   35.14140455 -22.23781396
  19.56914593   6.14691055  19.83268262 -15.74017312  20.46518585
   8.16791863  -0.29391285   7.46843476][ 17.09186082 -32.12372981   8.32632743  32.14603761 -14.09234327
  16.29954601   3.19642425  21.91238214  -6.58517899  17.18853519
   4.68231693  -3.05072143  14.18676317][ 15.86687421 -33.95609552   1.51163149  32.11301413 -17.73815307
  20.51166844  12.93859965  24.65689478  -6.76594345   9.07418805
   4.34539481  -6.43504161   7.96727678][ 16.24162906 -34.22359698  -1.57024997  30.6318646  -21.00686176
  17.85903952   4.14918495  16.69275221 -12.40897195  21.40505998
   9.50646984  -7.70904431   8.32337674][ 17.74219955 -32.52049679  -0.93495757  28.33997459 -27.72008552
  13.79926153  -4.12625094  11.27459485 -25.68357139  19.47463151
  -7.78770946 -14.52013682  11.46250186][ 18.87957424 -36.27209721  -4.444499    34.97428913 -24.49658831
  10.12598138   0.24783252  15.79742215 -29.31081258   6.43514191
   1.85139946  -9.42785478  -0.12555979][ 19.84873461 -32.27639677   2.18672547  30.73012081 -26.84744337
  12.48354313  -0.52043415  16.72497959 -25.44265614  10.23467529
  -3.76680479 -16.60328218   2.31629365][ 20.31878632 -31.6453317    3.78959498  32.97774285 -25.01587163
  17.92363544   4.46331748  21.58244585 -23.70813249  10.8182577
   2.65058394 -17.3108316    1.50713774][ 20.61855417 -33.28139449  -0.18323016  34.91361168 -19.91502116
  18.16296635   0.6031872   26.36286218 -20.38578813  10.47673629
   4.52688118  -7.67286286   2.33069993][ 21.17391035 -36.77554202   0.72287186  38.13640807 -23.55217625
  11.63763663   1.01634629  32.41670527 -24.8103517    9.38491756
   2.75885159 -10.49991613   7.14705664][ 21.55572416 -37.93650163  -2.92112172  39.31960128 -22.17294893
   7.1412078  -12.28043806  30.56398782 -34.81365588   0.81588015
   2.52958407 -10.35781177  11.9763415 ][ 21.45249807 -37.18140859  -2.43591201  33.7611172  -21.01423132
   0.55492516 -13.60088708  25.71805679 -21.37386844  -2.86169189
   5.53049547 -14.1695297    6.08691909][ 20.98156397 -36.1275223    2.31273897  43.23002882 -23.13690809
 -11.32490849 -19.73176761  28.40765099 -19.68439615  -9.21391618
   2.8316525   -6.90723893   2.73901292][ 2.02933923e+01 -2.88789131e+01  3.16353071e-02  3.61248180e+01
 -1.75760797e+01  2.24631958e+00 -2.15152092e+01  2.42493472e+01
 -2.15804366e+01 -1.03837989e+01  1.02303235e+00 -1.16329031e+01
 -1.13743839e+01][ 20.23230249 -27.44616841   2.83775352  39.36274175 -16.58471536
   3.01717262 -16.76223505  35.29274532 -22.18613322  -7.81419219
  -1.54879315 -13.30112432  -2.46071889][ 1.98197184e+01 -2.60401303e+01 -2.94278145e-01  3.25986305e+01
 -1.44787704e+01 -3.10931396e+00 -1.43914935e+01  3.97655980e+01
 -2.73706026e+01 -1.09424475e+01 -1.65548176e-02 -1.41201639e+01
 -5.62606325e+00][ 18.93960057 -21.09091641  -2.4674944   22.31563425  -7.91893466
   1.17963989 -19.59299177  32.62171691 -12.54344666  -4.65563454
   7.13465372   0.13013202   2.6940432 ][ 17.94020691 -21.77719559  -1.93366202  29.21532304  -5.77782086
  -1.91088732 -16.14559524  33.60719986  -5.48134906  -3.33505817
   4.36618786   4.53286118  11.64885944][ 16.90205427 -18.89793481  -5.32148215  24.5587018   -4.63795374
  -5.5594262  -13.70003019  29.48794891 -13.14720553  -6.85137779
  -0.68591867   5.18100322  10.33299221][ 15.43938167 -10.68004179  -4.10299086  20.9531237   -2.33642946
  -5.27478749 -20.73477998  32.05327588 -17.47592772 -11.26791674
  -9.14945021  -1.98050926  10.10959218][ 14.29390022  -6.30649617  -0.98769029  20.934172    -3.03009662
  -5.65511687  -7.0415172   30.52530398  -4.19798977 -23.5432787
  -6.76186344  -3.79005564   8.78580726]