[12.65352905  6.68691055 26.44776758 14.28030142 11.09429734  2.54532903
 12.66782353 -1.32256281  5.11913095 -0.9224095   6.4474891  -3.17953824
  3.86569249][ 13.97452341   7.39770911   5.61059459  14.91778116   3.50683758
   4.05582731  16.15409206  19.32100184  13.02465415 -15.00334789
   2.70485379  11.55492728   2.74136093][15.36372591 -0.67697504  3.49791606 22.36635423 -7.1132226   7.30123238
  3.78177663 22.30090472 -1.47082246  0.19135346  0.14979738 15.50187138
 -0.4396715 ][ 17.11386188 -13.06962451   8.10333144  24.90136117 -15.4202205
  10.45991243  -1.9562155   26.00160271 -15.25291971   2.94260316
  -6.53823354  20.26247966 -10.56169343][ 18.0792495  -21.17889424   3.80052532  24.55450236 -17.03548262
   8.82968035  -6.84699611  30.58599175 -18.26840415   5.76244149
  -7.44364041  14.23340969 -11.55533056][ 18.97057334 -25.81479041   3.75471561  19.05523755 -15.86442566
  12.22965837 -11.66559372  25.05161759 -16.33025386   8.10272612
  -5.02429687   8.13651613  -2.67419638][ 19.44296621 -30.68692385   9.44371139  27.8015145  -14.34015192
   8.61362392 -12.61042429  27.37911798 -19.39791228   2.89713621
  -5.49333106   4.47070147  -4.41989659][ 19.84005193 -32.48213494   8.20979845  33.56321075 -19.06065256
   7.57431795  -3.22574851  30.42642616 -30.05403258   3.14571571
  -2.48273787   8.10933797  -3.76525616][ 20.27357712 -33.89496555   4.32059847  33.64992458 -13.55986414
  14.18868778   3.91740872  36.01584181 -25.17359105  12.18175828
   2.33765895   0.31560507   2.45343371][ 20.6113012  -34.87207962   6.23340324  35.22151142 -14.42199232
   9.58989303  -1.7979037   32.06336734 -17.83884469  15.30826515
  -2.39296663  -5.1351832    4.94441759][ 20.98187878 -33.66777697   7.20604498  27.43322661 -14.5193153
  12.1917867   -1.47334998  28.15631446 -19.3079771    9.17486314
   1.79025703  -2.69454583   3.17294332][ 21.1847118  -37.56900753   7.57830753  33.92146841 -13.34074719
  11.33880869  -3.84348314  38.14491537 -14.80565236   3.86047604
   4.64939396   1.86428057   1.70283658][ 21.40258009 -33.29686566   2.0766578   26.73991951 -18.85374156
   8.66975352  -9.96029428  29.78414112 -29.6933797    0.74985352
   3.95602486  -4.922679     2.1325993 ][ 21.30116388 -38.29352424   4.33270389  37.02231789 -17.21944292
   8.64127487  -0.18915328  33.64904446 -25.78401784  -1.16032141
   1.4856236   -3.51436412   6.7899281 ][ 21.35602768 -35.90352564   8.72237331  38.20728687 -18.94602241
   6.49068458  -5.07132519  27.00768053 -26.86631665  -3.94162137
   5.40546753  -0.84459724  -0.86773462][ 21.20597443 -34.54393868   7.91798011  36.56127525 -21.27195108
   0.51685881  -6.82781435  25.2515691  -21.04770588   1.258682
   8.07863691 -10.20774267 -10.9023183 ][ 21.3607093  -33.0283593    6.8493779   32.65576477 -17.45545688
  -0.84520707  -8.68400328  31.62459178 -15.83768194   9.31861498
  11.1494262   -5.68320757  -5.6688506 ][ 21.42356783 -31.93079216   5.53825185  36.78838939 -12.40771214
  -0.49114532 -17.19081641  24.93087421 -26.4241093    6.15540936
   6.66967874  -6.4711694   -4.57364572][ 21.46528141 -30.04899262   4.86725705  39.8506144   -8.99883856
   3.75639251 -14.25569889  25.11321683 -29.35819596   9.89671566
   6.01071426  -0.75554974   3.34082139][ 21.28928368 -30.96889204   7.00627373  42.70210079 -14.12857045
  -3.16846799  -4.79984585  28.13913255 -30.13026551   6.41390979
   4.25955674  -1.2948939   -1.08910072][ 20.89581357 -28.83236152   3.16240985  37.59135367 -15.17258435
  -7.15967686 -11.01204875  24.31439511 -30.70618634   3.24077105
   0.78727553   2.5265492   -1.53735528][ 20.31336961 -24.07270001   3.92302554  34.59880443  -7.55413755
  -7.06890284  -7.00799036  30.42208235 -34.28908371   1.01111744
  -1.90111006   0.18366485  -5.88530926][ 19.21648804 -13.43523355   6.30701328  33.93185832  -1.68528036
  -5.23219038  -8.26539589  30.28033229 -27.32400701   1.89852958
  -9.17963677   8.59904011  -9.44757562][ 18.85179119   3.6712887   10.69351856  17.66271973  -9.63489332
 -13.8595947  -26.85912541  16.26111002 -32.07674479  -1.29641059
  -3.41827494   4.08120626 -19.24475145][ 19.39662239  10.95361786  13.30861311  21.11986964 -16.64122271
 -20.28130521 -42.00725846  15.12706423 -17.26060671  -6.51292955
   3.36663106   6.20499746 -11.38468446][ 19.63688099  10.69271411   5.23344073  11.16220623 -10.95145
 -16.58991015 -49.10310045   7.11626588  -6.79735416 -11.80427496
  -2.0805249   -3.71841912 -12.14306596][ 19.5670782    9.14034409   4.49181295  11.08578282 -11.55251006
 -15.31146838 -53.49476655  11.56288727  -4.2911008  -10.11557437
   6.13223048   2.50768911 -14.76485948][ 19.434342    10.1281116    6.36942201  17.52023009 -12.11071674
 -10.41823874 -54.62917646  27.07719251   4.67440216   1.11261795
   6.13998628   9.20255065 -18.08080398][ 19.44870261   8.50178186   5.093074    19.78017313 -10.76233294
 -16.38289232 -52.10871035  29.79469452   2.06253621   3.77634076
   6.83575448   4.24364227 -17.46800415][ 19.34731509   9.90480871   2.65602035  16.28329768  -3.86747097
 -10.29969811 -47.78117261  32.49976753   7.28703524   5.20908328
   2.99863406   4.30523149 -11.99126834][ 19.26847717  10.00598773  -2.67815983  12.6863157   -3.78865976
  -9.56317806 -43.76874219  29.97230871   2.0659845   -3.32772957
  -1.98517859  -4.88706917 -14.33439517][ 19.12287427  10.63495274  -1.98180415  11.31318417  -6.70507785
  -3.90798663 -46.14745383  32.95578925  -0.94763699  -8.23402594
   1.81742012  -3.39669023 -17.43141168][ 18.80901272  12.04841943   0.21565591  12.49604683  -3.40598927
  -1.57311611 -39.09187041  32.42030103  -6.99793965  -1.6951655
   2.43444223   2.10398393 -14.51186809][ 18.65582609  10.79759964   3.60608058  16.13141547  -3.24867317
   1.2885784  -42.20484796  32.26570516 -12.06699148  -1.53236653
   4.72391259  -3.21106464  -7.54660775][ 1.84686165e+01  1.07203333e+01  7.18014436e+00  1.32099900e+01
 -4.73764239e-01  3.38738558e-01 -5.29241558e+01  2.96591179e+01
 -1.42666546e+01  5.16468963e-02  5.33438559e+00 -9.60468680e+00
 -5.12530593e+00][ 18.05241118  10.9808442    6.50879511  14.57883125  -4.95530256
   4.1957611  -48.50058296  23.95491224 -15.54273637   0.88559664
  11.31751764 -17.26006583   3.26465704][ 16.78612764  12.1478392   12.67203874   6.18302623  -9.20200057
  -0.27629642 -52.64022524  12.87060548  -7.59646903 -10.64066026
  11.74487523 -21.66855401   1.09695077][ 15.01932665  14.06361513  23.22594121  23.25914951  20.19496972
   5.38823336 -26.30304728   3.98835701   0.12524539 -15.19231774
  -5.9034213  -23.83701167   7.47529507][ 15.20085203  18.21746262  21.5913325   16.36615981  17.65129001
   1.79934494 -12.79840964   0.53290294  -2.53158926 -17.61239098
  -7.83607785 -20.26673366   2.05849006][ 15.25163418  18.88266078  19.12029883  10.6649931   12.33217445
   2.91892813  -6.04344543  -6.34713712  -6.38748653 -17.60946567
  -6.37687319 -18.41120164  -4.38786642][ 15.20091323  17.87673839  19.46774886  13.84908478  16.50119345
   2.49981424  -2.26781197  -2.8250672   -6.84238759 -18.5639603
  -6.46846537 -20.06382863 -11.5917311 ][ 16.31231389  -2.51037937   5.06933964  27.31615511   3.95094253
  31.4331244  -18.35240767  20.37504133   2.13061314 -22.2244813
 -31.85303208  -1.26969738 -15.65291018][ 18.11275425   9.98770057   9.9172436   23.47824407 -12.81105586
   2.21575187 -31.0465431   -0.41258735 -12.64172697  -7.09635056
  -7.56703448  10.9597335    0.67781185][ 18.77542015   8.88024997  11.52500867  22.64674851  -3.34963464
   2.15475041 -41.57522383  -3.77238765  -9.78541745  -1.96918136
  -0.58396298   8.61747048   1.17422373][ 19.23440745   9.36176017   8.82737535  14.72732138  -6.45924264
  -4.87538345 -41.63749611  10.41311799  -4.83717194   1.19763002
   3.51794492   0.15148294   6.10843333][ 19.50377787  10.52853541   7.20992771  12.68271134  -6.18229909
  -6.42839965 -45.48828303  23.03317621   5.50066923   5.46732273
   9.17088049  -7.61658844   4.67260868][ 19.48354623  11.34229592   2.96911751   5.74402539  -9.52965621
  -8.05679816 -44.74658162  21.68417968   0.20692708  -3.01852263
   6.63566718 -17.44892558  -0.29603345][ 19.11074439  11.59119923   1.76229997   5.83301931  -8.90926168
  -3.14778692 -36.91580694  25.52441032  -0.49818514  -4.74370164
   4.10522438 -17.74003395   0.64738972][ 18.85388637  10.01618704   2.67170634   6.22028629  -4.05076535
   0.39727494 -33.23274564  26.29436224   3.93790294  -2.02382534
  -0.21371945 -19.5562015   -0.11132764][ 19.0771616    8.77850594   0.37104214   7.74433061  -3.76049686
  -0.48884507 -27.76305967  31.40811412   7.34935813  -2.40113087
  -4.29057768 -20.37060671  -0.80860176][ 19.13312507   9.75526569  -1.97488026   4.55978144  -3.38232911
   1.64430757 -26.12754793  29.06492995   5.44573678   1.43676026
  -6.95953197 -25.1230915   -1.64658103][ 19.11707501  11.5824836   -0.47683002  -0.29386919   1.51504548
   3.98618526 -25.20964171  29.38923208   3.92104487   6.05725351
  -5.87044179 -27.7283462   -2.33995517][ 19.07321749  14.16157294  -0.61638216  -1.4505066    2.85132437
   8.9554341  -23.69352588  22.45317835   1.92041465   4.23780634
  -4.11008498 -28.36352954  -1.86971169][ 18.83053758  17.22828756  -1.47689406   1.68090863   1.58034114
  10.45743686 -29.75479848  12.63083677  -3.16183071   3.55646159
  -2.08675582 -30.57887902  -1.18793075][ 18.21150412  18.37500171   4.34825311   6.35518317   3.31616316
  14.86517218 -26.35890924  -2.88412367  -2.58302266   3.22886777
   5.7253887  -20.50946055  -6.08887442][ 17.51280848  20.42061013  16.0268943    7.84458245  10.93157512
   6.69205215 -21.45962595   5.93354717  -8.76927897  -7.92383804
   8.9727478   -6.21110521  -9.59829035][ 17.40558784  17.23314751  15.31552235  13.7594979   18.59832184
  10.89103294 -12.44676777   3.61149757 -20.48571369 -19.00692626
  -0.33489395 -12.0517081   -3.49866873][ 17.31219006  18.11823867  14.53316674   9.37086702  12.63775892
  13.3005474  -13.53624098  -0.89137791 -10.69815156  -3.09700228
  -3.14187111  -9.18516166   0.79951982][ 17.35471617  19.21242055  12.28729718  12.23106444  20.54402095
   7.37897643 -11.11102455   1.07386473 -10.75446619  -7.22246765
  -1.19017171   1.24887388  -6.19872681][ 17.37642174  16.38307133  10.58981965  14.8704351   24.38010516
   7.50382764 -18.90452262  -0.43997868 -19.4465281   -9.86524191
  -1.81120851  -8.56643582  -1.56522264][ 17.39191174  16.61286362  11.19788983  17.65362904  29.45736415
  10.54914487 -21.51741413   0.41646018 -23.56601661  -7.96359011
   5.39562221  -7.17564809   0.77048776][ 17.41886539  16.36383097   9.54997059  21.20974329  27.79041218
   6.76973509 -21.56655243  -1.31498269 -28.41711002  -7.17908551
   4.2138799   -8.66787565   0.68708625][ 17.39756916  17.79940217  11.10952042  16.58566351  15.7799493
   0.57332804 -14.56322505   5.29977882 -24.63433098  -8.62493439
   5.53753732 -14.41967048  -1.31858777][ 17.41250021  16.79005477  11.96584422  27.46386102  21.63258819
   1.63137121 -23.14902308   5.31550619 -13.41131619   1.1830197
   5.99223189 -12.48336167   2.86451235][ 17.37081703  17.58117099   7.96917582  20.16868253  19.40062855
   0.22087319 -19.13282832   0.51859402 -15.24089042 -10.33584409
  -2.76990186 -12.01822326   1.20105985][ 17.53830217  17.3013056    9.85747354  17.59871447  12.44388073
   2.13553603 -20.13439692  -1.76381352 -13.75035826   2.22144866
   6.55403594  -2.1787679   -3.17296736][ 17.68750091  18.34375692  10.83957365  10.22040844   9.31559697
   6.55328987 -21.00618053  -6.34992738 -17.87017818   4.69362486
   0.42314893   2.54954989  -5.53771712][ 18.07036538  20.14557696  12.15743966   3.46192836   7.20412109
   6.66038949 -20.73003117  -4.40464542 -17.54500895   7.54821227
  -4.87946436  -5.37092326  -0.42029783][ 18.07386904  19.77454089  11.05847209   2.16047819   7.57545216
  10.78885458 -18.03719291  -5.42108997 -12.35027445   6.42094198
  -8.81277497 -13.26737324   2.48704102][ 17.74298085  17.28247135  12.83935433  -0.48354592   8.96774679
  13.03131973 -20.43153838  -8.4614102  -11.75075838   7.5205457
 -17.37515651 -22.56989979   1.34360107][ 17.41565596  16.29905733  14.11521342   1.90819254  13.32968518
  19.64795304 -20.10836756  -9.77649558  -2.23971425  11.40430682
 -23.6203014  -24.4943356    7.23058517][ 17.06244884  15.65608648  12.87005386   4.02055041  15.0942312
  24.7222822  -18.71641998  -4.41243376  -6.67515004  15.86622383
 -19.73006456 -25.99359027   8.83417518][ 16.53062495  15.57131624  12.91206143   5.86794077  10.46246929
  18.03727474 -18.05405032   1.70466283  -9.69903799  20.18172913
  -4.63053937 -20.30374863   6.08272907][ 16.17789385  14.17489828  13.44005517   8.33398959  13.67170855
  25.7083435   -8.85051487   2.36171929  -1.84667045  18.42800127
   0.12152804 -22.20615346   7.08445221][ 15.71386757  13.59650723  16.80340402   7.04042376  19.05003949
  22.17090579 -12.68502343   5.92967388  -1.9200239    9.7904125
  -1.18445221 -21.06759346   9.95278285][ 15.10904576  13.64032498  20.24701163   9.09725894  25.2490809
  24.25997181  -5.59204971   2.23682297  -0.61497425  10.50505641
 -11.50992415 -19.42369949  -1.95213845][ 14.32833087  10.08454973  22.2825083    9.3228276   27.81133004
  32.00692201   4.34847602  -0.14354835  -2.67669468  10.69174331
  -8.50742106 -26.67225486   0.57622859][ 13.21430955   7.04851623  19.68925153  11.30526459  25.49718169
  25.76042641   1.09085378  -1.35167269  13.04007921  12.64402283
  -5.6283996  -24.27840339   0.63914341][ 11.74716419   2.69447659  15.92270967   9.01571145  28.35903614
  19.93191888   0.05842355  -7.12667186   7.09785794   2.19031162
 -10.37313544 -18.20674649   1.86734197]