[14.75432106 -0.85600482  4.11167471 19.64058559  7.65331744 -1.35173915
 -0.2120597  11.39744167 -4.35697665 11.29962501 11.17073424 11.30546983
  6.98188329][ 17.83224608  -6.21944084  -6.48593982  13.76322449   1.47211692
  -1.11176439  -5.95830744  24.23764407   4.31277767   5.35781765
  -5.6936585   16.62274054 -10.43893813][ 18.48271613  -5.83654638  -6.7482774   12.6557441   -0.51902184
  -1.60914409  -9.28468155  19.41897938 -10.11957512  -2.06627762
  -5.86147895  16.61859576   0.86801667][ 18.87955545  -7.87428853  -7.20580953  13.8970153   -0.59516818
  -7.62809381  -7.13000428  24.20580773 -22.05000442  -0.37605398
  -5.40459435  14.42269528  -4.16192319][ 18.64081885 -15.89450004   1.93583635  28.0535017    6.07196093
  -7.78516799  -8.18751127  18.56772933 -26.63232761   6.06673533
  -1.91176657  11.36200839 -15.31947109][ 18.18973271 -18.66946814   7.21895802  31.10733018   3.19798106
  -1.21801425   5.59142434  20.98213788 -20.72344638   9.32431859
   0.53779444   4.46496974 -20.60689652][ 17.86515683  -9.19016658  24.32008464  40.72235389  -7.6550171
  -8.54906592  -4.33086216   1.63436618 -28.64835753 -10.49532868
  -9.0054276    5.55060723  -8.50777069][ 17.80247813  -5.7273582   21.65123333  47.21178123  -3.87640062
  -7.93995241  -8.51838002   2.33005508 -32.36497266 -14.08947051
  -7.37978789  -2.03254208  -9.4868178 ][ 18.17715249  -2.14223636  17.39211579  46.5298017   -3.51824445
 -11.79537449 -24.03437677   2.72383693 -30.01885139 -17.59624316
  -3.2301884   -6.97339312 -12.92380844][ 18.24243969   1.1760784   19.83543677  46.77791406  -5.7234574
 -16.00360641 -33.81095921   5.14390674 -26.15076106 -18.3941613
  -4.60813372  -3.63861819 -13.12427821][ 18.4368828    6.44136782  19.80754714  38.59199807 -12.60310528
 -14.53274452 -29.88744418  12.52378944 -25.69146951 -22.09018465
   0.39147028   8.44057289  -9.05275673][ 18.99493291   8.65604614  18.58559619  29.10600691 -11.84302568
 -17.43616077 -20.69230879   6.7823794  -27.2730183  -13.78196863
   0.67529004   9.16813047 -10.25618369][ 19.63512718   8.01133634  14.14904374  26.87789051 -12.54543855
 -25.29767434 -24.7338756    4.67435988 -33.10279565 -15.3014143
   5.28612081   5.23096995 -12.61141586][ 20.10694335   3.71673242  15.49106205  35.98632548 -15.50894139
 -32.69846867 -30.80114163  14.30569005 -20.94329544 -27.4121492
   4.56770767   8.21946061  -4.94324092][ 20.21071098   4.68710069  10.03972549  33.70162218 -11.75216234
 -27.09376218 -41.67508273  14.87684041 -18.97682163 -24.96472384
  13.15286658  18.55551964  -7.26029931][ 19.98138963   7.29760075   6.42023489  24.42541505  -8.57636959
 -19.7182061  -35.25052208  15.49697588 -16.8680246  -20.63756431
  14.15209347  18.80347188  -6.70852152][ 19.51995914   5.91811065   9.04361601  24.65566227  -8.42254931
 -23.2702278  -48.51536771  19.75429928 -18.41698712 -18.91590393
   3.07910051  17.40983885 -12.81503322][ 19.55832827   7.33140448   6.87375499  22.14514091  -5.97406357
 -18.61170557 -45.27896864  23.83625094 -10.44884562 -15.53060709
   2.92775219  20.31503206  -6.62597467][ 19.52764165   7.03301465   8.41970222  25.02989782  -1.55578424
 -24.7755822  -45.76528842  25.08240103 -11.46893458 -17.22569293
   9.73017642  14.76869806  -3.35390484][ 19.4403841    6.88682541   7.62999913  24.16482618  -4.92440942
 -25.74245361 -37.57799735  18.65016482  -9.70471269 -19.45687173
  13.89689718  12.37867955  -7.33629306][ 19.1683238    6.76686117   6.45906569  24.42388637  -3.8720867
 -22.89877137 -15.86074376  27.47095036 -10.04480366  -9.65349908
   8.21773037   5.44134048  -9.81164921][ 19.14145903   1.61254571  10.29604905  33.32485923  -4.97214481
 -29.26131638 -15.57164943  31.40544268 -19.80733063 -19.82769172
   0.1153089   -5.35986946 -14.4842729 ][ 19.11158853   1.30009227   7.27868912  31.57704757   1.08356887
 -17.89691887 -14.25698229  22.19455531 -24.91917919 -14.86390435
   2.37255284 -14.76479322 -16.84619625][ 18.70265174   0.86905365  16.85606041  36.6600987    0.88114808
 -18.43062182  -6.82021216  28.5795906  -25.86213882 -17.60975254
   0.03690418 -17.48802429 -13.25686362][ 18.15401108   5.20580112  14.67252938  23.94817723   1.06245601
  -4.46191132  -9.29108845   9.61039048 -27.02747991  -9.71030003
   3.13592049 -12.46303447  -6.5987489 ][ 17.68773322  14.28603469  19.91542579  18.75136009  10.46269761
  -2.45324626   3.65667719   9.76494024 -11.67234668  -9.53873386
 -10.3157849  -11.38071901  -3.19821047][ 17.62241908  16.75305621  14.42445668  16.93975407   6.59290745
   1.8770391   -7.31454513   5.67974859 -19.28178846 -11.59363174
 -10.51581221 -16.03118455   0.6499269 ][ 17.55795562  14.36315392  19.78260875  26.5172609   14.13209274
  -1.91640363  -6.79483288  12.84888909 -19.61498006 -15.61416274
 -21.88182683 -21.52393997   8.26164995][ 17.47628705  15.02117211  18.62228374  27.11932388  17.23117922
  -4.71846204  -6.34268252  11.76487663 -23.23996608 -17.61096208
 -19.07993853 -20.4783493    4.86126791][ 17.5208586   16.65613891  14.91358912  23.08898353  16.76247275
  -2.82822803  -2.69877639   0.98803005 -24.08555701 -18.30690094
 -17.44327759 -10.85186499  -1.55714316][ 17.53667224  17.21779911  18.02804468  22.4325523   15.88157274
  -1.04596513 -10.25132258  11.71624906 -10.05355256 -15.60793802
 -18.88966438  -5.57427235  -0.50886749][ 17.52423076  16.35070522  14.8295523   16.38582873  10.21545149
  -2.49831921 -10.19584724   5.36903306 -18.1356662  -17.46881569
 -15.87303094 -11.12187412  -8.71092568][ 17.4417966   14.82783915  20.60330207  25.37682349  13.035049
  -3.34286221 -10.91476343  11.66507267 -20.52056454 -23.40186001
 -18.2670369  -10.27135249 -10.23700564][ 17.38428588  16.4235111   18.60122494  31.35310673  14.53157995
  -8.18167571  -8.78819022   1.3616768  -15.66355494 -27.4680097
 -10.65674279 -11.43289405 -13.39017689][ 17.45185621  20.25146372  14.426143    18.48031539   9.56084939
  -9.54325449 -10.89101726   2.03657605 -12.04967549 -19.83676182
  -0.882735    -3.31617096 -15.92167997][ 17.40753387  21.47043326  17.15150848  17.48399856  10.65259584
  -4.90088167 -11.78455397   2.25755854 -14.6184248  -27.62004661
   0.29497241  -7.22952709 -14.81864193][ 17.23227593  22.3329777   22.06991146  18.31438446  14.47156786
 -10.93249181  -8.1774706   -0.55865837 -16.21551169 -27.09673124
  -6.59172341  -7.04280921 -14.30597203][ 17.12307916  17.78603379  28.69212215  24.33941935   8.81849198
 -11.18987133 -11.13802635  -7.25422176 -23.24821757 -32.74441603
  -7.96265192 -12.2022773  -21.86141469][ 16.85668627  19.74604813  20.50736738  14.39558574   4.04928601
  -8.42758282  -8.24412986  -6.72168203 -14.01098088 -17.78367962
  -9.10141413 -14.13304215 -16.30702747][ 16.25186249  19.15903537  21.79177768  14.76389483   9.11279103
  -0.72682063   2.20207793  -2.7217086   -5.55708019 -20.67853765
  -5.54262261  -9.54076034 -17.85137994][ 16.94603605 -10.55614573  13.76334758  38.81884001  -9.64800652
  22.4461061  -14.29928185   1.60802122 -19.42822422   3.21481293
 -26.16434164   0.71382814  -9.64194737][ 18.7832022  -20.65298787  -6.31708323  27.63287317 -19.52707992
  11.31622929 -25.21551764  18.95608899 -21.60974599  -7.25544278
 -10.27148394   0.60481681 -14.28692516][ 18.97589654 -24.59936652 -14.36302612  17.45186509 -30.98045121
   6.05076042 -21.13471149  19.04065711 -16.71279366  -5.43314885
 -16.22570383  -0.91954189 -10.16188552][ 18.27525936 -24.76357043 -10.12600968   9.74072321 -36.84561153
   4.83039411 -15.67458778   4.15022011  -8.89853644   1.63412627
 -21.57291686  -1.31843185   4.19666169][ 18.61873074 -35.82425549   6.1326725   22.95862083 -23.68918547
  19.21392171  -3.46101968   3.49213997 -11.54835016  22.89631215
  -5.14072481  -1.27457306   1.33509994][ 19.49269261 -27.96227157   2.42381463  15.34616844 -37.08762826
   3.73691728  -6.22841808   3.62345221 -13.96407897  23.83841815
  -3.21828174  -1.82397082  -4.62341285][ 20.05040515 -30.17707107   3.12749097  17.27317482 -34.47566332
   3.1175752   -5.77332777   9.08558697 -16.57507559  25.68053003
  -4.05968665   1.44700709  -1.26600997][ 20.46202068 -38.93985105   3.48424742  29.65898493 -26.88983511
   4.30879004  -2.24891178  18.45322619 -24.05222004  19.39842649
   1.30883229  20.59874391   8.92224717][ 20.68746669 -38.53260632  -1.13860284  25.52614726 -26.35779608
  12.12514925   5.24190417  22.76549147 -23.73419027  19.83412195
  -8.25831304   4.27538283  -2.76086318][ 2.07885915e+01 -3.82200543e+01  4.28704034e-01  3.25360239e+01
 -2.14842700e+01  6.07296542e+00  2.71456225e+00  1.91775524e+01
 -2.57585129e+01  2.35713858e+01  2.20929104e+00  2.04429456e+00
  3.17510671e-02][ 20.66291344 -31.99147585  -0.09956339  30.11408795 -20.68200749
   5.26928697   0.16390568  20.69432606 -23.95347419  25.60847977
   4.84849815   6.9527148    5.33187586][ 20.40448028 -30.13759566   0.76732007  29.35668345 -18.1159244
   5.15769389  -2.12794417  21.81811944 -25.51884963  19.9033668
   3.06930371   7.26183177  -0.85278514][ 2.03138418e+01 -3.04817966e+01  8.53507400e-03  3.02155778e+01
 -1.21353669e+01  1.74501686e+00 -3.75882736e+00  2.15628046e+01
 -3.25402154e+01  6.51598961e+00 -5.26560847e+00 -2.17016590e+00
 -5.65924470e+00][ 20.14286312 -31.42157174   1.1449777   32.46452221 -17.34780601
   0.74299508  -3.48330107  31.96248091 -28.93985193   5.07067212
  -3.04395932  -6.21989038  -9.63853632][ 20.0119793  -31.01760112   4.88815076  34.43123993 -16.8416341
  -1.08381897 -16.70614764  29.20447692 -27.15352111  -0.24666155
 -11.51306349  -7.3627895   -7.93902805][ 1.96231478e+01 -2.74003073e+01  4.77844549e+00  3.02292109e+01
 -1.23481966e+01  2.01827923e-02 -1.21305797e+01  3.91936396e+01
 -2.24228862e+01  1.97929336e+00 -1.00877933e+01 -1.75524297e+00
 -7.11247738e+00][ 19.20288388 -23.98382912   5.64999715  29.05745845 -12.41535172
  -0.60552863 -11.41036418  36.00873467 -23.9180775   -2.69428097
  -6.32976244   2.69733565 -14.09771437][ 1.87966443e+01 -2.10802286e+01  4.96226396e+00  2.85146865e+01
 -9.82146798e+00 -6.38901376e-03 -1.61023671e+01  3.21473564e+01
 -2.97909877e+01 -5.79025950e+00 -3.31421391e+00  8.19446429e+00
 -6.25824299e+00][ 18.13378652 -17.49184083   4.97599446  28.09530124  -5.94043352
   0.8558742  -14.54584905  25.88371923 -23.20294446  -6.24957818
 -10.74600258   8.97512715  -5.02633362][ 17.18739251 -13.97392107   1.4836712   27.62322164  -3.06211889
   4.84934249 -15.35677421  16.05536541 -13.01867805  -5.64252885
  -9.02685007   8.35358808   1.13580953][ 16.50112803 -12.0456425   -1.08967549  26.69878955   2.5218421
   5.68520633 -18.82055271  28.60121181   3.20380772  -3.81799808
 -14.73658373  10.50178521  -0.72800053][ 15.81763281  -8.39759165  -0.07784705  28.57790124   3.19235829
  -1.92861596 -17.45418773  23.20332843   5.38688571 -12.62049141
 -18.02232847  12.35041054  -3.99656035][ 1.50954844e+01 -3.80070279e+00 -2.02859987e-02  2.36155938e+01
  3.69550411e+00 -8.46380814e+00 -1.86386653e+01  2.57993230e+01
  8.54856357e+00 -9.18149189e+00 -1.22270049e+01  1.31209543e+01
  2.74954872e+00][ 14.437067    -0.9899293    0.63425734  23.23080013  12.90909311
  -8.03891618 -17.96825471  20.07174596  15.24133261  -4.57012096
 -20.72365337  13.04594286   8.42104035][ 13.74266084   2.10134933   1.48442438  21.12531877  15.29373958
 -11.06411406 -14.17828057  17.68361156  20.46738545  -4.22757833
 -14.36032793   5.83371159   8.84229843]