[ 13.84209104  -7.92895508  19.08183243  42.47685748   0.68579246
 -19.07730906  19.95088506   1.72797633 -22.04047278  -2.62670694
   4.88186697   8.49997289 -20.05189174][ 15.79896884   1.87924599  18.77887135  48.70786077   4.0175457
 -24.34288953   4.78130841 -15.95419647 -27.44594817 -10.19467042
 -20.37740647   6.46828976 -14.15610712][ 16.12262542   0.83109594  19.45427109  46.34974586  -3.83130071
 -17.74186604  -1.84435051  -8.57399922 -37.3640318  -15.96823133
 -20.37166825  -0.69576609 -14.56734759][ 16.20822896   1.93036838  21.15853356  47.25352427  -2.90906979
 -12.03381478  -8.16205021  -4.61574593 -25.32256993  -6.48728733
 -14.62744622  -2.54171292 -10.73340821][ 1.59434058e+01  6.19812287e+00  1.82853508e+01  3.02743035e+01
 -8.85426276e+00  7.50431303e-01 -2.57632189e-02 -5.82316624e+00
 -1.89639876e+01 -2.06651688e+00 -1.25331373e+01 -6.41326116e+00
 -7.84064472e+00][ 16.00480788   1.83707976  28.07741661  51.96600078  -4.76571741
  -9.50373077   0.09578005   0.59943495 -28.70306295  -5.4639326
 -13.39046468   1.09834254  -5.93164688][ 16.35317216   0.89487691  31.39470123  54.11964754  -2.05365599
 -16.17468298   3.44813809  -8.60194159 -30.93155479 -11.8744512
 -10.16955484   3.00131215  -3.79359097][ 16.6045144    2.14232521  29.93430804  46.22483651 -10.18402094
 -14.71988178   2.21664663  -6.90366595 -33.60386589  -9.58536795
  -2.92171104  -5.47383879  -6.81345955][ 16.93526329   7.74939368  19.28201304  35.94221824 -10.58650038
  -4.5811078    3.08770847  -3.56592928 -25.68947508  -4.96292219
  -3.66531889  -4.58823011  -4.88593679][ 17.20840211   9.72495996  11.41759972  29.97184383  -8.85415954
  -9.33560824  -5.45571081  -6.08865034 -18.29596465  -9.22965669
  -6.30342015  -0.2395023   -9.12945663][ 17.45505071   6.5240683   21.59530647  43.92062093  -7.92489521
 -17.62492412  -6.79179548  -4.21277282 -29.33713352 -12.48480666
  -7.42153008   4.19734918 -10.75222668][ 17.55041852   6.49270798  19.98299649  41.85761963  -5.49420123
 -24.01928559  -2.71448628  -8.15992922 -34.71031062 -11.9562366
  -8.79468191   4.67182958 -12.70903089][ 17.81064855   7.24256986  19.83468535  40.90545249  -2.97962178
 -26.71956554  -2.99578897 -13.5927932  -32.22861491 -10.28584434
 -11.55807669  13.29252213 -13.17965673][ 18.20161405  11.14126044  14.88182791  25.33027712  -9.21463608
 -21.05860926  -1.57163997 -11.23776962 -22.02590299  -3.26707757
  -4.41003679  12.70605111 -11.62050812][ 18.98388769  12.77517052   9.13894976  16.71645387 -10.22383316
 -15.36176554 -21.17246795 -12.79337831 -30.46465137   1.3421451
   1.53032261  -0.08045765 -10.86833949][ 19.25472238  13.30740305   7.26044072  18.44926984  -4.80895695
 -20.80493935 -30.77668144  -2.21707798 -37.22849528  -9.23728161
   1.4272862    4.7878584   -1.87156379][ 19.14396383  13.45932056   5.7482568   23.18514888  -4.20592266
 -21.82393767 -28.1954161   -1.25576279 -27.09456364  -2.3653787
   9.75646968  13.82647497  -0.27029734][ 18.76230498  11.47576165  11.2129748   26.82332946  -8.42293603
 -32.82999248 -28.73406733  14.66468012 -17.39304517   0.1707561
   4.59184304   9.77357393  -4.85694294][ 18.88374529   8.52853483  13.89192407  21.95205861  -9.54658875
 -40.10756604 -33.05041245  18.8586047   -7.39113406   8.44522097
   8.70256907   5.20478925  -4.0023882 ][ 18.90252163   8.86404889   7.49177753  13.76917636  -9.02174801
 -24.3818383  -30.35045831  26.99034035  -2.12971622   5.40946418
  12.67209469  -2.43411567  -1.65392107][ 18.7609662    8.33844707   2.17965644  11.6699928   -3.95052915
 -19.74838601 -34.66634805  30.94242247  -1.48707927   7.24563216
   0.21533227  -8.675022    -6.7104259 ][ 18.63909926   7.22597042   2.22420358   8.28576717  -1.43978726
 -13.80311662 -36.54711039  36.68721905  -5.63627172   5.27376396
  -7.91669469 -12.58445073  -5.61597254][ 18.74991465   8.07493386   0.39108176   9.3455193    4.49586211
  -7.5401836  -42.70642942  33.8759823   -2.12193415  15.07812958
 -14.37110674 -10.42997071  -3.01349365][ 18.78052124   8.18619682   4.06960225   9.55862059   7.98366582
  -8.20887033 -49.14644551  31.06523598  -9.019705    15.81466922
 -12.87029376  -5.6253907   -2.79296595][ 18.62494833   8.03445533   3.17353673  10.37779196  15.03850343
  -9.296798   -49.09748514  17.83779575 -16.08012617  16.09955909
 -10.81781377   1.66419635  -0.60593814][ 17.73324723  11.33583117  13.05976522   4.71438533   9.58103768
 -12.22282878 -41.7541861   17.25036163  -4.4995273   10.5080926
  -5.27311187   1.55005729   7.86318018][ 15.98971093  14.26819641  12.34091656  -1.79368975  -1.26858883
  -6.08549059 -22.36320292   3.21787562 -13.28612329  13.84042136
  -6.75842648  -9.1775106    5.38645486][ 15.08271853  18.87614638  19.95677716  14.94498024  20.24289418
   2.79581324 -19.34530037   4.15004318  -2.35325689 -10.36858413
 -18.70774858 -13.4512028   -0.84192604][ 15.1587075   19.47078018  20.12993801  12.43711525  16.84749978
   5.5994828  -12.66184693  -2.98441136  -8.23858629 -12.52068253
 -15.89390772 -15.82293637   0.52080761][ 15.16592038  20.43151999  21.38726096  15.74740099  20.14920043
   2.65223404 -15.10304271  -2.27399554  -9.530849   -12.24669045
 -11.98891907 -17.77600929   1.80616431][ 15.18537009  19.92473971  21.68967233  14.49228168  22.23327439
   3.70418732 -17.06971062  -8.58451672 -10.44986567 -10.6178139
 -18.56893774 -19.98666453  -2.04992518][ 15.28710548  18.2755014   26.13739169  21.90498793  34.68422702
  -1.49814959 -27.56201764  -8.98930727  -6.62159167  -9.05934705
 -14.30225635 -22.56418271 -10.40654413][ 16.61588766   9.10465445  15.1335709   16.64238413  -0.28144668
  -6.07461734 -38.70081085  19.76723018 -15.06388076  -6.93638461
   0.23381797 -20.51608932   7.02710367][ 18.45214459  14.47270083   6.7795889   10.4149309    0.08622101
   4.00325799 -26.26359382   6.35385377 -31.56378165 -12.76035709
   8.55381829 -11.64363494  10.2592664 ][ 18.85022164  14.37581709   5.48907634   7.9994347   -3.33036451
   0.67981267 -35.71777653  12.69251718 -23.24162336 -10.08741536
  11.7544863  -11.16894664   8.96491948][ 19.16123567   8.57215814   6.41997616  15.16385776  -7.87847978
  -6.57154721 -50.62502787  23.33268722  -8.73668929   4.10447803
  14.22677533 -19.14569015   8.98434236][ 19.26801653   7.64276816   2.54834776  11.56567816  -9.91334224
  -7.04851326 -50.58846229  24.78945488  -5.365965     6.71323969
   9.57743347 -23.95190718   3.59789933][ 18.879446     8.84070818   5.67315207   5.47100076  -1.3945524
  -7.55252073 -34.87637903  21.1513739   -2.13812325   7.42037086
   8.99700075 -21.45859632   4.04499407][ 18.64290998  12.43385469   5.62726065   6.25672047  -3.76643396
  -4.32170501 -37.97990163  28.05525805  -0.13818811  11.20312026
  -5.32296891 -19.87259684  -3.28132803][ 18.60022695  12.38339609   4.7130329    4.98276245  -4.4717331
  -3.18827895 -33.6723711   27.55287366   2.36242493  12.6756349
  -3.35688715 -24.27495226  -4.01219139][ 1.83605438e+01  1.13009992e+01  5.17634252e+00  3.90808469e+00
  1.82992922e-02 -2.40915601e+00 -2.43505406e+01  2.90062733e+01
  1.69962939e+00  1.29951397e+01 -5.33936643e+00 -2.73526338e+01
 -2.78166508e+00][ 18.03315301  13.02825824   6.09582968   4.865205     2.23171303
   4.21152931 -29.09625022  33.83872718  -3.69426363  15.42799557
  -2.35448053 -30.20643848  -2.43159272][ 17.55403369  14.43869587   9.11054832   1.75308114   3.11917934
  11.67112832 -25.54211203  29.31316784  -6.62911352  10.6076851
  -5.57502937 -29.43540921   1.12040126][ 16.97516181  15.60232826  11.1917136   12.90493553  18.51646997
   9.47157187 -14.38267606   5.47959173  -5.76162718  -0.67799712
  -2.1761915  -25.13938631  -2.54477191][ 16.82645541  18.03451662  12.54819205  19.42352169  24.31914997
   3.13977704  -8.14853949   4.2973963  -18.64152515  -1.79647047
  -2.65621656 -30.00885702  -3.23205875][ 16.92401734  17.66635909  15.96083854  25.22175344  21.74965983
  -6.09792956  -8.46384249   3.62245198 -13.98953367   1.89650734
 -13.353568   -35.02367854  -0.13696741][ 17.04038103  17.36782623  12.82107761  24.85087341  21.26029633
  -2.58797284 -10.04899237  -1.63853176 -21.73812491   0.49996113
  -6.65755713 -29.04940431   4.21748338][ 17.08419751  17.86863782  11.63152639  19.23435289  17.7982961
  -2.95426465  -8.34078422   2.8190525  -16.93040826   1.12762547
  -9.68446698 -23.34370866   6.99838697][ 17.07512132  18.78107176  10.33372264  18.24021029  16.57640026
   1.45618702  -4.96800344   5.67048952 -15.30267017   0.14949053
  -9.35806715 -23.5726109    6.96568206][ 16.86212927  16.76837084  12.25022872  20.67752788  17.03809005
   0.3830719   -8.22567116   3.60649434 -14.18247367   5.91811891
  -6.97504008 -26.63314437   7.26992102][ 16.84211051  17.06031506  13.99488816  20.76988003  18.52851386
   4.4171185  -13.09485865   5.43355894 -14.24459641   2.10944548
  -7.60006429 -28.88571457   6.04713751][ 16.80705564  15.2714537   15.25440229  25.87556486  25.70648764
   6.59912056 -10.26883536   6.61316176 -19.16164784  -2.05755624
  -7.92621107 -31.84196346   7.34058697][ 16.74986191  16.28248469  11.59465617  24.81165781  30.04695286
   6.34578066 -12.6033268    7.91767088 -13.92408228  -1.61825465
  -9.26916696 -33.18045783   5.50719878][ 16.68856278  15.69103915   9.97310197  24.22497577  34.96254415
   7.41668506 -13.62925669  -1.80745062 -13.5650652   -7.36050468
 -13.45369379 -24.88187991   7.89505165][ 1.65926269e+01  1.81091952e+01  8.44370821e+00  1.87359197e+01
  1.87997804e+01  5.02556778e+00 -1.18681297e+01 -1.60279347e+00
 -3.84167131e+00  1.61175847e-02 -1.32724305e+01 -2.33011777e+01
  6.75949254e+00][ 16.86198163  11.45638246   7.16100322  28.03312717  -2.4181958
  20.71597104 -10.83323123  -4.62635855   4.85745712 -11.07046517
   2.12006199 -15.53492693  -6.62303278][ 17.13265575  12.74683897   7.57293075  24.34484626  -6.80157687
  16.12645645 -20.7162746   -9.80504965  -3.46519867 -13.03863
  -2.6179383  -15.71600067 -11.3922559 ][ 17.04542412  18.91660474  17.48031108   8.09234928   8.09842595
  25.73964542 -30.36283044 -12.0800814   -2.32715644  -8.44713029
  -7.15600636 -19.85674426  -8.34790312][ 16.8335759   19.88382586  20.52422577   3.30243949  14.05019393
  23.28012465 -27.91350451  -4.59425245  -5.40409399  -6.67336143
 -15.94833279 -19.40267437   1.14499581][ 16.49601201  18.55761807  20.88159995   3.38254728  16.52834874
  23.60288077 -30.21828579  -3.61000313  -0.07849061  -8.10979472
 -13.67508941 -21.88792628  -3.7830353 ][ 16.02373033  18.49129437  23.42534131   3.53418437  13.20559215
  23.16921718 -18.95562372  -0.06066055  -2.46776052   1.13843186
  -6.63841913 -16.94562259  -0.63270333][ 15.57794865  13.8230923   22.79205054   9.9052061   12.74033122
  24.92992011 -15.07206994   4.17476953  -5.00573688   5.63723999
  -2.31031122 -26.5585442   -0.22978346][ 15.2131374   12.50779844  24.01869356   9.36567466  14.89337968
  28.99934225 -12.1219372   10.10568319  -4.0632961    5.43186864
  -5.99710192 -29.5703244    2.71378455][ 14.79919641   8.59590963  26.59105496  14.33014954  28.48682335
  36.73301049 -16.40964082   8.9584347    4.88202102   3.92985833
  -4.11015764 -25.1660664    7.26621414][ 14.19469116   9.64310745  21.39601854  12.05334312  24.46358182
  23.03009722 -11.31955474  12.63559643  10.12356102  12.16239616
  -7.74639186 -21.61462588   6.40515882][ 13.26213496   7.21162424  20.45022298  13.0477461   22.89658478
  19.3949751   -9.37282351   9.72052051  13.03331735   4.12892526
 -14.65510628 -22.46542032   4.19553417][ 12.12763559   5.81249145  18.68944627  11.38326669  27.75198286
  21.25636525  -8.04052116  -2.75538977  14.5231807   -2.95185974
 -10.94584072 -17.25016305   8.45667556]