[ 11.47519276 -14.36861922  -4.66956284   1.7425971   -3.5774126
  -2.00154088   2.41824658   6.35609639   9.08040443   9.46350828
   0.86526646   0.89340737   2.39262214][ 20.3313242  -29.86648331 -21.70369754  21.35541534 -24.54513061
  16.55107871 -14.12957971 -17.33546598  -9.62072954  -4.80844973
 -10.58525166   2.36134246  -8.76736019][ 20.51415211 -29.70574284 -20.3612412   17.53999865 -23.1399675
  13.67932268 -14.46460085 -15.45027986  -3.11027588  -3.55346885
  -9.48705704   1.05239061 -10.50741509][ 19.56080417 -29.1275135   -9.69042191   8.52986809 -16.83269745
  15.53719951 -13.13264762  -3.51755177  14.14248658  -0.97833477
  -2.4918699    5.24247636  -8.99740376][ 19.52555578 -30.1280901    5.51775225  18.11660765 -19.47499377
  19.73015248  -3.66782814  -0.70532114   7.61181525  -2.96941212
  -4.93993812   3.92858417  -6.30566312][ 1.99029360e+01 -3.26167985e+01  6.04385915e+00  1.92163550e+01
 -1.00343974e+01  2.94911466e+01  1.19523205e+01  4.25757945e+00
  1.14977798e+01 -1.16699297e+01 -1.11937712e+01  1.56639964e+01
  2.40627749e-02][ 20.28306895 -26.14105798  15.81398851  20.86613976  -8.5567677
  22.37703801  12.69930312   0.79912326  12.18822102   5.13601454
  -7.92655873  17.88104632  -4.00735499][ 20.76861723 -29.24035584  12.25518132  19.86869711  -9.1176078
  22.19695678  17.44493671   6.67687722  13.77217241  15.12379426
  -8.07002559  20.79520345  -3.785358  ][ 21.69121713 -33.18126593  12.25629772  15.73571846  -2.56206489
  11.70758681  20.67602417   8.23201957   8.46265529  25.88050139
  -5.31340336  22.41991423  -1.11132942][ 22.29299223 -34.32242788  11.72681451  11.51362675  -7.43220994
   4.7337731   22.38644498  -3.62370638   6.10691045  18.05652083
 -10.9489978   19.62284855   1.17320836][ 22.39962495 -35.92242547  12.07640057  11.92356843  -6.24093388
   2.48031412  26.75243109   0.6856373    1.41298463  18.13490905
  -3.50094075  19.30115141   2.78404957][ 22.12165983 -37.87276957  13.48691725  15.9235725    8.06928884
   5.31455814  21.4127938    8.34480397   3.25929607  18.42799531
   4.27474185  15.41676992   2.81540913][ 22.14153202 -41.51250896  12.27872733  18.92206129   9.97619649
   0.67926827  13.68620515   6.72499948  -2.01303176  21.7247248
   7.11723911  16.81221122   7.03384303][ 22.25656159 -39.24853492  12.33495088  15.93680506   8.47145062
   2.53113371  11.78175583   8.15947427  -3.50278092  14.91736527
   3.92591907  10.2356213   -2.70502012][ 22.48174905 -42.41748758   6.93874142  18.41236927   3.0634237
   2.0538058   15.16119154   1.3814811  -11.0563306   17.99252468
  -6.51710529  -2.65373025   2.7131599 ][ 22.60586088 -39.86234788   7.40420526  17.65640577   0.68017388
  -0.47445344   8.32612198   4.3390451  -14.16158872  24.96683289
  -2.84615817   0.13424489   3.21486707][ 22.73977551 -37.98759739   9.17823598  21.9214084    7.84154642
   4.43259538  10.42601665  17.59021445 -10.99563917  35.65654549
   5.35320656   6.87803495   7.67769396][ 22.61884142 -31.54330522  10.32044985  12.22874904   7.25681728
   5.03130062   8.26997654  19.5936523  -18.06908354  26.35970119
  10.25777763   4.79319141   1.91395389][ 22.64676991 -35.22056381   9.60918133  22.45263387  12.32283775
   4.1651509    5.63227006  21.34882064 -16.60575755  22.88533766
   9.8488265    5.16647874  -4.84772801][ 22.56829623 -36.55263369   3.39505722  24.56663153  13.02099371
  14.27239065   7.33017673  26.62840089 -15.7453543   26.76094543
  14.22394123  11.87440975  -1.36864543][ 22.66523778 -35.10533766   1.66094217  21.23466149   5.05800265
   5.06911116   4.39647023  28.02919467 -19.08898735  19.51650176
   5.39730969   5.64779343  -2.86800356][ 22.80029611 -36.15807972   1.55588092  21.9031342    8.16161733
  11.03885369   3.24337948  29.30426888 -19.07421637  23.60150317
   3.08967726   0.35141864  -0.08337593][ 23.12818153 -40.24177864  -0.19686542  20.78713637   3.44073609
  10.04675408  -1.91340031  29.26291272 -18.17713479  20.29830919
   0.20287427  -1.38688136   6.01019577][ 23.34339693 -37.90221838   0.5747778   21.31847634  -0.74421377
   6.22478577  -8.20741947  30.53988936 -16.4373883   19.02873009
   6.20273723   0.16055741   5.82908716][ 23.23246103 -48.05238552  -5.52964234  24.84674334   5.50445254
   9.16325099  -5.37032833  33.95569031 -15.24427397  15.3792989
  13.57903197   4.06077707   3.8936379 ][ 23.24535119 -36.77728676  -2.44892603  14.73008922  -6.0519613
   0.2801625  -13.72535538  26.25187604 -24.07995835   5.84486548
   6.25495545  -4.37410293   0.07190054][ 23.02865275 -36.70760278  -2.70643516  17.46556681  -5.64684612
  -0.5413088  -10.87990341  22.23449354 -20.47030147   4.56621529
   3.45464923   1.59392568  -4.6542386 ][ 23.14145005 -47.80313917  -8.50560416  24.95057011  -3.67640406
   2.78637648  -8.67729113  29.82629989 -16.61169607   9.17607703
  10.00994619   5.04240717  -1.56984721][ 23.13789685 -51.37486151 -12.39322408  24.41668505  -0.7164584
   6.34632208 -11.00345635  31.12508973 -12.93004228  12.76016776
   9.40283607   1.69703913  -0.93031532][ 23.07090657 -40.69600636  -4.43431524  22.15341971  -9.44806258
   0.91495344 -16.03613387  25.23461237 -15.59290097   3.11247235
   4.94664426  -2.05340206  -2.19171062][ 23.00228055 -33.81951556  -6.49157018  17.59928178  -7.02972228
   1.44283426 -11.90564082  25.8189655  -22.02627268   6.69060806
   4.54600168  -3.75794538   1.2053607 ][ 22.95580771 -52.39514524 -19.38476052  16.38394023  -7.74857175
  -2.15217367  -1.85493919  35.23777012 -11.25899933  23.60585179
  17.34563829   2.03235494  11.00582808][ 22.96885581 -45.37912579 -10.7453748   22.74601024  -9.94510197
  -2.94972363 -11.87047459  23.52372441 -20.29795371   8.98319339
   4.21360445  -9.38612408   5.74047711][ 22.98679608 -39.71504239  -8.43108442  18.52855776 -10.94974201
   0.75667594 -13.31131393  19.0413204  -21.88508894   2.92724322
   2.79189645 -11.41333481   2.3219359 ][ 23.00393168 -38.13115662  -5.77394906  20.43939169  -9.40745816
  -0.83087518 -16.20554464  24.82796061 -22.95565154   7.35768531
   9.38417566 -16.54421051   2.66388936][ 23.17166757 -36.90451168  -6.37363567  20.74705829  -9.41191803
  -0.88939302 -16.72492     26.25906078 -27.03135944   2.87202635
  11.82695537 -13.04396623  -1.14167269][ 22.96244483 -49.78092242 -15.4166745   25.95774265  -1.87316842
  -3.61263413 -23.99850935  24.90679278 -21.3295238    8.15034189
  11.84292285 -13.02130863  -4.37153239][ 22.81069972 -50.77504954 -14.39488448  26.23232863  -6.64133384
  -6.30132035 -29.34687979  23.08982306 -14.71956176   6.66417455
  -0.14223368  -7.58673383  -3.31781014][ 22.35201074 -52.66044355 -20.03776682  21.04525985  -4.75137379
  -4.04159132 -23.16800395  19.50510889 -17.24265545  10.61078292
   4.32938778  -1.06003546   1.96810461][ 22.31513709 -44.30550684 -14.4574372   23.22307769  -2.90602077
  -0.17569485 -19.09607195  26.78813662 -18.83165554   7.72433537
   0.24365703   8.11192681  -2.40515919][ 22.07615662 -45.05187371 -15.83637602  24.67859762   0.12165159
  -4.62865133 -23.05587086  22.7397123  -19.14480597  13.75302739
  -2.77663462   4.85450612  -2.62305773][ 21.6594093  -45.73505014 -20.83304429  19.11632139   0.8664713
   1.40847879 -17.294414    30.52336434 -10.71760711  14.33491412
   1.36602506  -4.27292327  -4.81161904][ 20.93191928 -24.78263322   0.2442504   31.45631226   6.33718465
  -6.87344106 -24.87045322  27.70325422 -17.81816012   7.87146602
   1.83123328  -0.33550466   5.97120953][ 20.23912945 -12.8370405    1.46118063  21.39974984   0.48412438
 -14.86336004 -45.00637183   5.12852128 -25.11322333   6.8325168
   7.91889393  -4.37940449  -4.0847124 ][ 19.7769346   -4.12076012   1.18676702  13.01827259  -1.16118702
  -5.45217465 -41.21220713   7.17054201 -17.86053951  15.6209401
   8.27357118  -8.65582397   4.29952722][ 1.95689971e+01  1.30852762e+00 -1.86628882e+00  6.55847830e+00
  1.01374210e-01 -1.12636224e+00 -4.81949130e+01  5.08649184e+00
 -1.55225536e+01  2.08495935e+01 -1.67884365e+00 -6.34961660e+00
 -4.65570347e-02][ 1.96389796e+01  6.24196907e+00 -4.04487950e+00  5.31503112e+00
  4.27940462e+00  8.34088003e-01 -4.90248262e+01  9.44817521e+00
 -1.81747864e+01  2.64977372e+01 -1.80454035e-02 -6.51537248e+00
  7.83313231e+00][ 19.6932791    6.77742126  -0.15165859  -6.17586297   6.21187152
  -2.07593517 -50.8985859    9.63484422 -20.68936931  23.84505561
 -11.49765739  -8.23109472  -3.06844427][ 19.73538974   5.69985452   1.79407393  -3.61780828   5.50434356
  -2.94363058 -52.42296429   8.78206129 -23.07541845  22.9402615
 -20.69828977   1.05748479  -1.97680678][ 19.65019953   5.72357459   3.60353361  -4.60904097   8.80246381
  -3.22023921 -46.20194581   8.56072472 -17.04601081  24.23963045
 -18.40836648   5.53363394   3.18601372][ 19.72721122   5.62712768   3.21368631  -5.4060489   13.0488415
  -3.55714482 -57.79062106  10.69669957 -12.2123702   17.79229639
 -14.74555817   6.11314661  -5.33132803][ 19.84779977   4.54283938   5.22735167  -6.019741    19.48375653
  -4.91592478 -58.10505745  10.99069125  -4.07209735  10.75019671
  -8.07721494   5.57545411   2.34053405][ 19.90113786   3.63206372   1.82596478  -4.95301817  14.62237564
  -4.74074178 -47.65542133   8.39126424  -8.35028393   9.61449853
  -9.88759521   5.49392495   3.02383386][ 19.94531457   3.39092431   3.86499051  -4.02149888  16.72063337
 -15.59946157 -57.70726259  10.19492379  -8.6506758    8.36192593
 -20.11517857   0.95461241  -3.30210186][ 19.90621449   4.06106267   5.77818664  -0.88924312  18.89156974
 -16.74198941 -50.18503475  11.38179831  -6.89530088  15.57354549
 -16.1701293   10.58863838   1.06386185][ 19.95908338   2.056379     6.90022852   0.46195291  15.65181993
 -21.67866818 -54.65636009  15.88438875 -11.43661203  10.43718128
 -11.35759225   5.16210307  -0.2181272 ][ 19.95006159   1.53511607   6.02360301   2.69885133  13.12026208
 -23.13099532 -51.56548527  14.83947016 -11.39325225   7.8966973
 -11.20349653  10.62818846   1.63083867][ 1.99083255e+01  2.49646850e+00  6.39985850e+00  1.06456317e+01
  1.56822309e+01 -2.22545950e+01 -4.72126883e+01  1.10800303e+01
 -5.53740747e+00  8.03165872e+00 -7.99433594e+00  1.52153295e+01
  1.90830313e-02][ 19.8211995    4.38522303   4.93666954   7.83262395   7.1050824
 -25.06910147 -52.17495146  14.79215741  -5.82311542   2.21166383
 -18.65428833   8.98995443  -5.01128192][ 19.65249224   4.74189205   7.01784222   7.108952     5.70316527
 -28.25300297 -56.92086671  17.08282565  -6.223437    -1.87886538
 -25.44683867  13.11844123  -6.35056134][ 19.45548363   3.98582245   6.75494235  11.3737347    7.36791238
 -24.08811965 -55.04909344  17.812052    -1.58494244   1.53536358
 -22.3213959   10.90232995  -3.13463534][ 19.16908842   4.46320505   5.84970939  13.8384788    8.31731711
 -18.39926313 -54.88408565  23.88270587  -2.64883835   1.44072449
 -19.52564991   2.41005604  -6.2752648 ][ 18.99129803   5.61608909   6.3366931   14.63038127  11.05147083
 -15.20606789 -50.47669385  29.50112237   0.77829775   5.51770984
 -15.60513852   2.43862584   0.13860126][ 18.38926887   5.46744411   4.95015931  12.8012162    8.12184202
 -15.95351669 -36.84672673  22.0714494   -0.08188508  -2.90463216
 -17.72410232  -3.15219574  -4.50693948][ 17.71671786   5.68406499  11.54361091  15.44631725   7.36942214
 -21.24004742 -22.63916085  22.24369765  -0.83374973   2.95152592
 -15.72364267 -16.4028342   -2.46484483][ 17.26576995   4.78269415   9.83073105  16.54793801   9.00103138
  -5.50532201 -19.98888652  27.48513095  -0.51269021   1.79951956
 -14.86819178 -21.04437323   1.8756476 ][ 16.81631703   2.38687309   9.16352012  17.3025211   16.58711374
   3.34293452 -18.27681413  22.08646003  -0.11670603   4.72999763
 -16.43233435 -20.04979636  -2.46417308][ 16.03292175   4.98951305  12.09078046  14.38831416  18.73061925
   0.8145847  -12.9667804   17.78212899  -1.35690207   1.12333512
 -24.00852608  -6.18019028   7.15838058][ 15.34997969   2.217945    12.62799013  21.97151827  21.90594343
  -3.29610073 -16.43917639  12.54951354  11.12927373  11.08036982
 -16.56936258  -9.5858463   10.24700204][ 14.45004721   1.78371138   7.06822839  21.11080771  17.15009014
  -0.29984126 -12.22419641   4.85033127   5.94799931  19.67903434
 -12.73462658  -5.91408366  11.56945955]