[ 15.59346948 -17.91267013 -41.42510746  12.73557268  35.13725665
 -11.6518035  -12.02223599   8.60480566  -5.76377401  12.99294033
  17.678584    -0.43710633  -4.91365684][ 1.58031382e+01 -2.41060251e+01 -3.03801630e+01  4.99291018e+00
  3.45013301e+01 -7.29964429e+00 -1.66858976e+01  1.86284344e+01
 -2.05959249e+01  1.08439856e+01  3.40674589e-02  2.63329020e+00
 -8.17156271e+00][ 18.40752873 -24.64439421 -29.67268196   2.87520495   7.58932466
 -18.37113666  -8.29714625  13.14487158 -13.84088799   1.26205067
   1.11734658   8.14901046  -3.62592004][ 19.59755557 -34.76095041 -21.85270146   5.22989587   1.73759011
 -15.94975374  -9.06448873  18.71280349 -20.14252893   8.8499782
   3.2950843   12.51860054   2.00465333][ 20.75130478 -45.43724619  -9.74386269  17.54449954  -2.47238152
 -14.19768707  -6.16919691  18.51826278 -25.87237404   9.74120599
  -3.39889489  16.58156341  -6.75133564][ 21.65941708 -39.89457208  -6.52270357  17.51349654  -3.57651618
  -8.21054092  -7.75375302  19.74514354 -22.31839033  11.77797906
  -8.68587194  10.16572869  -2.27862291][ 22.08286297 -38.89037171  -5.04539538  15.34499489  -4.12824023
  -5.03515836  -7.98855863  26.4841683  -21.60302246  14.3340555
  -8.16704091   6.17734897  -4.1021881 ][ 22.15086049 -45.47299145  -7.40845889  16.15318635  -3.7657573
  -7.24735234  -7.49978904  18.39951925 -20.95608531  14.97900717
  -9.56816528   4.14744604  -1.60107878][ 22.23280837 -42.56914831  -4.73415723  14.54641783  -4.42251304
  -8.04825538  -7.4354669   21.2339829  -17.41046378  21.17350939
 -11.60725261   1.02774738   0.49653706][ 22.2361704  -40.90344063  -3.22521243  15.60442379  -4.11166594
  -5.70028282  -6.65822882  19.78195652 -21.79257446  20.44022987
 -11.93710396  -0.29155264  -0.41033544][ 22.32371645 -44.21895321  -4.15138758  15.53666316  -4.79928788
  -8.01579921 -12.24278011  22.13671412 -21.08334006  23.56855736
  -8.67838673   2.76730034  -1.48484113][ 22.21644445 -51.12395556 -11.87716926   9.00116277  -3.27882575
  -7.66340513 -15.16736811  22.96878145 -15.21844245  21.69894439
 -12.39609045   1.61023754  -5.041804  ][ 22.40762993 -39.45078923  -4.41610288  12.33380843  -0.29547171
  -3.92189923 -10.25837599  23.62807032 -19.97640012  17.45090092
 -13.77785853   0.54667351   3.46838948][ 22.21607411 -45.18283985  -9.9453484   13.88719845   1.66360536
  -5.30860275 -14.31244578  22.57001116 -21.24988888  17.87553585
  -9.57302355  -1.63960472   4.24258522][ 21.78920702 -50.55135988 -20.8562432    9.76012447  -3.11831447
  -5.00874271 -11.57927733  29.99069732 -22.48361576  23.26277993
   1.82213667   6.44554781   6.46304261][ 20.60316633 -53.0281556  -20.70760033  24.1884945   13.29754164
   2.65720372 -10.10887392  36.90353927  -9.74863386  29.64960446
  11.70681329   8.81576617  -3.02414047][ 18.01538595 -26.51263486 -16.90948396  14.96304237   9.42979144
  -3.15779743 -16.25066192  27.27899748 -17.30070361   9.79474688
 -12.32352213  16.57132208 -10.90957568][ 15.59457224 -32.58875296  -2.66211237  23.59881363   0.75481457
   2.77735416  -4.01898752  29.54868429 -12.28400012  27.01561739
 -11.1233613    9.26309329  -3.92876494][ 15.28005907 -28.57790093  -1.55473415  22.56796013   0.94291082
   0.53204756  -6.55207264  28.53467165 -14.09161635  24.51954588
  -8.49209842   9.87103545  -0.17622598][ 14.66247782 -28.3566424   -6.82472963  15.76699447   3.10653558
   2.15217646  -8.50372455  34.28594651  -1.579829    27.15198386
  -7.24195149   4.97295905   2.42317415][ 14.35121302 -25.93297195  -7.29187958  18.16080339   5.5879084
  -1.80094569  -7.5501098   31.67048919  -8.16210915  21.18370565
  -8.31909505   9.88768137   9.02753273][ 13.93905148 -26.41001819  -5.66953892  20.94598064   8.02422994
  -3.17151934  -7.80275227  34.56035044  -7.2752013   19.17774163
 -10.59999173   1.3535646    9.75209672][ 13.50434385 -27.99242083  -6.00115447  16.54396459   1.64610808
   3.26433617   2.0027445   32.52798951 -10.20854893  20.21532355
  -5.38007307   0.69107422   1.65823158][ 16.78492319 -14.70971713 -22.70611782  14.99365652 -13.18425869
 -19.43917244  -7.30391092   2.92764479 -32.91827941   4.48412105
 -15.90579377   4.8981758   -0.79757827][ 18.411452   -15.49866877 -27.55583453  21.56836871 -13.44196199
 -16.09519878  -2.31120146  -5.94854766 -17.68874012   7.32717914
 -20.98671922   3.42699266   0.08337696][ 1.89560232e+01  3.47904185e+00 -9.74834850e+00  2.29736896e+01
 -2.28972742e+01 -2.20597427e+01 -1.46826871e+01 -1.94096533e-01
 -7.95527532e+00  1.71116816e+01 -1.50680054e+01  5.89250490e-03
 -4.21998126e+00][ 1.86024392e+01  9.03780488e+00 -3.70101784e-03  1.50891450e+01
 -1.57205858e+01 -1.00157385e+01 -2.91273809e+01  1.59511805e+01
 -6.78272834e-02  8.94534772e+00 -5.33733429e+00  7.38093112e-01
 -2.29781380e+00][ 19.63962122   6.24229957  -4.29561966   8.76985566 -10.60933202
 -10.299086   -38.25149839  23.96144466  -0.4276738   -4.92905042
   1.98651441  -6.7025791  -10.10611438][ 20.10591411   2.90504588  -3.61269972   5.38936744  -8.40353011
 -11.06040309 -44.13324199  33.22517671  -1.30435411  12.14736664
  -5.46645075  -0.47987441 -11.13066468][ 20.28064575   2.06577764  -1.46105064   4.19945733  -6.44106444
 -14.98679384 -48.24084603  34.48013448   2.5868348   15.57520187
  -8.8656655   -3.44264613 -11.51516311][ 20.37175944   0.58753051   1.74115444  -0.33237213  -3.5576738
 -18.34033255 -46.9416235   26.30079392   8.21699856  19.93392629
 -18.77286982  -2.13596083  -8.66759846][ 20.24083768   1.29603819   1.5309997   -1.38533507   1.18814732
 -21.61712691 -45.60331305  24.03419285  14.41249809  19.64656574
  -9.35124263  -1.87571301  -6.87274943][ 19.96662028   4.0328987   -1.36633606  -1.6420659    2.30489385
 -16.58127558 -37.16865821  24.05592991   8.83455685  17.20406988
  -0.83574999  -0.76756824  -0.82285808][ 19.59197881   0.27000263   0.66362673  -2.1235001    2.93924946
 -18.34959536 -27.04554594  19.14173225   1.16983263  18.41532979
  -2.08756026  -5.451424     3.79316049][ 19.6836734   -1.95255723  -0.5338247   -5.84821006   3.57933788
  -8.30517543 -23.02581927  28.10677774   5.03030236   7.83188811
   0.76240955 -10.75908484   3.90824637][ 19.59326262  -0.77490516   1.89140882  -3.13198241   2.72721664
 -10.19498813 -33.80940937  34.56040724   4.3703066    7.48196504
  -6.21878377 -11.55203606  -1.75214028][ 19.53225245  -0.36209262   3.31405987  -1.79726369   2.66654387
 -11.34747283 -31.46970273  34.72882185   6.20056152  12.84952431
  -4.17677442 -14.45762975   0.17893829][ 19.29097882   0.66689163  -0.53664917   3.62969296   4.80015501
 -17.17923713 -29.10876851  27.44617545  11.94032194  13.18732613
  -8.64034583 -15.84614371 -10.53259058][ 19.4048665   -1.39038668   0.57751741   3.41945379   4.77146345
 -15.51121443 -22.55603485  24.58319489  17.687959    13.7517948
 -11.87421748 -11.26141001 -13.73248603][ 19.5573252   -1.78340001  -0.67972504   4.98931844   2.01450966
 -19.6907397  -23.97726496  24.30757552  22.5028035   17.62081321
 -14.15183754  -9.04445168 -14.73777453][ 19.71543032  -0.08594855  -0.19833564   0.69257032  -0.64451037
 -17.44758676 -25.54719824  19.99585561  22.63032817  18.83197168
  -8.67647017  -7.19415126  -9.45199498][ 20.0749156    0.10491585  -3.00750155   0.18209098  -0.86097485
 -11.23734166 -34.17504034  27.44763584  11.83019571  22.35242783
  -7.61867418  -0.23634322 -14.47119278][ 20.1993505    0.07892277  -1.64635798   1.32811516  -2.2639437
 -16.91476201 -34.82102997  26.81092207   7.11381606  22.09944356
  -8.91907403   0.95283751 -18.6136651 ][ 20.06434761   2.28952262   0.70199769  -0.10314239  -4.17160833
 -19.30326135 -20.22847277  20.68363332   5.58269439  21.37721207
  -1.05123359  -5.18884841 -15.85982138][ 20.10541824   2.3432559    0.65094659  -1.18846982  -1.47537138
 -19.4460888  -28.36032348  20.26050052   2.17327858  10.15077894
  -6.76284202  -9.9816228  -12.72609607][ 19.99964965   1.84282851   3.07433219  -0.52704527   5.46499211
 -20.93150319 -39.27283312  18.27651715   7.90696272  11.4208819
  -8.5688626   -7.15029283 -10.3974822 ][ 19.65411247   3.54011181   4.61932607   0.88613198   6.01047039
 -20.16059374 -36.92324227  15.65779682  12.38552849   9.50520894
 -10.53627024  -2.24919294  -9.49967441][ 19.27912186   1.60323459   4.47689088   5.63125121   5.73583704
 -17.77882903 -38.36511116   4.89381976  21.16182197   9.35110632
 -13.31002935   0.29534242  -8.5577564 ][ 18.21357957   2.07041688   6.11579973  10.91046205  -5.2434871
 -14.65662681 -29.25426171  -0.19314929  20.52013319   1.76480637
  -6.7010023   -1.02673683  -3.93058553][ 17.44979658   1.69489759  -7.29800208  17.03384308  -4.3404913
   8.32574708 -17.4943868    4.37719824   1.25612197   2.5254583
  -4.9606201    2.91471481  -0.91586932][ 18.5200426    5.10067876   2.52090666  11.55489368  -5.1377619
  -7.83911263 -26.57705678  -2.89530016   3.31901146   1.00561499
   3.25118048  -2.55960105  11.2156078 ][ 19.21446883   3.676231     1.50904574  19.83262382  -6.88843069
 -15.07483932 -29.73911061  -8.061203     4.46965192   3.40315294
   6.09416561  -5.64601107  10.54708755][ 19.50896985   4.99778428   2.28903865  22.25882668  -4.26147139
 -22.98006211 -33.4003534    0.21012484   4.73280051   1.12209242
   7.8639838   -2.29557456  12.97510531][ 19.38659872   8.11399876   3.06960851  16.75313867   1.61352485
 -20.7625343  -40.09731706  10.26497829   3.13436986  -3.02279224
  13.0608366    0.32262972  15.5452068 ][ 19.47355973   9.30884179   3.36478589  15.43038467   5.01827972
 -12.53320807 -49.14293607  12.86977452  -3.46085578   2.95431396
  10.96629006   1.75030149  14.11258558][ 19.64177598   6.16953753   5.12728531  13.34361996   3.62238522
 -13.55090348 -43.7954917   17.69292527  -8.56841892  10.71752529
  -3.44299539   7.02436215  10.89158269][ 19.89509031   4.18449434   8.32073728  11.33232651   9.96251097
 -26.16730378 -51.19820702  25.06051224  -9.53788339   6.29593698
  -5.71089519   0.17634648   1.74948341][ 19.95616179   0.654273     8.39448309  10.37942698   5.11031956
 -29.00044254 -47.58426548  16.54667363 -12.07817015   0.61750764
  -6.03509312   3.53063639   2.85614515][ 20.00129697   0.36145139   7.89026275  14.5254267    5.03178711
 -27.24945047 -46.16312126  17.64473778 -13.71754732  -0.54807921
   2.14475396   6.30611141   2.73169795][ 19.91690766   0.90665474   7.83559316  15.30383343   3.65837283
 -29.16340271 -42.03324895  16.15567185 -11.64104911  -3.25837794
   3.86526623   8.42634033   1.69088578][ 19.76482865   1.8682854    7.00496866  17.47319639   2.44189517
 -32.215443   -43.49379242  13.85760374  -9.47261487  -3.4736709
   3.21288602   5.48644553   1.7994714 ][ 19.66371918   2.58852851   6.45213245  17.44663462   0.35111077
 -27.90327361 -37.54519548   6.8030015   -8.64825841  -1.49481754
  -2.17736827  17.04855714  -1.80420564][ 19.60764085   1.33888885   9.67935429  22.96007175   0.47427632
 -28.95781471 -37.43023535  11.8434917   -4.88468673  -2.91757687
  -3.57142758  17.34217309   0.33139822][ 19.39751901   3.48732011   4.97923464  24.96779059  -3.37628371
 -21.91007182 -40.30187598  14.20316465 -13.71868232  -2.64192513
  -3.15897748  15.23586659  -1.95625071][ 19.12775406   2.83903517  11.21991881  26.83988971  -4.76471867
 -30.04972359 -40.94591429  19.02591938  -7.42603362  -5.04980411
 -13.24875889   6.11816282  -4.8142711 ][ 18.71229222   3.60013581  11.93496349  26.16908622  -1.83308326
 -24.65344193 -30.94348097  24.12647516  -2.71350003  -9.17370671
  -5.67867098   7.00503282  -6.02227939][ 18.43157298   1.86069725  13.12148583  27.42746291  -2.8475082
 -19.32814976 -31.35559836  31.35676084  -1.14584843 -15.45873444
  -6.75700211   0.92561787  -7.84582985][ 18.01993745  -0.16516849  14.51899822  27.10065864  -3.68122224
 -12.24102264 -25.99528012  27.77226505  -1.93827103 -14.58740704
  -9.89747511  -4.50780929 -15.56451339][ 17.28149552   0.48089788  13.89691302  21.83479751  -3.15476292
   3.92484473 -14.25519413  23.78060991  11.13089547  -4.80419366
 -13.15933018   0.69465056 -12.64042264][ 16.61890347  -0.86365677  10.6014665   23.65323186   0.68794304
  13.75244426  -3.92113986  11.80314462  11.65771493 -11.40392288
 -21.76023246   0.79127977  -3.0053497 ][ 15.89429352  -1.43016171   5.96061242  28.54344289   2.19723792
  10.01772393 -12.58833745   2.48988015  11.51838129  -5.09359394
 -25.12628085   4.82942788   3.85268745][ 14.9889313   -2.38989554  -0.54679835  25.20369767   5.44361492
  12.92657444 -14.29349092   2.56286008  16.63153698   0.42471331
 -29.7673777    9.62574834   1.26614156][ 14.02725923  -4.8307395   -1.57543173  25.72326629  -1.85046401
  11.34120878  -9.3779715   -1.47171962  25.2165494  -10.36219354
 -18.94382903   7.66344093  -3.73842945]