[ 15.296294   -25.83726084 -10.42707356  16.30511683 -16.67393055
  -8.28361272   3.13325019  14.15210912 -10.49706841   4.7182075
  -7.69242687  14.53966036 -11.19911695][ 16.55140598 -29.86705272  -8.07323647  19.49148066 -19.58002897
  -0.1198506   -8.55225479  20.95117354 -12.376366     1.70120882
   0.25025029  18.5095945    3.08649608][ 18.54170852 -31.09196413  -6.55170633  24.28648102 -19.27727479
  -4.95500528  -4.06697875  18.0822947  -24.85161148  14.23201675
  -3.72090708   2.60688928   3.33103238][ 19.47362833 -42.8438826   -5.24968615  30.36587215 -26.56273805
 -11.23802383   0.72455574  33.57634869 -16.40723671  21.38509402
   4.15744815  11.35386953  12.74503925][ 20.18761424 -34.73182191  -4.21458584  27.4009774  -20.47554397
  -3.71520151  -4.39387482  22.34175925 -29.11505225  14.00571202
  -2.96504596  -5.89738998   2.38102892][ 20.72803036 -38.0790887   -2.89714261  27.65181854 -20.30947404
  -0.82867858  -7.51766562  27.52504742 -27.45379688  12.77234628
   3.64644289  -2.00569955   9.33484942][ 21.13522494 -43.11204684  -6.67859305  29.69967794 -19.48046338
   4.4701789   -2.22969241  28.0315997  -21.6325385   18.06092494
   6.71110663  -1.36858765   9.18046136][ 21.4000032  -45.92675105  -1.8272867   35.62312895 -26.22598773
   5.73982786   3.54627065  38.43011972 -25.58436987   9.91620664
  12.30821107   1.49441312   6.73111057][ 21.47555436 -39.10947031  -2.94331538  29.49030048 -25.73151611
   6.80948753  -5.77585833  23.99281572 -24.32705111   7.06972102
   4.86803287  -2.52156942   3.11237126][ 21.72195367 -49.20165161  -0.59488599  30.25195929 -26.79561571
   0.33749361  -7.57653552  30.2278591  -18.19889918   5.90707037
   3.48780791  -3.96502482   6.84931811][ 21.73889219 -36.91643033  -1.07016643  26.90226954 -26.72655593
   5.54088142  -7.75091095  22.06859355 -23.52275077  10.243734
   3.5149897   -8.68768113   2.80524376][ 21.90711959 -37.95542359  -2.23558497  29.32812007 -26.76462252
   5.99666694  -2.33776494  19.89374922 -27.02942913  15.41543487
   1.65905204  -5.07858437   5.67390192][ 22.22419217 -47.46345426  -3.15905096  33.36101851 -25.69970212
   6.90486035  -1.3020123   25.4311317  -23.78324865  14.76140401
   1.20614076  -3.3309874    3.81153436][ 22.51735222 -38.13499236  -0.23336856  27.90337845 -26.44384011
   6.05221273  -8.10975915  23.57866513 -29.01993939  12.36729686
   3.35065683 -10.16692927   3.88417038][ 22.62212835 -43.70734974   2.09562913  27.9817877  -23.96634313
   4.41858619  -4.17739595  25.06633336 -22.18923099  10.98016518
   9.43194865 -13.82941868   0.3467292 ][ 22.59636925 -34.8938321   -1.74401971  23.98389039 -25.80978547
   7.50623152 -11.25854906  18.51249069 -24.33073704   7.37891428
   0.49875279 -10.40463887   2.7204568 ][ 22.83054293 -38.94995101   1.42968465  28.76662719 -28.520373
   7.37127142  -3.93321309  23.32765122 -22.13796884   7.7671177
   4.19559148  -4.00764142   5.39622128][ 22.93224945 -47.40770311  -3.55150295  29.85360405 -30.38570964
   3.88826592  -9.12216664  23.91419354 -22.70457152   1.82491799
   1.69720342  -3.99004544   4.46747131][ 22.90696459 -40.96821127  -2.62982045  29.59263649 -28.51325544
   7.15354298  -9.09291044  19.97211129 -22.39756434   7.70486349
   5.41956749 -10.70374625   0.20037173][ 22.92219982 -45.64336466  -2.77328446  32.08230086 -22.68331802
   3.32950168  -5.6940333   25.18253805 -24.67549095   7.33481822
  12.44127816  -8.19306095   7.1398723 ][ 23.05733316 -40.83613123  -2.42294178  31.03009655 -24.60499231
   3.20564701  -9.40997904  25.55019568 -29.37841868   3.45231022
   4.37924205 -10.35918484   3.9210916 ][ 22.90854642 -37.92970192  -4.00526652  32.72053846 -22.84856164
   4.18439725  -8.4970268   29.03643555 -28.0414585    7.08242795
   4.36977691  -8.19619671  -1.38289579][ 22.69314414 -33.10459079  -4.31545117  28.21900729 -18.28956412
   1.14684958  -6.272634    24.9599141  -20.26954912   4.34138807
   5.59156936  -2.06185818  -0.35241954][ 22.43207326 -42.69616026  -7.10269735  41.87843321 -12.68686116
  -4.08497537  -9.62932452  33.73945852 -20.10206632   4.45100572
   7.89454764   3.85082478   0.47492407][ 22.08910275 -36.82562342  -7.50676571  30.30736337 -16.13643099
  -0.46582931  -4.46041514  30.15431824 -20.84909928  11.93987525
  11.5108418    3.03044     -1.21794729][ 21.07641339 -38.84419331  -3.88618541  33.99607419  -9.20522151
 -10.7202074  -13.57355488  26.63912108 -23.69011622  14.99587999
   8.5315235    7.61100415   1.79573367][ 19.90754659 -25.51750456   2.46259013  26.0186835   -5.16453594
  -5.35135289 -12.53369137  27.75772093 -27.60778872   7.85238166
   1.05887722   3.61103113  -5.75057348][ 20.00171471  -4.50115166  -0.49420224  29.65996078   3.84282863
 -25.17939401 -42.03970931  14.94684486 -16.03522062   0.92110867
  -7.13010101  28.12654759   1.44425968][ 20.32667453   0.81975188  -4.21102529  29.16164943  -1.353768
 -28.87893127 -50.13107216  11.38021186 -18.12100867   2.24327594
 -17.85753038  21.9033199   -0.86810501][ 20.06387244   1.39814171  -0.68932271  25.3299449  -11.59378748
 -28.87589391 -50.41197196  10.80987852 -13.09929375   2.92323339
 -15.59755861  20.7757246    5.33881194][ 19.59443615   1.1590637    0.46896099  25.35056494 -10.68653234
 -22.71288706 -47.68813893   7.97868792  -9.89200021   6.88585756
 -10.71330834  21.86058595   8.99228295][ 19.46914732  -0.34998511   1.96832197  26.38192067 -17.89210718
 -21.91373726 -38.79457322  14.68339412  -3.20068991   0.78131399
  -1.69537175  20.62342678   3.16955009][ 19.29439526  -0.68986586  -0.30901549  25.17964034 -16.69078247
 -16.89187168 -41.65961131  19.41933852   2.97022884   2.29534302
 -10.70816072  15.09992831  -6.13349187][ 19.34198467   0.18742895   1.80700387  19.6079935  -18.43332587
 -18.79707986 -37.73435974  24.42215809   9.23824764   9.42690006
 -10.98110724   8.9327801   -5.81388563][ 19.4818228    2.03663717  -2.23778789  16.34461327 -19.5675085
 -12.69391201 -42.28974585  32.76293473  11.16213531   9.61273894
 -12.15109681   4.5578209   -0.19656409][ 1.95447507e+01  1.02277001e+00 -2.53590017e-01  1.00379315e+01
 -1.67898911e+01 -1.35570679e+01 -4.06556291e+01  3.02760802e+01
  1.89255329e+01  5.67232154e+00 -1.22145160e+01  4.03577988e-03
  1.43336816e+00][ 19.72303359   1.48205487  -2.15512446  11.67573505  -9.49653738
 -13.03953023 -41.56990691  38.3531795   24.50565109   6.81629409
  -8.93518071  -1.01354357  -1.36444948][ 19.90396187   1.79224995  -5.92730323   8.70444286 -12.67314902
  -9.88567807 -44.12429963  32.25697204  11.32052157   7.64264846
 -16.54972003  -8.82761557  -5.18574284][ 19.88236639   1.64643986  -3.32347412   6.80016623 -11.82818742
 -12.57447647 -43.05690635  27.51496679  12.76194164  10.48174974
 -13.76158857  -6.82922105  -0.72566635][ 19.82886835   2.57069331  -0.18769639   5.84607045  -9.79327439
 -11.9299614  -48.79824022  25.33809859  14.36205876  14.19184797
 -12.07016636  -3.70552518  -4.39879972][ 19.85304683   2.7308844    0.77283397   7.64195608  -9.74424925
 -15.67727887 -50.83141767  18.37839336  14.91621495  12.77951774
  -5.42125145  -5.43825228  -7.85632327][ 20.0206999    1.78434262   0.90101293   9.60223289 -10.52487638
 -18.72039002 -56.57585935  12.9829284   12.53319927  13.09966231
  -8.66429396  -1.68554663  -3.33127789][ 20.0683358    1.73550487   0.51423326  11.01557158 -10.07835484
 -15.87176029 -57.0957964    6.63289539   8.795457    12.70551712
  -1.57559219   1.82052837  -1.6697758 ][ 19.86201398   3.21311788   0.4628483    9.45192909 -11.32458553
 -12.13549634 -53.84919043  11.07105128  -3.87488622  14.13795513
  -7.19266038   3.92478968  -1.55602771][ 19.30342949   5.64791377   0.75653664  12.52067271  -6.8369454
  -7.71941892 -55.40531531  15.0027073   -8.15399875  15.6868931
 -13.24270504  11.01374969  -0.35704321][ 17.74295049   6.41976472   2.37474004   9.82797809  -4.50225201
   1.28084112 -45.91751476  11.27837391 -15.12107461  10.2701675
 -16.19558631  -6.10019101   2.57852485][ 15.96844625  12.55417155  13.77276246  18.4188998    6.55864101
  -3.55404179 -31.89762481   2.04190585  -0.86765342   7.10935277
 -16.29529113 -20.36701308 -10.12932333][ 16.01652774  14.89513696  12.97587357  14.56371694   5.08809339
  -6.07351311 -28.68485314   8.30372778   1.3435358    2.82432078
 -14.60997878 -17.05828568  -8.65941723][ 15.91123989  14.84416548  16.22654257  16.54709257   8.5482197
  -8.72389409 -30.96495669  12.98126221   5.79121791   5.18189261
 -12.45573482 -17.96067757 -11.80260309][ 15.87204804  16.43098136  13.53264861  13.03576871   8.36482553
   0.49923757 -20.47154117   6.25888548  -0.43370115  -1.28321279
 -13.39456905 -12.95147921 -12.0335307 ][ 15.92751537  14.87287292  19.98010937  19.49238044   9.55422231
  -8.12027899 -20.52149731   1.9814054    3.54215512   4.63863795
 -12.84619657 -20.78411266 -11.64538632][ 15.84155089  15.93676144  18.54833393  16.18627833   8.90991179
  -6.15913706 -13.8503148   -0.93403209   9.02793848   3.05925732
 -12.81355934 -18.78190215 -12.63902617][ 15.65837744  14.60243211  15.14656449  18.5121578   10.9015489
  -2.69511301 -13.46342083  10.62812748   7.06707005  -3.21499984
  -4.83307082 -17.87623015 -12.77113878][ 18.82319852  -0.24632097  -3.03624651  20.85565386  -9.12632795
  13.74076304 -36.22001203  15.59899337 -22.37252886  -0.39703106
 -12.06818508   9.4444923   -2.04667501][ 19.7639253   -0.12960345  -4.84193466  17.89021503  -8.61027527
   1.20245006 -58.35678949   4.72177317 -19.91255334   9.14460744
  -5.81204651   1.65098332   8.63464881][ 20.04354505   1.38083941  -0.65680016  14.46533695   6.41966202
  -4.41490949 -70.83864196  19.02233376 -17.56027615  13.47289238
   7.75068283  -2.44868405   0.86077571][ 20.09162781   1.63243057  -3.33568549  10.60786912   8.1454855
  -1.43502399 -61.53317589  24.56423048 -13.22265055  16.41559637
   3.63116192  -3.41148568  -0.81041054][ 19.84812479   2.90400807  -4.05567418   4.1513726    5.33292016
  -4.41694607 -48.53908745  29.70015215  -8.26471609  13.34070357
  -6.28462617  -6.54991766  -7.25642352][ 19.74907551   3.39933414  -4.18372049   2.14919855   3.22750427
  -5.42304187 -43.03368715  33.2272651    2.22683053  16.21820637
 -11.51997699  -7.23529582 -10.8527121 ][ 19.79630665   1.9208532   -2.55026086   5.92124338   1.2304302
 -11.68212981 -33.40396155  39.9157325   -1.5971663   14.98543464
  -2.12722634 -10.87710715 -19.8603987 ][ 19.95725798   1.95298232  -1.19507546   5.3061205   -2.43512252
 -12.43406481 -41.24685118  40.63564718  -1.53623392  15.43559697
   2.27538615 -12.80269593 -19.5376197 ][ 20.12776523   1.9379505    3.48905107   7.35890915  -5.33533784
 -13.9626127  -47.29608522  32.01399049  16.10605088  24.31972218
  -8.00720044 -11.39019606 -14.0471237 ][ 20.41886681   2.6884072   -2.98911372  -0.4299806   -5.54888707
  -9.03026117 -33.18226234  32.57378683  -4.75531343  15.69739552
   0.25691796 -13.09523268 -13.45100444][ 20.34563334   3.09023798  -1.63899098   3.93315637  -7.14263524
 -16.37916985 -30.11210212  39.56626224  -9.63509925   3.20407884
  -2.16983889 -18.07433058 -10.78697433][ 20.41761253   3.74733912 -10.84025142   1.70094908   2.34612513
   2.06950138 -25.47700259  21.5601997   -0.61743398   9.73767161
  -5.38614465 -11.42891673 -12.1770062 ][ 20.34058573   3.96311526 -11.49800876   0.90053914   4.36502952
   7.09559821 -25.99091779  15.33350015   2.61003921   7.02166238
  -7.86902858 -12.8464439  -11.27820121][ 20.10907425   4.17349008 -11.79410199   1.06538361   8.41771555
  13.82073297 -24.87941834  10.56356287   4.54975789   4.026229
  -8.99141362 -11.05665579  -8.9759118 ][ 18.66690849  11.38231255  -3.93694676   4.76142195  11.22133229
   2.77096259 -22.59819873   6.06029481  -2.02095873   1.19872655
  -2.76157328 -19.53061787  -4.13535113][ 17.94121655  11.49001183   1.60961639  21.2789601   15.88559632
  -4.98012437 -14.69118855  15.29006364 -16.36803006  -3.88422729
   2.38407142 -18.08005681 -16.13232704][ 17.98841411   9.29270753   4.4673636   26.63888038  20.34816445
  -3.91614265 -18.00863121  13.33148054 -21.27255234  -2.34383753
   1.81550261 -10.62259191 -11.14939176][ 17.75780242  10.73785308   8.94491481  19.72147221  18.15559271
   2.17215728 -17.82224359   7.62096056 -19.1899558    5.86152955
  -1.18909794 -11.02320493  -7.39228439][ 17.61688734  11.8916076    7.78807545  13.49500275  17.87055136
   3.69675108 -18.78411794  11.3796956  -12.75048001   5.2989996
  -7.65199301 -17.25348162  -4.35086595][ 17.58060005   9.942293     8.13346614  19.04348036  23.11396835
   7.19536354 -17.95500094   4.72176033 -15.33094946   6.58683754
  -3.69206847 -17.53476595  -7.35220842][ 17.57436785  10.21423781   7.30788252  19.69239418  25.33787792
   2.64465592 -19.09069543   4.04028195 -13.5557303    8.79271317
  -1.13318697 -17.19876775 -11.01511857][ 17.63875293  12.23758617   7.70674017  17.48137969  22.87548294
   0.66563543 -16.86342683   7.16388993 -17.54924571   3.6018144
  -4.93007989 -17.45184206  -7.60701894][ 17.66615182  10.42813544   6.88963316  22.7883397   31.01849981
   7.1364148  -16.42108727   1.81458572 -22.97876358   7.58572347
  -8.05516331 -14.1866439  -10.09398452][ 17.6320154   11.53333831   7.83078722  19.82482189  33.03746594
   7.16459466 -16.63649     -0.99179895 -22.28480058   8.58101433
  -6.95364808 -10.15853239 -11.22252842][ 17.58881567  12.41761845   8.11478548  19.41773804  28.56100248
   8.38379286 -14.43926151  -3.21704007 -19.59704654   8.20381283
  -4.87715177 -14.79736545 -11.96433035][ 17.49667446  12.79078559   7.91992032  22.80270911  24.22123039
   7.09602572 -12.39490528  -6.40623095 -21.05886465   5.0289779
  -5.51523884 -14.2068085   -5.19082836][ 17.46550338  12.8127151    3.47627441  23.56088075  24.63493276
   3.65977104 -14.63746338   1.710536   -13.5909367    7.03478389
  -3.73360059 -13.61316428  -5.74216818][ 17.40944586  12.55822619   5.01597271  25.15776412  21.6927991
   2.86846351 -15.76060596   1.72907017 -10.43339681  12.05270299
  -7.86439711 -13.46744933  -5.39314629][ 17.29656136  13.97566912   4.44148001  14.25101807  13.37966629
   5.65914915 -10.29566616   7.44899214 -12.93565061   8.71353505
 -16.26012569 -17.33889612   1.61254934][ 17.44368469  15.0814672    8.68123244   9.06060979  12.1747004
   5.3973971  -18.21956105   5.41428247 -15.04060387   8.35900643
 -15.71967061 -11.7576485    4.20260282][ 17.59637793  13.58329999  11.43371952   0.48858553  13.44037005
  12.48406867 -18.64951507  -5.5801727  -10.51566642  10.67628823
 -15.47246286 -19.16373085   5.50732991][ 17.6397937   12.2045235   13.19842078  -0.11732764  14.45009555
  13.79633078 -20.40397199  -6.69549221 -13.73233091  13.47743925
 -13.87355533 -23.90698342   6.94614448][ 17.43881152  12.49103867  10.86993333  -1.93775569  16.3638697
  15.03187363 -18.46807691  -5.59496394 -10.80925261  14.77052041
 -11.58247776 -27.67836391   5.8089535 ][ 17.01370833  12.9252597   10.46199948   0.7607288   16.24780622
  16.96032359 -27.71308514  -5.09682459  -3.9331054   10.81955939
  -8.45854027 -16.13449688   8.85505951][ 16.63836058  13.11160237   8.65449182   4.43306212  13.57366379
  21.78122395 -23.21203872  -3.1268576    5.0471663   13.80266961
 -13.54884189 -15.72587888   9.56211965][ 15.89491053   9.14007048  10.20249371   5.07052851  12.24022864
  27.31425513 -12.87749707   1.74085795   5.73829744  16.6369255
 -14.28993899 -16.57115294   8.6563828 ][ 15.42715883   6.60336663  17.01435795  11.18283358  11.30504908
  21.58236506 -13.87882862   8.75499842   1.88526535  18.51200702
  -5.68665059 -27.4639653    4.76136181][ 15.02245654   7.8567845   17.84734679   9.95708472  12.07343659
  24.96718853 -12.60288063   7.57422193   1.93957665  14.92529912
 -11.47127148 -28.06982155   5.0086677 ][ 14.3770885    5.05347209  16.66735205  15.92966265  18.47199903
  19.78763766  -0.4480866    5.04688412   1.04836795   5.98891098
 -15.8002753  -24.10841356   2.46724693][ 13.51696373  -0.04356537  16.48636222  16.72552152  19.39794395
  25.44747172   6.63876516   7.06461696  -8.90101199   1.82881884
 -12.86359223 -25.47817338  -3.97612265][ 12.40907324  -1.20471114  11.06615042  14.25573808  14.93069074
  19.06502326   5.13571169   4.16986447   1.42435747  10.49965458
 -12.35775006 -27.77094944  -9.43957904]