[ 14.14681771 -17.20796847  -3.91991454  20.26307187  14.75292813
  -5.05954977  -9.26152735  16.00379183   0.6607446    9.30839003
  -7.9745172    4.3507397    0.22872591][ 1.80137933e+01 -3.11356313e+01 -1.25032625e+01  3.28607153e+01
  4.85387831e+00 -8.36972732e+00 -2.47696365e+01  2.90521479e+01
 -7.33602119e+00  1.98873336e+01  6.49475182e+00  7.00004597e+00
 -2.51958951e-02][ 19.4919775  -37.16342601 -10.83096505  34.52572417   0.67474917
 -12.25605991 -16.14412088  37.62602843 -19.69966932  21.97939247
   1.54803177  -3.45628145   8.21667972][ 20.04881906 -38.16320479 -10.83988795  27.66907201  -4.98316087
  -5.88786189 -11.60311689  33.48562018 -34.92193176  14.42946802
  -3.22939967   1.2201447    3.67696042][ 19.91928107 -34.68341576  -1.34651826  27.51950684  -8.1512973
  -4.97140144  -2.43029709  33.68151266 -30.38964282  20.48104661
  -2.26849594  -2.00102877  -2.61106214][ 19.31135341 -33.50405732   5.5795452   36.43125413  -6.95477729
   0.39496817  -1.79414656  36.59189509 -23.14674148  25.91949922
  -4.63037337   5.07600289  -2.53744329][ 19.040453   -30.60036403  11.68243367  46.98413723   1.32210862
   2.41418286  -0.51257233  31.48386808 -23.66481256  20.03007211
 -10.33251357  -3.02537139  -4.84703506][ 18.70157891 -13.71869947  17.40289294  39.14351139  -8.65417154
  -8.73742544 -24.19466605   5.43446541 -43.37642428  -1.1545079
 -15.24457787  -3.20887622  -5.07266424][ 18.23515782 -12.98139072  16.87491554  40.69094784  -7.16758112
  -8.49909435 -27.3011647   -5.10777177 -43.43560209 -10.17198553
 -19.63616998   1.3787994   -8.5238137 ][ 18.19556783  -8.98871512  15.3881893   31.04595056 -14.67031252
 -11.75218404 -25.70205686   1.03078398 -34.16675629  -8.97944821
 -21.0258042   -0.45319696 -10.75540231][ 18.16856962 -10.55620246  11.81488859  36.01736281  -7.68948678
 -15.88859548 -26.09835762  -1.82654979 -30.8152832  -13.78483742
 -26.91549122   6.32190185 -14.540016  ][ 18.54607988  -8.21757606  14.38224988  43.49104241  -8.64819302
 -25.73612182 -31.87632679   1.04703566 -27.27186218 -16.41027095
 -14.80265204  21.53681079 -15.56253711][ 19.38465009  -2.65755505   7.57346328  35.61484805 -10.70109564
 -25.16480434 -25.34543417  -3.42316421 -16.71751071 -14.58896659
 -14.77354795  27.84438177 -13.61824143][ 20.47054495  -4.70210703   3.51090592  39.003445   -12.45732317
 -34.47009577 -25.95520491  -8.63151254  -4.99084441 -22.39286872
 -22.10930327  18.25375528  -6.80997696][ 20.91212992  -1.976559    -3.50154677  35.57170926 -13.99681352
 -37.35138411 -33.0147041  -12.11768515 -12.57566196 -20.5005927
 -23.62337534  36.68700546 -20.68218858][ 20.82081454  -0.14374629  -1.29306792  38.01846532  -5.5186024
 -35.5759361  -28.95800012  -2.21553232  -3.03555892 -14.68648576
 -11.73449905  46.13148587 -12.86884361][ 20.20526525   2.03761642  -2.03341499  27.36936561  -4.30086125
 -37.04993975 -33.12879852  -3.45174869  -1.12160821 -16.46437694
 -15.95504651  36.99017748 -20.08323817][ 19.45261085   1.44978585   5.79680055  21.62846921  -7.6067474
 -23.40306577 -34.48315026  -4.43105138  -2.97112961  -2.89035235
  -5.06128716  39.26120089 -19.39048016][ 19.36104236   2.65466806   7.83686362  19.70837695 -15.64805968
 -13.88132882 -30.30777999  -0.62805167  -0.5347132   -0.87222148
  -1.88027094  34.52515172 -14.42802321][ 19.10556151   2.26744888   4.84169741  16.17469016 -14.898732
 -15.6205927  -32.67431662   5.90655606   0.55820128 -11.45021847
 -10.22755777  23.27831205 -14.26248858][ 19.11433933   1.22828885   2.62716547  18.77812734  -8.4776682
 -22.23372621 -35.03188345  11.00233133   5.16273561 -15.78990238
 -11.88372991  25.57111214  -9.72198492][ 19.19668905   0.83156693   4.98171657  21.30348515  -3.83737529
 -21.85482856 -37.52477318  12.24684836   5.85232098 -13.36976802
  -9.10250094  34.82473432   1.76957828][ 19.15919046   0.24493996   5.87237094  22.52908008  -2.81275247
 -25.78296165 -38.6214232   13.46049437   2.49361066 -15.62383189
  -8.85899881  33.1578163    0.31817065][ 19.11382385  -1.46747614   8.54730843  25.78855513  -5.75552021
 -27.84201616 -37.75049504  17.16792588  -0.52174284 -13.97760019
 -13.34080287  31.31102389  -2.38713347][ 19.04844676  -0.97151959   6.22625212  26.75319145  -8.46039379
 -22.81262856 -28.99189687  22.22411849   2.11814337 -12.65705584
 -13.80394505  26.60807563  -8.45997097][ 18.88268946  -2.64438671   4.86288386  24.30399022  -6.17756395
 -14.23413168 -19.70433082  22.67840679   4.33819578 -11.0929394
 -10.77278162   9.60481874 -18.88670478][ 18.63942859  -4.48895572   9.16001065  27.65937426  -5.11702061
 -16.27547685  -9.04626172  21.06857325   5.13033586 -22.59678694
  -6.72172678   0.24260935 -16.56052395][ 18.17722     -4.42435129  15.60664608  29.63146331  -2.56483782
 -24.57776697  -2.40412852  20.67847485  -0.03249444 -24.04662243
  -8.80626536   1.15940908 -13.77159968][ 17.83300794  -2.98618261  19.69623638  30.35552811  -4.53023464
 -21.95177467   9.93917313  20.15351396  -9.80036624 -20.14847351
  -5.36849838  -7.61058537 -10.93158093][ 17.62970029   1.49375212  17.18633941  27.33813538  -0.34755251
 -20.00697452  19.44481103   9.76589959 -15.58970998  -8.6385809
  -9.20517996  -5.45876237 -14.85095624][ 17.47656097   6.78183436  15.43713348  20.61486274   6.49338187
 -13.09236789  10.66892113   1.11030962  -8.66332857  -8.73187589
 -13.02343038 -21.64710589 -15.41507345][ 17.43250782  12.41853315  12.64289484  16.6736741   11.59662159
  -7.62152602  -1.32181666  -1.43376315  -1.56491847 -23.39457994
 -20.51214    -10.0776512   -8.94412791][ 17.39073943  16.79418215   8.49158005  17.66374255  11.97948564
  -4.61719782  -7.98217273   1.91956803  -0.78176682 -13.98765199
 -19.73611996  -6.24047918  -8.19816865][ 17.29970739  18.43055282   8.39476515  14.82611217  11.6181784
  -0.62787622  -7.51520749   2.65717267  -3.37809249  -5.79064256
 -16.35636228 -13.39740731  -6.99396317][ 17.08748835  17.05060661   8.85756533  18.1607767   13.98977431
  -1.69329558  -1.84889329  -0.77459601  -5.58629659 -10.76507473
 -18.17748888  -7.84970621  -4.4515847 ][ 17.11326649  16.95048662   9.89687296  16.7897109    9.14192095
  -0.71447152  -6.67517882   1.85662503  -8.76062666  -9.79737325
 -14.51751359 -11.91831565  -1.56151359][ 17.15801645  14.82907545  15.04074352  18.57633546  13.64788646
   2.24872122  -6.09196643   3.85042673 -10.8371567  -10.86818418
 -22.70524837 -10.62645501 -10.08492443][ 17.16905754  15.08143402  12.90209208  18.44191326  18.25852738
  -1.90493365  -5.88930578   9.46820427 -12.97358264 -13.17161747
 -22.44272449  -9.12811237 -16.87916333][ 17.19389644  14.71691012  12.28951179  16.74055618  20.88246575
  -3.97594798  -3.27514834   4.51869815 -11.79660656 -10.96437963
 -28.24243677  -4.22782337 -22.31396417][ 17.15469149  15.30911367  11.2049979   16.0662595   22.07474222
  -4.67119408  -3.18898017  -1.67990126 -15.94869509 -11.79893596
 -29.56041504   3.65173569 -15.30515341][ 17.03573282  15.89263982  12.36743221  15.31650172  16.83630253
  -7.59502704  -3.30390726   5.51342944 -10.72995053  -6.95376521
 -25.44524365   1.14711718 -14.05252007][ 16.98745191  17.60315046  11.55020942  16.15127634  14.17052654
  -5.61114139  -3.15799872   7.06728854  -5.94495327 -12.02426549
 -18.65949383   2.62665516 -22.10125994][ 16.91253899  16.35862563  15.04093479  16.12080444  13.49116813
  -2.34475296  -1.75469417   5.74014422  -6.97723811 -23.69521331
 -12.90113759   3.65691988 -20.93071534][ 16.97092156  18.30719565  15.68547281  14.8795497    7.79327116
  -2.65478736  -3.86038036   1.02408641  -9.11799923 -23.23994843
  -8.69921268  -2.62284741 -17.35452877][ 16.96666735  17.72671799  17.77769439  22.12042156   5.99040027
  -7.77845689  -2.08276557   6.64316726  -4.59675868 -27.13172379
 -16.16770627  -3.97820957 -20.44450811][ 16.8935096   16.94983061  16.04726855  22.33936868   6.34716153
  -9.00350662  -5.74459366   7.39400668 -10.99281231 -25.04846391
 -12.24888618   0.51247305 -24.92873724][ 16.80884082  16.94104408  18.34234706  20.69075313   6.73607634
  -7.39430776  -9.6944216    2.6980256  -10.28574817 -26.61003835
  -8.80854395   3.55151662 -29.29896783][ 16.64182252  18.86960923  18.32255796  13.93023157   3.16602591
  -3.5458872   -6.33860631  -2.08321746  -0.5435545  -16.33153592
  -7.93353839   3.29208792 -18.05160229][ 1.62958493e+01  1.83566996e+01  1.67535010e+01  1.60167859e+01
  4.62021124e+00  1.73496834e-03 -7.26196895e+00  5.04247721e-01
 -1.70197092e+00 -1.51636507e+01 -6.32470996e+00 -2.16778722e+00
 -1.55629406e+01][ 15.6123237   13.80797819  23.67203312  21.85174917   8.55762427
   2.43675419  -2.37706272  -1.7688998   -5.86978576 -13.50742924
 -10.9178054   -3.39815991 -21.99789056][ 14.90629548  12.61084825  19.86423014  18.8652546    6.9320849
   3.30477955   0.27426864   1.65266852  -5.27485914  -9.2067495
 -11.69657772  -8.4443409  -18.873133  ][ 14.21853062  10.37770916  19.24293553  17.31708399   8.74945143
  -0.4176383   -5.60685257  -5.58253354  -9.33398243  -8.76565965
 -13.79767409  -7.69854087 -14.82706196][ 13.46834501   2.80706853  17.61533032  22.31060599   9.36538802
   1.35492606  -6.37428069 -13.6527793  -14.29263224  -8.80820091
 -16.40815479 -14.08094606 -17.47878533][ 18.17543979 -26.89438225 -14.02266578  35.24107041 -14.0778922
  16.99293215 -16.38216547   1.08424131 -36.87852042   1.19365707
 -28.76609308  -0.87542292  -0.9357833 ][ 19.09826171 -34.00532093 -18.53231077  27.70757674 -23.83276512
   9.12080002 -16.83739472   1.04149285 -26.28154111  15.80886563
 -22.61659199  -2.64382487  -7.31487539][ 19.18252869 -35.7653137  -18.3013943   24.15649649 -24.33938378
   6.21321852 -13.83486014   3.07796712 -21.0230295   19.85121607
 -18.82753247  -0.65435222  -5.55903067][ 18.92243587 -35.33751609  -6.82728625  23.39939505 -25.3734714
  -0.26927497   4.64345376   2.58123929 -27.16489753  22.21125556
 -13.50327775  -9.36511822   2.31914468][ 20.26971858 -39.6223003   -1.65359141  26.73664825 -32.17483331
   3.46001788   8.98630977   7.02290024 -30.09153302  27.95058383
  -6.90524138  -4.04148005   3.08607738][ 20.96048535 -43.71578901  -4.09973017  26.81355919 -31.41812475
   0.74743487  -1.25033245  16.20389944 -26.36260109  33.37416584
  -1.50782416   3.81726811   5.67454159][ 21.30614787 -38.18812823  -0.62422701  29.90642777 -28.6171464
   2.27715109  -5.02977533   7.97313636 -29.78545456  25.40476902
  -5.67102732  -7.03845801   6.3370982 ][ 21.42113222 -41.98990073  -3.2525042   29.62915898 -34.18252237
   5.04006978  -1.52463808  20.37842657 -32.17465361  20.5858018
  -7.47625566  -3.98254262   7.64963803][ 21.51726774 -33.19789394  -1.79424482  23.46455721 -25.13216967
   6.63157756  -1.71532212  18.24191203 -27.1088051   22.25218345
  -5.95597759 -11.21866745  11.3803736 ][ 21.43164921 -44.55217218  -1.81343067  26.07728024 -25.3490561
  -0.75033104  -4.67545129  24.83945917 -28.11568201  15.01058695
  -7.70175639  -4.35876899  10.84928292][ 21.40504328 -36.46576994  -2.83977086  25.16952465 -21.92984788
   3.20345967  -3.46438143  21.83573363 -28.63867135  17.32274399
  -3.71541324  -9.09915589   8.40272826][ 21.36849553 -44.64314439  -3.47180781  30.53098327 -21.55704441
  -6.6132037   -3.26083806  21.15046793 -29.60886722  20.00372775
   0.41816376  -4.78422259  11.35552906][ 21.5279879  -37.50819483  -5.43691248  27.30572325 -19.71605001
  -5.39591034  -1.53392143  19.67838243 -34.17682813  17.7831847
  -3.22098396 -11.14174228   1.51868784][ 21.57993234 -40.38500049  -5.7362651   29.24788991 -19.14901433
  -4.09595029  -3.34064699  27.09660891 -27.05903482  18.6718531
   0.20173842  -0.9263796    4.46609338][ 21.48782047 -46.1359207   -7.73869582  35.09985624 -11.7578583
   2.77227024   0.63549507  35.50377301 -20.0282286   21.54973666
   4.85623441   2.11563159   9.8352782 ][ 21.17617606 -41.01432701  -3.76127049  34.43923115 -12.74254643
   1.17165192  -1.01886298  36.89199311 -25.04574187  11.73644894
   0.85075679   3.97966227   5.83636781][ 20.86289799 -40.77000913  -6.3984504   36.61315623  -5.39963423
   1.82155304  -0.3910344   34.13250023 -13.88911159  18.06430706
   3.9543749    7.78658272  11.04121359][ 20.74420612 -39.96670579  -4.04706757  36.30186362 -10.12191502
  -9.56211771  -5.26435666  41.26474777 -12.96656972   9.36319898
   1.69277836   3.80818826   8.90066004][ 20.56594684 -41.10958398  -6.46305228  33.55736028  -2.40164235
  -2.40323196  -9.86337479  37.3131541   -9.23728958  11.97017056
   6.98018513   4.36593101   4.51969006][ 20.3706401  -39.3572825   -4.92888001  36.37163661  -2.11473965
   1.37721636  -8.011412    40.96658169  -8.81618113  14.31754169
   3.00186953  14.21691378   6.61658927][ 19.93853314 -39.92100804  -6.28719999  35.45473647  -2.6552395
  -7.53700213 -16.77094889  39.19011296  -7.36539426  11.93232247
  -1.87013161  22.55921876  10.00638381][ 19.56188881 -31.808238    -9.9084904   29.10672772  -3.45255676
  -5.80036079 -11.62119022  36.39597378 -13.84447357  13.25921837
   4.39604732  16.77437719   3.36843392][ 19.07686465 -36.09467771  -8.1657502   37.74799754  -3.19928006
 -12.73898092 -23.97386742  35.96666856 -13.47433609  14.21030067
   8.38459313  16.28940274   5.67043074][ 18.26128932 -34.93667664 -10.32878535  33.62121534  -7.79105894
 -15.2409687  -14.42763364  40.82149284  -7.61152168  14.5153875
   8.58681405  17.81388686   3.49952639][ 17.21462258 -27.55946597  -8.25236058  37.56635706   1.15934697
 -10.81248523 -11.94708476  42.99179633  10.17473025   7.87447521
  -4.24623552  17.71973611   9.6340276 ][ 16.17746519 -22.48841577 -11.2688741   34.12828121   3.00262055
  -0.86172799 -13.14879654  27.15104911   5.1178726   16.18678997
  -0.13816141  18.12763399   5.35262212][ 15.34992894 -15.89262411  -6.96948903  36.91487018   8.77507715
  -5.23785627 -14.73078175  36.91057241   6.38405965   9.34610667
  -2.64350248  10.67620173   1.33368903]