[ 11.5597309   -1.33898049  19.61710402   5.5478112   10.31774417
  12.12015282  -9.90155867   6.53610402  -5.09373206  -3.52234767
  -7.11575352 -17.24951144 -13.43191397][ 13.56446499  11.6341563   21.43560421   6.6638039    6.8552308
   0.87536309  -5.51298907  -1.40755667 -11.92919241  -8.9184529
 -10.3086328  -20.47821631 -14.95786864][ 14.3088686   13.91668159  32.59054821  21.02339251   7.44845772
  -5.28266082 -12.63696757  -7.10473191 -20.68878436 -12.92623434
  -2.41187086 -14.47462711 -11.12716545][ 14.39976374  17.13310733  25.88257571  13.12624204   9.33249413
  -1.29908948  -9.44079432  -5.55178729 -13.47992378 -10.19363788
  -6.43047034 -12.24011749 -14.23044236][ 14.34053335   7.0357534   28.04391633  20.78051708   2.53898668
  -6.26244948   2.18618978  -7.91176685 -18.36822207  -4.36545384
 -19.00044061 -15.65901666 -13.09887034][ 14.17949043   4.86947039  30.35521794  24.05520604   4.57721553
  -6.08020401   1.92162636  -7.78582581 -10.59178725   5.67457735
 -18.17231315 -20.34726219 -16.59234242][ 14.07778377  13.73123308  28.54240045  13.88912756  11.11209082
   5.00368616  -3.81514772  -1.48016969  -4.67125452  -4.62342616
 -14.18988827 -19.60132487 -14.5771613 ][ 14.01044685  11.68400787  29.07436219  18.98856306  12.09728619
   6.09387423  -1.58102134  -4.94341901  -6.14144953  -2.97292875
  -9.47714789 -20.90100243 -12.10931401][ 13.8212746   12.92431291  23.05196421  16.59038223   9.63141038
   3.04904806   1.63119859  -0.17198133  -5.77748912 -12.20973161
 -10.06613213 -12.59369867  -9.50469273][ 13.55685876  12.80896796  22.98280433  13.60288598   9.25201499
   6.21978391  -1.36689756  -0.34900919  -8.98207261  -9.37466223
  -7.89253341 -13.2041279  -10.65413288][ 13.38367303  11.16510004  24.41678614  13.82826275  10.55292165
   8.39036039  -6.10070036   0.89906671  -3.57234233  -8.23559376
 -14.47965459  -9.40409187  -8.7575755 ][ 16.89979717 -10.06323995   4.18438107  19.65221968  -5.9741939
  15.25168579 -26.85393171   1.93130197 -33.30776712   3.69406037
  -8.92367123  -0.89208942  -5.80672581][ 17.78597153   2.06517423  12.1859119   15.45997593 -13.02810601
   3.03911228 -29.34733887   5.07705988 -21.74534339   8.55023108
  -1.46822772   6.30028403   4.89272764][ 18.36356697   9.23180458   7.49841474  11.64671084  -7.74958931
   6.61150498 -20.05145776   3.62879434 -12.51583133   4.54592543
   7.47354468  -1.06163592  -2.79305446][ 18.91220283  13.30821332   6.0092461   15.92234202  -4.3747023
   9.84925093 -14.96859584   1.36736286 -10.50864008  -9.227543
   2.43162185  -4.23649614  -3.35725041][ 18.83929918  14.31792613   8.93145507  19.40970137  -1.80419181
   6.93975672 -17.65321679   3.93396415 -13.22084337 -10.89462951
  -2.67244791  -6.6119937    0.45164168][ 18.40709904  15.0093192   12.46704833  14.27053547  -3.4666334
  -2.16669077 -24.05299846  -0.11057176 -11.26366331  -2.75532172
  14.16122919  -3.92726907   0.10968795][ 18.41916627  17.57201905   8.02660156  15.01813014  -1.87255955
 -13.54831757 -30.32372615  -1.64260237 -12.58798398  -2.80928629
  -4.90657159  -1.85112425   2.52203265][ 18.44575126  16.89527077   5.53606925  10.45780884  -5.58574652
  -9.88407116 -25.93472422  -6.80146655  -9.42995973  -2.91893686
  -8.39807139   4.66520252  -3.52322053][ 18.18901135  15.19711952   3.25449867   8.97511797  -9.38239828
  -5.00647647 -20.35278905  -4.1276787  -12.03728993   1.50541917
 -12.43385627   6.95683154  -0.32709174][ 18.42836013  16.69811679   3.27490294   6.3810626   -7.59741439
  -6.60945468 -17.56704025  -7.22254952  -8.65295435  -5.21835269
 -16.03368816   7.58453614   1.08245565][ 18.50967784  19.57377872   2.68244678   9.11309349 -11.85878284
  -6.81957814 -14.93846091 -10.44876754  -0.83439571  -2.03851347
 -13.20459905   3.22067275  -5.82251787][ 18.22259295  18.59798466   5.27208268   9.42724151 -10.42053532
  -2.5109918   -8.0697961   -4.56882471  -7.90871988   7.20239097
  -2.25496877  -1.95499183  -8.01751545][ 18.15651989  16.34756336   4.40510462   9.42556796 -11.20690484
  -1.87390732  -8.99789167  -9.08338266 -10.46664403   3.50914341
 -13.35894077  -9.26684933 -11.0528682 ][ 18.05124846  15.93962047   3.38379487  11.0972895   -9.64233042
   1.07211205 -14.18956152 -15.49362052 -12.7006705    2.16889769
 -16.04839604 -13.8957151   -9.42069555][ 17.53931757  15.22776267   3.47094974   9.23007274  -9.42338492
   2.65666437  -7.22926629 -13.13737704 -13.98441482   6.03811169
  -8.01974657  -1.76709356  -8.49401049][ 17.47723595  15.50029767   6.22951958   6.03820748  -6.25591152
   1.21810174 -17.7679969   -3.20097337 -17.87131755  -2.10440925
  -3.39506024  -1.61779111  -8.09067139][ 17.3065314   12.25907619   4.58707936   6.261979    -6.64835557
   0.38840815 -16.82777842   0.85111638 -11.51072788  -3.20111679
  -3.55667723 -12.06010215 -10.4905433 ][ 17.38906048  10.14494861   5.51191673   5.98795616 -11.53281161
   1.66467371  -5.53602488  -0.60011635 -16.16212591  -5.14286747
 -10.40883824  -9.81348904  -6.84191217][ 17.72738852   9.67654056   6.76528794   6.93427016 -11.81137783
  -2.58391136  -2.75044331   1.09984684 -20.52940982 -11.51503816
 -10.88996288  -5.07741518 -16.03802135][ 17.62942907   9.67430334   4.93088905   6.71463803  -6.99509975
  -1.71619974 -12.10381385   1.08233597 -12.3270466   -1.921171
 -10.31617039   1.42511634 -13.68063672][ 17.45739096   9.89052649   2.36383655   4.90812065  -4.96364159
   3.51636659 -11.96555486   2.30820344  -7.76012712  -0.05597327
  -0.86946755   9.40702188  -9.98651179][ 17.67703567  11.04608821   5.12223279  10.88142515  -5.71707126
   3.00152652 -13.62231085   0.83021548 -11.1328341    7.38059023
   6.66732701   7.90376671 -10.96904977][ 17.76542114  12.9345673    5.27630054  11.98117009  -7.74770731
  -0.04242788 -13.38875424   2.23891291  -9.30252568   1.55402909
   2.00545437  -0.87090542 -15.00522172][ 18.0852822   15.30972019   9.01584897  12.60191192 -10.21529997
  -1.54785408 -14.30331838   3.45429895 -22.26201619   0.47041251
  -2.53279572  -0.45217119  -8.27781115][ 18.05773814  18.51548479   9.14762947   5.08098031  -9.7311262
   1.34215634 -18.21262882  10.3840799  -23.82450332  -5.37428193
  -6.47941128   8.1623072   -8.97074133][ 18.07020655  18.59832146  10.97516597  -3.65290658 -10.00883191
   1.32749422 -20.82411235  13.48877532 -29.98710312  -8.21996983
 -11.74810748  15.39827737  -7.10691477][ 17.92195117  18.6622467    6.08737202 -12.36706067 -11.86877825
   3.26430508 -20.57901448  20.21399516 -21.73813086  -7.576176
  -5.47465243  17.42255467  -2.1071783 ][ 18.21098671  20.66337852   3.78987683 -14.21401209 -13.94576185
  11.94980073 -17.09797428  25.06511313 -24.24457184  -7.54228182
  -3.67111493  22.15522904  -1.47784132][ 18.42090356  20.69512494   1.33153549 -15.50449368 -16.76353258
  19.86278898 -15.72011679  21.07507252 -25.77724404 -14.82093938
   3.41729089  15.8184715   -1.37660159][ 18.48554601  19.28581669   2.16040413 -18.13999108 -19.14688051
  25.19305494 -20.22767417  22.78914762 -28.87520183 -11.98692275
   9.67634908  10.7745195   -5.16370318][ 18.54448044  18.03758003   1.98263544 -20.77521373 -16.15582494
  21.53179976 -19.45377083  25.45534972 -23.42153576  -8.71923991
   7.5481949    2.70243849  -5.00201685][ 18.57835884  18.74786709   1.32421621 -23.09902361 -13.88528933
  21.6949493  -24.71966549  25.84688917 -19.35512185  -2.61083166
   3.70230263  -1.425809    -7.91164557][ 18.61328817  19.89411922  -1.31497729 -23.05437513 -10.18209023
  18.05926491 -31.15029033  34.96887627 -12.27214489  -6.02022497
  -0.06488648   7.2353475  -15.6293926 ][ 18.75639454  18.82762294  -1.3909303  -21.9080967  -12.65538609
  21.96493932 -33.52327669  33.60760555 -10.70163479  -6.43521777
   2.55727993   4.81949007 -19.57628228][ 18.79352646  18.43717699  -2.43938191 -15.11022947 -14.83457828
  17.64420043 -31.89698623  38.61999936 -13.59002603  -9.06503049
   9.61573736  -0.18815295 -20.55555189][ 19.10605548  12.47415365 -10.3275129  -12.46885635 -19.55052571
  26.35318439 -20.81662427  31.44717918 -20.81493048  -8.77203985
  11.76392383  -5.17704649 -10.09982193][ 19.09875691  15.09959563 -10.84921293 -14.64473601 -21.49026286
  30.55892518 -24.83542304  38.93578736 -28.4481683   -8.02572375
  14.60087916  -6.37743918 -14.72861051][ 18.67921273  18.09763687  -8.63340947 -16.92559845 -11.98654064
  23.22906765 -28.71341057  36.29862741 -19.96692122  -8.87515065
  15.11789169 -13.25063339  -9.6308717 ][ 18.14133472  15.64129516  -3.29098383 -13.71537756  -6.93522423
  17.34503103 -32.06144809  38.21383133 -23.70087358  -1.45462342
   8.48376267  -8.32795553  -8.42751973][ 18.00156319  15.40333866  -4.11199654  -7.11799321 -11.48142
  22.52671563 -30.64477298  36.55742702 -32.19210265  12.17698365
   4.59351768  -8.01334365  -9.511347  ][ 18.01243649  16.99982078  -2.97376981  -8.99188596 -12.80210134
  20.36579602 -24.33743306  32.47719209 -30.44000403   6.77889817
   7.92185467 -16.81600365 -14.48070943][ 17.76891909  18.32531865  -1.08652629  -6.48727764 -13.24167567
  21.74400313 -20.00831959  30.20976398 -30.22846191   3.96790805
  20.40284395 -34.02081892 -10.67738914][ 17.4529115   18.51651262   1.24934297  -7.18229897 -12.50563427
  24.71848475 -14.50009695  18.97120207 -24.08571433   4.01749239
  16.1096107  -24.3278303  -10.7303764 ][ 17.32026755  18.93402934   4.616646   -10.94460759 -11.10590667
  27.40925481 -10.84218276  22.2798685  -34.73629518  12.34624346
  15.30807515 -27.58031337  -5.22081877][ 17.15191772  17.59016953   4.12840342  -9.14334251 -10.9846071
  28.95559834 -13.6066282   26.77439798 -34.35026921   5.94866578
  11.34743875 -21.80190887  -8.38616876][ 16.96357819  16.26461574   5.91215121 -10.56467891  -6.2670642
  29.93653978 -13.91086301  17.86719165 -31.23336958   8.54168299
   8.90700409 -17.02420896  -4.73230116][ 16.80785264  15.45236224   6.70967258 -11.16671015  -1.76044217
  29.28043543 -16.923738    11.34008027 -29.49064777  14.72141841
   9.77164162 -12.06664552   0.4308471 ][ 16.69232742  15.92765756   7.62814332 -13.28302407  -3.2125783
  33.83213545 -15.13476791   7.71084634 -32.54924606  14.41715346
  14.982019   -12.69801504   5.69703395][ 1.62133053e+01  1.54653795e+01  7.83619788e+00 -1.08365662e+01
  2.92858718e-02  3.51653770e+01 -1.81006116e+01  6.29289160e+00
 -2.82498258e+01  1.41501698e+01  1.17740351e+01 -7.00375920e+00
  4.09672369e+00][ 15.84057183  17.02244034   9.16241408 -13.36096012   0.80973096
  36.08499399 -16.17359781  10.40590073 -19.94158011   7.07689596
   4.57410806  -2.4499029    8.31090828][ 1.55935874e+01  1.72422620e+01  7.89450948e+00 -1.39694084e+01
 -8.29299207e-02  2.86425590e+01 -1.06586247e+01  1.52716422e+01
 -1.14480181e+01  2.82118847e+00  2.60839160e-02 -3.14146093e+00
  8.11397854e+00][ 15.14036567  14.53792483   5.42058863 -11.63690023  -0.91860337
  25.93192162  -1.78811597  14.06321427  -8.25427554   0.53921091
  -2.84388274  -1.64197901   2.07896079][ 14.02276015  10.96816813   6.57420838  -9.80373855   0.16974908
  35.2067495    1.42769483  11.58463669 -14.71947274   3.5507236
  -4.3211006   -4.98014377  10.90138659][ 13.21681926   9.32678675  11.97903304   4.01663171   2.18831902
  27.35307739   9.30848751   4.44989456 -12.10427477 -12.02636759
  -5.1200367   -2.41575316  -1.25049569]