[ 13.43259563   2.32503708   4.23482477   7.3158068    0.10794961
   9.8088073    1.77897635  -7.13869438 -13.71209151   3.43152139
  12.32524818   7.95641226 -12.08610123][ 17.57357507   9.22026332   3.17462769  18.61718775  -5.98825678
 -12.24234797 -17.38744261   5.56898505  -9.74924948   3.08212714
 -13.57391565   0.56190002 -18.43204852][ 18.25097684   4.92959195  -0.84339841  12.79886484  -5.38957132
 -12.77529766 -19.59903297   6.13699653 -19.47054285  -0.14359256
 -14.21438586   3.07867261 -23.2634815 ][ 18.56968958   0.21265102   2.53947864  16.7265923   -3.10265779
 -12.25289971 -18.13277566  15.64211474 -27.17928007  10.69964293
 -13.57346472   6.09049652 -22.05762653][ 18.51801699  -6.79505914   0.5943321   19.16049849 -11.13901957
 -20.22665624 -17.94125536  19.8336891  -34.27705379  12.78480521
 -17.32352383   4.20189494 -19.30508862][ 18.17590542 -15.96097365   2.32473509  25.27881046  -6.07678552
  -5.50382516  -3.09441138  21.62419801 -39.14489694  11.46989146
 -23.34658645  -0.99779422 -26.53322752][ 17.66724075 -16.1649569   12.86434942  37.01766795  -3.08753943
  -7.5000694    2.72395021  16.5599944  -29.39597813  13.96356802
 -10.74687899   1.97271782 -11.44258881][ 17.5041123   -9.01464846  22.23798459  41.49632857  -1.41365852
 -13.76070546 -12.63422057   7.93664634 -40.63930195  -1.05672963
 -15.80181336   2.61878454  -3.8584126 ][ 17.56198987  -3.9407132   21.21180015  40.72441138  -2.03875557
 -18.32884159 -14.28701129   6.07491904 -35.64489582   1.0377452
 -16.97049493   3.44842552  -2.3790992 ][ 17.71520066  -0.47289913  17.20065685  38.05568507  -8.7677844
 -20.57033934 -18.11091178   5.12886362 -41.31438608  -2.70472443
 -13.45522363   0.75109072  -4.3808095 ][ 18.28634231   2.98486712  21.98302107  45.76035139  -9.28741557
 -28.46284299 -26.74275761  11.49889553 -40.77200495 -13.06925666
  -7.22607151  -5.44031822   5.75152851][ 18.99864853   6.23989344  18.93290074  43.76388937  -7.09376093
 -32.64912532 -31.68776877   5.80384512 -39.81784938 -19.4896561
  -8.47445794   6.01722161   6.08147461][ 19.53888383  10.40164605  13.63014553  38.18864759  -8.6404876
 -24.88675302 -28.77959063  -1.55307887 -24.26654692 -14.93028232
   0.12987997   6.11304138   4.13959918][ 19.87281667  12.57514272  11.94518081  29.50013479 -12.46972623
 -24.6321321  -19.80246957   1.88589122 -26.03592585 -21.63138175
  -1.83802626   7.87883601   0.65152499][ 19.908754    11.79497005   3.94906697  29.80627865 -14.99038
 -36.48047804 -34.68567669  -3.72760878 -27.29477973 -25.60565543
  -7.57442071   8.45032882  -7.8987913 ][ 19.71665807  13.47975302   6.89075395  30.90053642 -11.38520282
 -33.97237296 -30.67718242   8.00025496 -18.54470477 -17.31207329
  -0.08708644  17.90898952  -2.11729646][ 19.60727923  12.81464263   8.89749098  30.85985844 -13.01569404
 -40.43944763 -35.98775415   9.97044734 -17.09917528 -21.1987878
   1.65694717  15.78557867  -5.33249328][ 19.38645799  13.71143808  10.89529057  24.94077863 -12.6417593
 -29.6618786  -34.02829577   1.89010504 -11.66813264 -12.99166036
   1.58519244  19.31474309   1.7751049 ][ 19.45862862  13.0014474   11.66280904  28.82944003  -9.34038349
 -32.63363411 -38.42161945   4.12032692   0.59333613 -15.66215354
   5.36378065  25.37490764  -2.8813102 ][ 19.55572937  11.59590779   6.87273435  25.55720673  -7.32693895
 -37.28697463 -33.25867247   5.8008503   -6.29896296 -11.55192391
  10.66535933  18.72724006  -4.69229347][ 19.59713679  13.42850619   2.40727867  17.34886034  -7.26925891
 -32.82407409 -28.96220774   2.8599775  -11.69107936  -6.1287611
  -1.49708593  12.64410364  -1.02765305][ 19.61748943  14.89485544   2.45778891  21.90229051  -6.97376576
 -34.24897898 -26.35636039   8.07544728 -10.05389904  -1.2054807
   1.12004829  13.68791748  -4.49911374][ 19.62820621  11.87277101   4.3477668   25.51722146 -10.36376007
 -39.62755468 -33.7137426    1.88645121 -17.22084645  -6.27779823
  -2.62902312  12.17412924  -7.14355258][ 19.5107741   10.00773194  10.06905809  30.9424394   -6.17745561
 -38.20595422 -33.23449975   1.44214291 -15.45526753  -1.90483315
   1.76101338  16.22728382  -6.3958799 ][ 19.0101646    8.69147899  10.87192907  29.71942752  -6.9279808
 -34.22685722 -32.48121625  -1.91925589 -15.12712195  -1.7963804
   4.26443524  15.67219327  -9.52787358][ 18.61558825   7.17420075  11.09163932  33.01486567  -0.96593203
 -33.93319765 -30.65977255  -2.10697435 -12.59203982  -2.06861209
   4.68752261   8.54342032  -8.93473069][ 1.82438855e+01  6.93130570e+00  1.36953378e+01  3.48173861e+01
 -4.80042104e+00 -3.07399896e+01 -1.73323703e+01  1.12360029e+01
 -8.02624649e+00 -5.72131106e+00 -1.39384524e+00 -2.75282743e-02
 -7.04073518e+00][ 17.99268587   5.55677658  12.93727551  30.58519169  -2.37826228
 -17.95829673  -6.470417     9.03739048 -16.07641284  -6.84614418
 -11.29030493  -2.32950443 -16.18328116][ 17.78931403   3.92685139  15.06302808  34.48221197  -1.46338171
 -14.88384758  -3.42209753   6.31830211 -16.95608044 -11.69396253
 -13.34908912  -2.79405061 -18.2518604 ][ 17.50766061   5.91406897  14.84860877  30.48378747  -6.3909519
  -9.99438523   2.04901806   4.29918027 -17.26270877 -10.5424903
  -5.67066442 -10.90826873 -22.42089767][ 1.72370134e+01  3.96981320e+00  2.08196264e+01  4.21818697e+01
 -6.94803051e+00 -1.80317136e+01  2.95674851e-02  1.19151614e+01
 -1.15595933e+01 -1.28083729e+01 -7.57650563e+00 -1.39153544e+01
 -2.14710222e+01][ 16.8848322    5.59938811  16.92718231  36.95916427  -5.95213615
 -10.65329315   4.07920499   8.4456035  -17.10693153 -10.2022084
  -6.82155793 -13.60688214 -18.40877234][ 16.51295589   8.75835194  18.67928898  30.14339016  -1.60838721
  -1.32181836  -1.04793312   4.97910547  -9.41865665 -14.25940577
 -16.7579215  -17.16233624 -13.50859867][ 16.30074861  11.4034576   19.29604353  20.44585564   7.16688201
   7.93981023   0.3016305   -7.22619718 -10.1059701   -8.25231065
 -28.02631607 -22.92385357  -8.99004091][ 16.20382693  12.25258112  19.83559357  22.14835732  11.95125675
   5.08172266 -10.17799342  -6.84494984  -5.89981598  -1.24114044
 -29.93510446 -19.10819019  -1.25492981][ 16.16770836  14.15614669  17.94556068  21.94706338  13.91503763
  -0.37107467  -7.78747271  -7.36066877  -4.17935193  -4.03456004
 -22.07016001 -14.68144005  -2.89458035][ 16.04914082  15.25315097  14.35866604  16.11923995  10.15682859
  -0.07488909  -5.11187739  -5.51422836 -10.61784799  -4.88510842
 -14.71006977 -16.96992999  -2.0062762 ][ 15.99229656  13.84414734  15.11235484  22.17829217  15.74452556
   3.57285739  -8.1813619  -12.55846976 -10.21653415   3.31655986
 -18.59191522 -18.9627788    0.05564796][ 16.13013424  16.23303206  13.33698284  14.32215259  10.22069164
  -2.06100998  -9.17265045  -6.32427057  -6.05312522  -2.16501112
 -17.79688759 -14.15167748  -0.90730963][ 16.17482907  14.42979556  12.94955192  25.77521391  18.70899381
  -8.12091595  -7.97034813  -3.64684562  -5.29158901  -4.66074722
 -25.584439   -13.75954101  -4.07227238][ 16.18222941  14.3702824   15.32927238  23.74335356  17.908685
  -6.06968331  -9.85147302  -5.91711561  -6.88595063  -5.00875794
 -24.50796631  -7.411217    -4.46791443][ 16.2633159   15.22612286  15.50215402  17.75444342  16.90561743
  -6.05954591  -9.11317245  -0.98071633  -6.07712577 -10.60313658
 -25.63760407  -6.31212314 -13.17596566][ 16.34727099  13.62509684  16.34254002  24.21953088  17.12799579
  -8.46138876 -10.55430842  -4.38158399  -6.27134789  -6.0296544
 -23.3058204  -10.74631531 -17.01780543][ 16.29147161  13.96404807  14.37667083  23.79482519  17.54327932
  -3.80909227 -10.00450934  -6.21936599 -14.20368592 -10.11675166
 -21.01783583  -3.74806769 -10.77344841][ 16.21435536  13.59024586  17.14440838  26.72560994  16.26484853
  -7.2627095   -8.76789292  -1.14853691  -3.63958039  -6.07787668
 -28.25126083  -2.23696115  -9.90188114][ 16.17533814  15.1157152   15.56657648  17.94835716   8.50022669
   1.61273284  -6.18415311  -7.6071721   -3.57150596  -7.17567992
 -23.99893065  -4.46686588 -11.70688657][ 16.11509102  14.89316083  14.32009689  19.22338777   9.59284102
  -2.44226548  -7.95181394  -6.72893473  -4.02507472 -10.69859162
 -20.61698155  -4.97970586  -8.69300144][ 16.11126413  14.98910588  15.62596111  20.80448233  12.15680773
  -2.79197179  -7.13806765   1.127412    -6.07790987 -18.81931138
 -15.49791264  -7.13988849 -10.21565477][ 16.15972206  17.34887617  13.06663294  14.38506179   5.04670915
  -2.68802706  -7.97064656  -3.54149813  -2.10578897 -16.08257744
 -15.42342543  -6.53908634  -9.88910056][ 16.22186065  16.24590462  19.83190517  19.83372578   9.19006405
  -6.05178444 -11.07840388   0.70087077  -2.93640449 -16.42766184
 -17.3813105   -7.04007512  -8.36587646][ 16.30670238  16.81610538  20.45513874  18.46956823   6.98222719
  -6.25005631 -12.69506891   1.47850048  -2.38262916 -22.73081895
 -18.5417265   -1.0198606  -13.10104935][ 16.38393319  17.26518409  19.50029888  18.23321139   4.18463056
  -7.49671525 -11.75401011  -3.15863712  -0.4236675  -22.17748587
 -24.60577779  -2.88564741 -12.77375782][ 16.2671792   15.31848753  25.38403198  25.92194335   1.21240919
 -11.19219846 -11.03819245   3.13545864  -2.20394746 -28.69212074
 -22.85812856  -3.02460196 -17.01588389][ 15.97341897  15.02792073  22.02550683  21.32299162  10.08720519
  -3.24213808  -8.15303705  -3.59878998 -12.0545187  -24.79778052
 -18.05174776  -5.6076567   -6.60255274][ 15.49993242  13.58522094  30.94631781  22.36474031   6.30093845
  -4.88085592  -6.924051    -2.3876815   -7.19524576 -14.9334005
  -9.40756189  -8.94463312 -17.03470996][ 14.94199925  12.20353593  27.7138868   20.65162137   6.20231892
   1.71256547  -3.63357558  -4.76274282 -11.99204487 -16.86008412
 -14.22027191  -4.17462033 -10.58484619][ 13.99289305   9.64011986  24.09780686  13.14667381   1.45975033
   1.01658984  -3.90495342  -4.94563944 -11.86445372  -9.02435335
 -14.40623164  -9.76944075 -11.41648631][ 17.88873297 -16.92586424  -6.60438762  38.69147973 -14.17018696
  20.02814918 -14.41672285 -14.57871319  -9.89975135   4.02164279
 -25.29788082  15.16181759  -5.74652628][ 18.1274197  -21.74262305 -15.67849222  23.38587557 -32.29749674
   7.66176679 -22.51810304 -13.31323114  -4.73386845  11.13326071
 -21.21668275   6.88744362 -10.39004091][ 18.30641912 -25.83706443 -16.35360856  19.36316135 -35.43208813
   2.13889799 -23.76675603 -17.24907422  -9.72199205  10.31985344
 -23.56572865   4.03463121 -10.53289312][ 17.38442366 -37.04865346  -4.67049968  22.03145216 -34.55595877
   8.14973737   2.87626798  -3.07816084 -21.36588092  17.78379003
 -10.61234459  -2.084972     1.01277116][ 1.84806037e+01 -3.92450408e+01 -6.74831104e+00  2.15538569e+01
 -3.85830518e+01  3.50724356e-02 -1.70479413e+00 -3.50495970e+00
 -3.12676977e+01  1.98193684e+01 -1.51303747e+01 -2.02543073e+00
  2.30330959e-01][ 19.21544374 -36.07348145  -4.95121878  20.30515165 -39.33533095
   6.61088121   5.10937158   9.03459205 -30.10384973  16.05046092
 -17.16607548  -0.53015558   8.17008896][ 19.81304455 -39.76217807  -7.60382311  22.85250176 -41.33088501
  -4.42402423 -10.18497443  -2.69627052 -36.71334159  15.46534755
 -12.37894947  -4.61749828   4.58601975][ 19.99497904 -32.4483544   -3.16746214  28.54153973 -29.45301855
   9.12198309   1.29325405  11.96210808 -27.96640873  20.42658674
  -7.56303428  -5.8614901    6.14248679][ 19.99569075 -35.82249173   0.07474535  29.71974638 -32.93259282
  -0.42715606  -7.06253651   4.35085793 -35.58677336   7.50143591
 -12.18866394 -10.4737731    0.7882846 ][ 19.99578061 -33.56841594   0.2617134   29.56090095 -29.54970971
   1.79345236  -5.30385919  10.15645212 -27.03783409  14.92201984
  -8.92170147  -8.16991732   2.60434929][ 20.10624811 -31.2577057    7.6082638   37.42891446 -30.34335051
  -2.45454379  -5.09886562  13.28137443 -33.36999776   1.58421981
 -15.54908757 -10.23829579  -3.28370881][ 20.31108816 -29.76944423   2.33017674  33.46966533 -25.05539976
   6.77517738  -4.961341    10.73827366 -32.67916703   5.42280417
 -11.12747516  -5.21393958  -1.21530831][ 20.3825841  -30.38500675   1.63917133  33.2110099  -26.02280177
   4.46199439   0.84816779  18.47220343 -29.25756158   5.57814964
  -7.01848138  -7.22346795   0.07593365][ 20.24673013 -30.82054952  -2.41792962  33.85895565 -26.25834943
  -2.40638772  -8.93460086  14.91271643 -24.2529051    9.91084054
  -4.31984136  -4.40494773  -2.26278403][ 20.14328152 -29.04226262  -2.34831798  33.55238494 -24.62092637
  -3.56761545  -3.63879261  23.33244021 -21.29174338  11.26835397
   2.48714978  -1.45499716  -1.82776442][ 20.15036529 -26.24074104  -4.0606555   30.7851213  -23.20399742
  -1.77320236   1.32016226  21.98967996 -32.759524     7.12307039
   0.24626991  -7.54808902  -4.77656527][ 19.96414799 -22.59002282   0.83386065  33.62917745 -18.6454201
  -0.62727269  -5.16234914  19.65155553 -39.38497818   2.50649674
  -2.42994227 -11.32613718 -13.01476764][ 20.00746889 -24.91129852   3.4949598   38.57661295 -14.57894052
  -2.82796125 -10.92670818  20.67778017 -30.25233524  -1.65380225
  -4.37476492  -8.54912673 -12.51563637][ 20.0260824  -24.34362424   4.1154432   39.05204637 -16.8043192
  -7.1718739   -8.69293517  22.98821074 -33.52335249  -3.91966524
  -1.8211334   -5.1497806   -9.16098473][ 19.96980237 -24.01076454   2.31858312  39.97751731 -16.18562975
  -4.56333221  -2.976332    30.94130208 -29.59474322  -3.29844261
  -2.18924807 -10.07524155 -10.76587576][ 19.73877173 -22.26750304  -1.58172428  33.59457197 -15.97644523
  -9.53622632 -11.63849649  26.84706579 -29.16353855   3.11680902
  -3.90581242  -5.58138885 -12.82931471][ 19.52386316 -22.24755728   0.34482029  35.17580137 -13.40994563
  -4.93762652  -9.44969437  26.24055344 -22.30316675   0.5386471
  -3.30365853   4.63930565  -5.61589982][ 19.32022794 -19.26874946  -1.1353528   30.69375043 -13.37527752
  -3.5221308   -7.46706347  23.12108777 -21.8912576   -1.78388555
 -11.02421881  -1.05235434  -6.57363029][ 19.00651485 -17.26353551   2.04731534  33.59476511 -13.55859201
  -4.07194114  -8.1714417   22.79393097 -25.3499614  -13.45324611
 -13.44208192   2.76422069  -7.54846977][ 18.80570462 -16.0134336    1.53124629  33.33096049 -13.6274928
  -7.52117783 -13.16518862  21.28412942 -24.27383311  -5.49604211
  -4.93596598  -0.75362457  -8.68843603][ 18.51611061 -15.98359539   1.16533294  34.73596857 -10.55589367
  -4.08756066  -9.41575957  25.83765796 -20.33243132   2.55756344
  -1.59591922  -6.60955894 -15.40231937][ 17.27898874 -13.416597    -0.69100638  29.34928733 -10.25456265
  -5.69507207  -5.7250941   26.54940937 -16.72747347  -3.97084055
  -9.59144431  -0.4082541   -5.68812782][ 16.50714881 -11.7857546   -0.8287296   28.10817111  -6.6426375
  -5.76976867  -9.14166999  30.6781438  -13.77798822 -10.89163913
 -12.40102208   7.62155935  -4.21230479][ 15.60313057  -5.7681172   -4.22845403  27.52347651   0.18860054
  -1.78257173  -8.27832221  25.5428345  -12.07153501  -9.34365992
 -10.14348611   3.9512306  -13.6516364 ][ 14.64225185  -4.33981579  -2.57404839  32.24206473   5.63226692
  -0.36988027  -1.99412689  15.32863269 -12.59885321  -0.80977741
 -14.13924104   3.97979988 -11.21524612]