[ 10.48101217 -13.99586732   7.67866443   4.70494846  -0.40490082
  -5.16359911  -3.50001515   4.91263115   3.45184666   2.41418595
  -1.51168775 -11.68597759  -9.77515365][ 10.32732823 -17.65852968   7.06677367   3.87609984  -2.83878641
  -6.08515393   0.20817853   7.08619703   8.94267318   5.24246726
   0.13843241 -16.24180223 -22.57760711][ 11.26256213 -25.83972189   3.34848917   5.36055534  -5.65131873
   0.32856162   5.46820788   7.93857946   2.05034976  14.40994993
  -2.44882879  -2.49930203  -2.6846385 ][ 14.49908546 -15.79526236 -12.55201858  17.08088626  19.65531563
 -13.81090572  10.60992568  17.56196876 -41.25279163 -13.42050705
 -13.92772536  -2.23248421 -12.94834547][ 15.74078445 -12.18668132 -11.73559701   9.24463659 -17.11409242
 -21.53739747  -2.86075474  10.03150259 -28.94411102   4.00590024
  -2.36195441  -3.70920923 -15.30582318][ 17.72211879 -20.20757034 -16.50453274   7.48737958 -12.80840329
 -13.60128565  -4.27167977  11.47145444 -33.04364111  11.23521181
  -2.87162025  -8.54198701  -4.06061255][ 19.11892735 -30.24904205 -18.6039909    6.07157073 -20.11901221
  -8.41472151  -8.3027181    0.24238859 -31.69622906  24.29651536
 -12.25268072  -8.28677417 -14.53387639][ 20.20165336 -36.62267098 -19.01961965  12.04938437 -14.76843324
  -1.64667849  -5.12663033   5.03927649 -30.56156308  26.40134456
  -2.1878589    1.68511613  -5.90736619][ 20.87006593 -42.18916661 -18.63276144  12.21603837 -16.98524739
  -0.75389632  -4.99525946  14.01312884 -27.95019977  24.76710642
  -3.16857493   0.45836065 -10.66194562][ 21.02857006 -40.27610021 -10.04258924  21.68716418 -16.4618596
  -4.60501734  -4.51461665  16.7899984  -39.9754646    6.40479954
  -7.93230451  -2.89885941 -11.06722381][ 20.9287705  -36.82400124  -5.18274271  26.55599605 -11.56207584
  -7.93254434 -10.58668767  14.27583213 -32.67401197   8.55700272
 -11.6637868   -5.67497574  -8.52024531][ 20.85039007 -30.48818155  -7.73406889  23.61337246 -17.9869793
  -8.38078923  -6.02537005  23.14060974 -25.62430434  13.06357128
  -2.06006049   3.64697719  -5.51029254][ 20.99753236 -35.33725692  -6.80736616  30.81522029 -17.65061885
  -8.14240208   1.10136887  32.31367587 -25.74536203   6.64827885
  -8.68549284   0.75039579 -10.27929099][ 21.02902565 -35.06753523  -4.96384291  30.71426972 -20.72856527
 -15.86568337  -4.88869056  32.72066328 -25.91805016   2.12650337
  -6.99139877   3.81360751  -8.66809578][ 20.92951619 -31.67513123  -5.24867829  23.9804601  -20.12738987
  -9.42820316 -11.2773055   17.14382012 -34.48668602  -3.55401273
  -4.88312351   5.68593682 -12.01041895][ 21.01358751 -30.82988041  -4.21477939  26.53478422 -12.4245502
   2.28100466  -3.27123843  23.72645267 -25.96442881   5.12249803
  -6.25920016  -1.65677393  -9.61688527][ 21.05437747 -33.97494057  -1.75262672  27.15728228 -15.70149397
   1.00507788  -2.09441042  29.2098641  -28.58457412   6.20285266
 -16.69378085 -14.2961541  -11.21660509][ 21.17915058 -36.35918203  -4.80260554  26.47102581 -13.43394728
  -2.19790905   4.14096694  29.23875491 -30.58308507   4.90886492
  -9.02955033 -10.62333671  -9.62907903][ 21.29436259 -37.81740968  -9.84058041  28.74809409 -11.59882739
  -1.86940349  -1.55211278  35.19866378 -25.10603236   7.03211483
  -5.42832591   0.59055428  -1.41970443][ 21.08628314 -40.26239097 -12.34048158  27.03212981 -11.47652607
  -6.50568883 -10.16735445  22.85438549 -28.22699089   7.24512688
  -3.95276311  -1.36144008  -2.96486563][ 20.42836377 -45.70055217 -14.35746412  25.14512936 -10.6873219
   2.14934465  -0.25891296  32.08740963 -23.29734498  11.06951016
   2.12769743  12.76341682  -4.23117032][ 19.41448721 -42.10775577  -8.4675784   25.20641441 -13.0802905
  -6.02945032 -13.60513297  31.9490125  -25.77084279  13.51811756
   0.42510849   2.51662934  -7.10908895][ 16.49836414 -43.76440797 -13.09537887  11.53384087   0.59027504
  -2.22478125  -8.22272086  23.96662449 -26.73770058  11.66911432
 -12.378087    11.94224248 -13.75682608][ 13.42512106 -33.35484234  -3.44273495  15.28158829 -10.98461392
  -4.45040262 -10.90366327  16.31095259 -20.60278737  13.15717099
 -14.92178722  -1.74012482  -6.29387041][ 12.04037898 -30.62930874  -5.72118515  20.63257262 -11.88725216
  -9.97017197  -1.26065078   1.84624514  -7.79364498   5.88724864
   5.76839092   0.45013859   5.90593831][ 11.57046063 -27.74804179  -5.55580958  14.68914677 -11.50192766
  -7.74355097  -0.25973308   2.97969756  -8.6389891    6.24193335
   6.05624757   0.95025449   3.27015735][ 11.1292073  -26.29168794  -3.54961542   9.01418214  -8.97890615
  -6.16061996   3.8662548   11.89055976  -9.08328584  -3.50946386
   3.07864695   0.08364407  -6.87641363][ 11.65015019 -25.90167994 -11.00895983  11.41516527  -9.12520323
 -13.48796222   6.27309945   8.24833175 -13.94346281  10.08186202
   4.91533295  -4.80703737   3.22730913][ 11.56526331 -24.6498646   -9.20201382  14.51586505  -5.69375866
 -13.45375398   5.9108969    4.10078047 -16.08403002  12.43221267
   4.59219225  -1.57804765   7.09143999][ 11.55940537 -25.38649427  -6.2673079   14.30861357  -5.05494411
 -13.46967646   6.51567346   1.24496274 -22.59498349  10.32990849
  -2.67809648  -4.09649893   9.0902935 ][ 17.22384515  -8.20240948 -26.0947639   16.32859936 -29.73509406
  -3.23961839  -5.00980938  -6.8075625  -15.82932864   2.81982651
 -19.83494694  -1.76820201  -8.93044886][ 17.9099377    6.53293153 -13.72482513  16.72493719 -28.84283928
  -5.85356139 -11.17551451  -5.54307395  -6.34829455  14.44957231
 -10.52510812  -4.27219911 -12.17230294][ 19.19837012   7.85145748 -15.89453414   5.38977633 -19.68902682
  -6.50622673 -45.60870924   4.68888655  -4.29139145   9.63684246
  10.9807504   -7.71112737 -15.89262148][ 20.10603056   9.00958652 -19.27404137   5.37576518 -24.03004755
   3.43820109 -57.86398532  14.68352596  -5.56536391  -0.70418007
   6.13996982  -4.97064834 -26.70731848][ 20.58006694   9.54785    -20.49552289   3.31604746 -23.68380553
   4.5366362  -56.46896412  17.42850899  -2.74786593  -0.15953233
   5.40884398  -3.96170774 -25.53412284][ 20.6786466    9.62715983 -15.16365737   6.54065476 -18.45585197
   7.60005866 -52.11276737  23.12028437   6.49973474   2.94605831
  13.01094978  -2.13167286 -17.77104207][ 20.27033973   7.22723605 -14.11606484   3.68963138 -15.84882884
  -2.54601203 -46.24406414  21.62693691  13.67828363   2.809193
  10.21435382  -5.03468219 -11.08451973][ 20.10834034  11.1000683  -18.32869077   3.87116958 -15.94611718
  -2.46831519 -49.4525785   29.95151007   9.74045942   0.72765015
   7.60667484  -0.86031181 -15.87082374][ 20.18985902  11.65348817 -14.76475101   0.20262436 -12.5146009
  -5.84991    -44.71811788  30.69300529   7.14369631   3.88823954
   8.48582052  -2.4788666  -10.49688031][ 20.29303813  13.78640133 -12.61439264  -3.91806727 -12.13495467
  -3.58261154 -40.7066918   26.74010966   1.88705007   3.7140386
   7.30408319  -6.63428918  -4.02694066][ 20.13736252  14.33128025  -8.11328056  -3.13924445 -10.99760552
  -9.14050374 -43.18895907  25.89250988   8.5547       1.35290707
   7.28888767  -5.34421895  -7.73234619][ 19.78553292  14.40070174  -3.76097366  -0.69810539 -12.43146048
 -16.96126442 -41.29908067  27.37132728   3.57948418   1.08291049
   9.12156726   2.04469873 -14.38083832][ 19.33179957  12.41548757  -0.69356007   2.48293845 -10.95700348
 -12.58890865 -40.93821943  23.36772738   7.53892244   5.23630215
  11.16422739   1.13525303 -11.33565971][ 19.06542622  10.59057696  -1.69011195   5.15195309  -8.47926011
  -7.59233072 -45.79865589  24.49639397   8.74608228   2.67968576
  11.41976785  -3.07560685 -14.57065239][ 19.04841548  10.14900679  -0.64885588   5.42060108  -4.03143684
  -7.75842015 -50.18074165  23.80084001   7.90984599   3.24398569
  13.97628806  -7.32083521 -19.3429143 ][ 18.98292052  10.95658236   0.93042077   3.5396741   -7.21335544
  -5.78358768 -44.3364844   27.1822721    3.55539337   4.43470214
  16.19456062  -7.54852809 -19.46408722][ 18.83012507  11.66113388   3.24247987   6.26824034  -7.47516265
  -9.55045493 -42.9015706   23.27831108   1.68119121  13.82008028
  10.62810845 -14.06595799 -12.98750242][ 18.7126838   12.69667681   2.79467382   4.59371824  -8.29510936
  -7.43442547 -37.76871683  21.50988172   3.26901513  13.72289913
   7.02520675 -10.50305613 -15.32190847][ 18.42184362  12.20018859   2.88457646   2.79995863  -7.67214057
  -8.50040708 -29.52843318  23.70110783  -0.27162479  14.54785175
   3.77555594  -6.94397116 -22.13014887][ 18.28737428  12.31257561   6.14053284   0.36881251  -6.29187944
  -2.36128629 -31.77051216  25.34909177   3.2848875   12.24497786
  -1.25870399  -6.46101603 -21.03919042][ 18.09255834  11.98045237   2.96997666   3.8196211    4.15960718
  -1.52522531 -39.01833068  27.56762406   7.5707148   12.19263108
  -4.00463425 -12.06113298 -22.57734518][ 18.21777984  10.25800674   1.40090709   6.65834631   6.38422361
  -5.99639915 -39.23069877  26.31850358   3.76755945  18.71744972
  -8.24229918 -15.46099101 -18.26652295][ 18.27282752  10.31692555   0.98899989  -0.47722895   6.98392579
  -3.04934999 -30.238779    20.9440924   -0.61782989  16.05604065
  -5.50060457 -11.34000049 -16.21854758][ 18.62254322  11.39035989   3.21016306  -1.63200641   0.81371946
  -7.18599909 -30.76155656  25.22969856   3.59129827  15.11243434
  -9.02106917 -15.09666417  -8.98630177][ 19.00875723  14.80043362   1.96715942  -4.71775723   1.72319075
  -6.53492612 -36.8077504   28.27880353   6.15961087  14.25915448
  -4.79419823  -9.50507393 -10.6544796 ][ 19.49787545  14.49986562  -0.46133998  -3.7191316   -3.33165952
 -10.05145472 -33.44767257  21.83056639   4.31873045  12.95431693
  -8.32857544  -2.29693424  -3.41785448][ 19.75257834  16.68821992  -1.33369034  -7.8651683   -5.03637836
 -10.1403105  -42.77964394  24.67738566   3.98660877  13.54923874
  -4.94570163  -2.94538464  -9.69748465][ 19.81543956  16.34695797   0.12731994  -7.62804432  -9.90796184
  -9.36796479 -42.22101965  20.25681864  -0.26843362  19.56894405
  -7.51330938  -4.81541365  -6.99357809][ 19.71130244  15.95972273   5.68315964  -7.48512728 -11.35930439
 -12.71532769 -44.76537284  26.87049885  -5.00429256  14.81522683
  -8.13058157  -4.49440941  -6.71850124][ 19.76400512  15.51919382   6.43485703 -10.14006259  -8.50839087
 -10.95081978 -46.13689035  23.23000587  -8.75502106  18.98987436
  -7.50920293  -6.83996931  -5.56418128][ 19.65217928  14.87726614   5.25066396  -9.087299    -5.51385326
 -13.69095313 -45.13137964  24.34131816 -16.1967389   17.10869995
  -1.8798821   -4.68443411  -4.8359245 ][ 19.27665746  13.8483065    3.06189959   2.72188171  -9.37875868
 -10.0272403  -37.84744877  11.44672945 -13.04562563  19.78684366
 -14.44426079   0.19157333  -5.58961367][ 18.42420722  14.31945316   2.30150194   8.47749506  -9.6913098
  -3.7580315  -26.13124339  -2.6678098   -7.77879349  12.45396815
 -16.82987694   1.57818396  -5.91985345][ 17.67268466   9.50507376   5.22676221  20.15861952  -7.84078156
   8.83210441   0.51455638  -2.12662575   4.62597716  -0.16162331
 -10.59256936   9.57654664  -6.45663193][ 18.42768616  13.39534956   2.98162915  18.98449261  -8.64837678
   4.11101088  -9.05385534  -7.5290183  -11.0586399   -1.53021479
  -3.06617521   9.87852797  -4.92771143][ 18.89491403  15.78255661   2.18667702  15.7170328  -13.13915884
  -0.86216497  -8.43603702   3.56790094  -4.61029869  -0.3013003
 -11.71422366   4.0853475   -3.9069133 ][ 18.99328906  15.51546678   2.57450615  10.06710337 -15.15359857
  -7.92845836 -13.78678878  -1.22401839  -7.10433021  -3.14776359
 -15.42226522   4.9176576    0.16080386][ 19.05327521  18.43901863   3.99010148   7.64642366 -14.66815647
 -10.57703245 -25.62221252  -8.35096923  -0.62784071  -1.56312894
 -11.23972214   2.30799019  -5.80619033][ 19.21754451  20.04479797   2.28965969  -0.22656998  -7.27578376
 -20.04343458 -32.42399693  -1.68945438  -1.97046551  -6.89909146
   2.106363     2.76496451 -10.91587675][ 19.531534    22.04988415   3.35328483   2.47529295  -4.31706285
 -28.20838165 -38.71515355   8.07848481 -13.42669005  -8.51999679
   0.57386783   3.76598129 -11.38339387][ 19.6386987   21.2679372    6.0129819    5.53694134  -8.62146593
 -27.38495874 -36.30985328  10.1953839  -11.48702536  -7.44940311
   5.29998954   7.28850175  -9.58628034][ 19.65725696  21.48596965   3.11827419   6.79570801  -5.15561406
 -29.39222555 -42.84229301  13.45526969 -11.81964845  -7.36819263
   4.4591341    5.4432894   -4.07371388][ 19.61670843  15.92685532   6.23271488   8.17611969  -5.22383772
 -30.25050029 -42.35273542   7.30878551  -6.64631719  -5.39678085
  -1.72346336   8.06128998  -1.96289297][ 19.55675789  15.84358325   4.96395138   9.40809858  -5.17224408
 -23.32312908 -49.70627215  10.57903038 -12.88924955   1.43584111
  -2.84399674  13.5233811   -5.11477759][ 19.41303765  16.18766244   8.68759611  10.38835873  -7.59849666
 -24.31546292 -44.88233205  14.74861801 -11.75034959   0.11551678
  -4.13477314  11.93303132  -2.06562805][ 19.25107433  16.11685231  10.58881582  11.17305081  -6.65416833
 -26.10389631 -40.98809954  17.25060981 -17.59854608  -1.15741358
  -0.60393256  13.24721537  -3.66235838][ 19.15157941  15.96740235   5.28559804   5.27715967  -4.06495506
 -25.976008   -39.51862434  15.46448289 -19.17630796  -4.3334019
  -1.71559724  15.82025032  -6.0721975 ][ 19.05630844  15.32979859  11.03245603  15.00305607  -3.27465434
 -31.72781283 -45.33898172  20.27055375 -16.90114821  -1.21090162
 -13.57285179  20.1071499   -4.03845625][ 18.96172287  13.75908936  10.34483294   9.98341089  -4.97456882
 -26.09714982 -37.6549874   12.17545419 -19.44336654  -2.82477391
  -3.68850848  11.30443907  -2.02488136][ 18.70652666  15.39668428  12.44360807  17.04647512  -2.47080213
 -23.27054823 -42.68789706  16.96271017 -18.98759102  -2.84709402
   1.72265712  12.72433992  -3.45582514][ 18.70337412  14.96917709   7.76310214   9.85982727  -8.31057807
 -18.82999306 -34.69150632  14.7287265  -17.24727062  -5.78644963
  -9.11615535   3.07707939  -2.47537088][ 18.74992883  15.58172475  12.70140963  16.78615926  -4.96685202
 -18.52454902 -40.51456108  16.07831616 -15.96514658  -3.67570441
  -5.41984166   5.51721714  -3.82914173][ 18.56258624  14.92424331  13.41638561  12.4791168   -6.73436408
 -19.43977236 -41.70990291   8.45702086 -16.80285226  -8.54213539
  -7.04027785   1.10011732  -3.16164131][ 18.07073229  16.21967314  13.75253682  16.01302626  -6.38332719
 -23.7633586  -33.17051752  10.81039964 -16.0445393  -12.54996275
  -0.34141648   1.77044605  -9.90911546][ 17.36264055  14.0565025   12.27500101  16.83703092  -2.48379582
 -22.06383223 -29.91753379  21.85615977 -11.68831185 -15.32265087
   0.47152501   0.63945468 -12.66465871][ 17.01454898   7.69174422   9.38003566  29.478922    -9.65064329
 -16.62440685 -14.34090364  15.8014984   -1.78695612 -17.92119765
 -21.54819622   8.38913134  -9.66141524][ 16.85576024   5.33470851  11.31304803  33.46453325  -7.04304562
 -17.01078696 -20.41707341  20.54504446   7.89519275 -11.08253195
 -23.16711543  11.9886291   -9.5934748 ][ 16.54253207   5.59934704  10.76382186  26.85328751  -2.5415414
  -4.05258725 -21.06734396  21.70682334   4.57012583 -16.23187846
  -9.71202038   7.2897147  -13.24594458][ 15.89055251   7.59051502  13.50621515  12.37337905   8.14070185
   7.4757348  -25.92600497  20.10108871   3.74489574 -12.42463467
  -6.43270563  -5.0926677   -1.21196348][ 15.2226024    4.01222237  20.74372209  17.71987036   8.19979409
   7.44332339 -20.65574174  21.52318246  10.671795   -17.56252539
 -10.88493319  -0.19620752   2.41693473][ 14.46876632   3.90495396  16.57177898  20.43334678   7.96350378
   9.16954055 -16.38336118  13.5502037   10.59196521 -13.64464146
 -16.93492077   5.55747455   1.41514884][ 13.51278432   4.63149241   9.85062064  16.01552603   3.00504968
   8.81551071 -11.06025517   1.48378295  15.25935704  -2.05721891
 -21.22332686  -0.4983815    8.35041847]