[ 14.41036242  -9.84485539 -20.84755159  -7.56328271 -27.49979643
  12.53831006 -22.53623883  24.24146952   2.38794505 -30.21068709
  -7.94938679  25.04959377   0.28730334][ 15.64261977  -9.89705921 -24.84658185 -22.00448933 -39.42958992
  24.02939385 -26.52788514  22.14077998  17.94570433 -31.91621765
 -12.60639589  20.3408059   -0.92604025][ 16.03820349  -2.37250528 -15.66833038 -20.57733572 -35.42315955
  34.65837495 -25.46705669  26.91648587  21.67091632 -32.63509859
 -17.46110194  24.10184281  -7.99614145][ 16.57613703  10.10862616  -1.2834568  -19.60005313 -38.50048944
  33.34331422 -21.14988066  23.15673346  17.88129204 -21.3995088
 -11.17553879  19.17500988 -11.24162617][ 19.44821866  14.86874018  -0.51739337 -20.54412016 -42.87402877
  -3.81221886  -1.01642638  25.30737387   6.97692149 -22.54934445
   0.88670688  -0.04802028  -5.50451957][ 19.90549653  18.5617661    2.78787023 -18.30969623 -40.68922504
  -2.40404633   1.00192596  26.72139736   8.93770647 -18.33157843
   4.06071804   0.7654077   -4.74256112][ 20.1829451   18.45934849  -4.52865282 -25.4348253  -28.69650211
 -10.24459425  -9.72773842   7.99609747   1.94822695 -11.03498184
  -9.06105032  -3.61155899  -8.61833983][ 20.34930871  25.5243432    0.45384495 -26.18866545 -39.73750056
  -4.65586745 -13.85009131  23.50098939  14.27134147 -21.32831099
  -9.37755326   5.58767266  -3.43914204][ 20.43118327  22.66151416  -3.88167742 -25.24204216 -36.31188764
 -19.22241131  -3.00174885  16.11282921   6.85767789 -16.84121994
 -12.07913354  -3.26448271  -1.82126111][ 20.55698175  21.65474678  -3.89233438 -22.81953661 -36.39020496
 -17.29698591   0.12154746  18.25722279   9.873468   -17.32940685
  -2.57915709  -0.72972975   7.06222947][ 20.52196486  20.38596661  -3.47184503 -21.67582243 -41.31645183
 -15.90900533  -4.998938    18.82756505  10.87438217 -24.74163367
  -4.53379168  -1.97487442   2.69626561][ 20.48318476  20.20126524  -1.74622671 -21.24752509 -45.58402751
 -10.16883927 -10.90563897  24.23639702  18.67982763 -28.31791235
  -4.02502503   5.58451264  -0.70013512][ 20.35148178  23.1747582    2.93867699 -23.12224972 -42.99836983
   2.24694342 -20.56640987  30.50955173  20.77505967 -24.29628339
  -2.79201492  11.74427158  -6.52343872][ 20.21310941  21.08508338  -0.53115742 -21.08597699 -38.32120396
  -1.73210241 -12.4313399   19.3983732   15.04027779 -14.39955656
   1.13984575   4.51712336  -5.42919568][ 20.00508406  23.07605543   2.3627738  -23.20526838 -39.94358083
   1.95264028 -19.42377781  25.19850233  15.05196613 -18.04669061
   2.50913486   5.35993852  -5.53502815][ 19.82599067  23.97066968   8.3571558  -25.41861369 -47.59854212
   4.08664046 -28.17715843  34.6731492   15.43605119 -24.65080297
  -5.33222718  10.75882161  -7.01729786][ 19.7317737   21.30415879   8.88459127 -23.64136457 -48.45821301
   3.92222936 -25.6699733   31.84621138  15.53007178 -20.49295992
  -3.26882783   4.94555165  -8.30624058][ 19.66332614  25.29579141  12.42681095 -27.03121017 -45.22642107
  16.70158174 -27.10932411  28.11021294  20.26608242 -16.98432688
  -0.26355659   8.82400625  -8.08969583][ 19.51538434  17.95267824   4.87469138 -19.57897164 -38.53715955
  -3.60547169 -11.36659825  16.14977722  11.72692918  -7.80886543
   3.17990925   0.10518842  -9.22933163][ 19.31122439  23.71128977   9.00875974 -17.29695962 -34.91065463
   8.24927423 -19.39001028  18.08234086   2.65587512   0.87963809
   0.09565327   3.30159494  -9.61361355][ 19.30422641  18.65759755   5.20685567 -20.15654029 -28.86291376
  -3.26865029 -13.36632196  13.35817032   0.79006182  -4.27690939
  -0.69471191   5.24716252  -7.09570245][ 19.36105491  24.08306302  14.22677683 -31.91113864 -38.8841585
   8.3873969  -30.22166325  20.88835913  -4.90686655 -12.1464881
  -7.86312988  15.01378026 -12.63701357][ 19.28774006  22.31179595   7.38295061 -26.29022183 -36.435874
   4.48393416 -21.8226199    5.47446934 -16.76651535  -4.29983236
  -3.53923638   5.54643238 -14.51111728][ 19.18899621  22.11316361  11.60022426 -29.58787849 -26.63265428
   3.00555988 -26.31871627   8.72083464 -16.69215128  -4.4172502
   1.81421417  21.77862603 -20.82485562][ 18.96339118  19.28035204   9.03343953 -24.79456996 -20.70745605
  -3.77680152 -32.94418568   5.64366777 -30.31078034  12.5873726
   0.10862694  25.90071974 -14.62195301][ 18.60001552  16.69834065   7.5632943  -12.6330047  -12.64900223
 -11.59853197 -41.41762984   7.90223479 -25.70982812  19.4435592
  -5.57749359  18.46814413 -15.80183614][ 18.06803194  15.74706715   6.18794629  -5.45506042  -3.67334673
 -13.1809166  -41.44569951   3.95529429 -22.63681105  22.74528361
  -7.78446224  12.55902066  -8.24635135][ 17.50907683   4.11364518   8.05356274  13.83976594  -3.84779303
 -17.36788043 -37.484919     7.68078582 -17.30607989  26.97212951
 -12.57748988   9.46155603   3.778043  ][ 17.7156812  -11.56156297   6.90493962  23.38154184  -3.88892991
  -7.86505971 -30.52089432  10.4155008  -22.50514294  23.64013308
  -4.70958891   8.17225746  -0.7134847 ][ 18.52253616 -25.88801035   3.09978727  26.43333972 -10.81675587
   3.07492687 -14.17891241  24.5315823  -28.14794288   8.09638082
 -18.56322757  -3.7271806  -19.96679135][ 19.02418387 -27.18766371   2.99424473  24.32883557 -18.34244565
  -2.49362207 -12.73505133  20.56875125 -38.79082256   3.21162965
  -7.74052895  -2.65542259  -9.2594421 ][ 19.32073886 -29.19763716   3.44691535  25.86061364 -21.36007223
  -4.14974792 -15.21960049  19.41362006 -36.8339322    8.50203134
 -12.16180356   0.60092079  -2.55123877][ 19.36647393 -28.92668251   5.83040577  30.19318144 -14.67682128
  -0.61490287 -11.3474911   21.77442485 -38.08264523   2.13016921
 -16.9411107   -1.91349283   1.00421141][ 19.42680711 -28.53623277   8.92392708  34.65367827 -13.57417955
  -2.36754226  -8.06130141  24.29394852 -46.7447796   -6.59912641
 -14.84212447   0.33284303  -8.15268826][ 19.5808903  -28.78720618   8.06673628  32.0775298  -16.12869014
   2.67589578  -1.48072398  30.4553494  -39.85069411  -2.98696996
  -8.94664203 -12.85184201  -9.09819579][ 19.69032911 -28.83816908   7.48782702  29.5384092  -16.43114125
  10.03988553  -1.75768307  36.93472452 -19.89146414   8.7355782
  -7.47357065 -16.32909602 -11.2056361 ][ 19.60235641 -27.92374457   6.17337361  29.67517906 -18.7852336
   7.427014    -3.97465968  27.66556413 -26.95962883   3.78695094
  -1.42134818  -8.96809517  -6.71652131][ 19.66863658 -32.16095379  10.52955939  38.81474433 -15.23101285
  -1.19486964 -12.54160855  22.1578236  -31.26921928   1.40809963
   0.41376821 -10.80779509  -1.21871514][ 19.75274029 -26.36926443   5.38444936  27.30853981 -17.67474443
   7.18257354 -12.0582695   23.19648489 -28.89038638   5.97616409
   2.53289883 -10.76685903  -2.640421  ][ 19.57671267 -26.09556856   9.10716655  33.3517672  -13.35421025
   0.98399326  -7.82401128  24.77993658 -32.90561789  -0.14583601
   2.4579344   -7.73421384  -5.9989215 ][ 19.63815878 -26.94889491   6.65888819  34.59260553 -18.05634631
   1.42771016  -6.89636612  20.59418311 -37.96760127  -1.50804432
  -2.18464005  -8.1949303   -5.73109342][ 19.77734148 -25.59626876   0.04748896  30.72271135 -18.55236305
   0.57001216 -11.60696518  16.60629858 -35.94657895  -2.79511647
  -4.2263224  -15.05483456  -5.64228738][ 19.83568103 -30.04423901   1.95147159  39.52211658 -17.34342085
  -3.01161609  -4.83116205  22.65594216 -34.28904175  -4.69297071
  -3.99718736 -14.68109233  -1.5634296 ][ 19.75364903 -29.68200734  -2.02650889  36.06785979 -17.86575717
  -3.82014877  -1.89340841  22.87212596 -29.21880087   5.12470342
   3.08017861 -13.35304411  -7.21965024][ 19.82533403 -29.15723151  -2.90558846  34.75694062 -18.61916425
  -1.07339963  -6.43758719  17.8017584  -34.36045611  -0.38760376
  -4.47625124 -12.66645914  -5.6984526 ][ 19.70373868 -28.97795233  -1.43099516  38.69452854 -16.93182304
  -4.07390894 -10.80719388  22.80766276 -30.19917665   1.03153046
  -8.46904953  -6.99079143  -3.95587094][ 19.67534065 -26.67963124  -1.7107136   35.61745682 -15.95219158
  -4.98451419 -15.8058436   27.79498127 -30.98298387  -5.00311741
 -10.22365305  -7.66836384  -5.37467667][ 19.25925882 -25.39713662  -1.30004328  35.33245741 -11.70565855
  -5.78583748 -18.17942811  26.3459253  -22.91165127  -9.72275337
  -8.67126177  -5.32139889  -3.16838052][ 18.83154255 -22.29235939  -2.17641735  31.11590928 -11.25517454
  -1.90239547 -15.46593375  24.00472912 -22.71918887  -8.02418272
  -3.55452515   5.51539174  -3.8737066 ][ 18.41619538 -19.99990089  -2.92232337  29.79215917 -15.98671819
 -10.46340984 -13.29344489  27.56180413 -20.01748018  -1.33703378
  -6.18344692   2.32753848  -2.38837145][ 17.90267915 -14.48918313  -3.17498882  29.85919356 -14.56025592
 -12.37226099 -18.17005126  26.4624153  -26.92313889  -2.27404683
 -10.12285594   1.50986369  -6.82713175][ 16.89404934  -7.82857772  -4.25456443  29.37541897  -7.32467858
  -5.69781211 -20.84770608  27.14718482 -26.74908645   0.13669905
  -7.16231303  14.1693531   -2.88595825][ 17.51381708   9.05384372  -6.48515673  16.98725516  -6.44416302
 -22.11572508 -32.78445001  21.22177041 -17.76399418   7.49415356
 -12.70876158   8.12677441 -10.14605182][ 18.47271991  15.43137192  -9.30161133  17.3110792   -3.03747057
 -28.98545077 -45.57292066  19.17553343 -13.9196429   11.69013899
 -10.61249225   9.8131198    5.0204393 ][ 19.14527768  15.79933861 -17.65014727  19.33243877  -7.20293354
 -31.98332308 -45.24644976  10.39327892 -11.44086558  12.88267184
 -11.39236934   2.725264     5.40960135][ 1.93055609e+01  1.49060966e+01 -1.81427515e+01  1.99525143e+01
 -8.84159993e+00 -3.20986260e+01 -4.64580899e+01  1.23537153e+01
 -8.15565404e+00  1.74200485e+01 -9.76129488e+00  4.10336576e-02
  1.02596851e+01][ 19.14234909  14.25971596 -17.21807024  23.09410383  -9.80860145
 -27.09896578 -41.86185583  16.23980874  -3.7457169   18.37656365
  -6.95322711  -1.79112696  10.34451157][ 18.57371689   9.19211089  -8.34432595  20.66941674  -8.3586185
 -32.45355966 -34.75327653  13.91300517   5.23319496  12.20232129
  -5.38871235  -7.16650922   6.00176704][ 17.69765042  10.49708631  -4.42810141  21.30544754 -10.94627622
 -17.37114034 -41.46138434  23.0128829    4.27034366  13.14170336
  -6.15110146 -17.29986722  -2.17346163][ 17.35414812   7.75249237  -1.78307596  17.70348965  -3.50380011
  -6.70048681 -43.0872875   24.69973963   2.28889074   7.03303099
  -5.19129121 -18.41606048   1.63864148][ 17.18859393   8.4290118   -2.14277194  13.58250428  -3.22831847
   0.40577496 -37.08392707  17.39964912  -4.62216471   7.37186544
  -5.95340583 -13.40296088   0.11890419][ 17.53859398  11.46335043  -5.71415877  15.41798382   0.37666168
 -11.75459422 -36.18825679  18.52913561   1.0315596   12.24493584
 -18.03184136 -19.59030283  -1.33873124][ 17.52713033  10.52778796  -4.25198395  15.40162261   1.21693019
 -10.59775811 -35.15517396  24.96596156   1.38357846  11.97563627
 -24.63866541 -18.32457365   2.30739841][ 17.20413623   9.3552189   -2.98346832  16.82234909   3.77613596
  -4.02774349 -32.99479307  21.59830381  -5.59284888  10.52354719
 -20.73795056 -17.40070302  -0.15273211][ 16.89296894   8.65861694   0.90843766  14.40743157   1.1050172
   3.27446185 -26.57807803  14.31127348  -5.41413234   8.11747174
 -15.135792   -20.99109169  -2.96370287][ 1.68500613e+01  9.52666296e+00  5.82305614e-01  1.31381339e+01
 -2.29460131e-02  4.74473302e+00 -1.95915438e+01  6.83118911e+00
 -1.16994432e+01  1.19241355e+01 -7.74128138e+00 -3.20809474e+01
 -3.28341494e+00][ 16.78029143  13.06811521   0.77526654  11.79980532   0.22358121
   5.40103243 -23.18081741   5.09861236 -10.7961522   10.9451723
  -2.30698035 -33.91376144  -3.03082429][ 16.38908779  18.54656973   1.04416495   7.79097414   1.40875418
   3.97101079 -21.67033347   7.96888712 -10.80993462   3.27884537
   6.32607496 -25.7464628   -4.73793455][ 15.80850534  18.68066059   4.99475768  16.39226367   2.65467185
  -0.04076073 -18.52006278   3.90259759 -17.25244611   8.5368387
  12.13723179 -19.31987814  -6.73695828][ 15.40392786  18.62236676  10.56422711  12.82900438   6.28129202
  -0.13899813 -13.50514108   3.69834067 -18.36503614   6.10810617
  -5.46924442 -11.7637854   -5.21335603][ 15.49709801  17.09699662   8.48520849  19.5915502    9.93405453
  -2.62250888 -11.44362073  -3.18833186 -17.4670772    6.61907709
  -4.36841868 -12.25647126  -8.04224994][ 15.44684844  16.41855211   5.82356022  15.88063428   7.47844106
  -3.56331149  -6.33803854  -4.95595199 -15.8348753    1.34679075
  -4.63675882 -11.80647529 -11.08088388][ 15.36005624  15.83543539   5.74047772  13.95745892   6.24965026
  -0.76458266  -8.25202345  -1.87562076 -20.59372137  -0.81853819
  -1.56529162 -11.15888112 -13.03091881][ 15.20048741  13.97282845   5.96317917  17.84382242   8.14672655
  -1.38128358 -16.93560004  -2.46742227 -14.66252612   0.26811014
  -3.35117015 -14.35957487 -18.67697403][ 15.06724967  13.74052313   5.92015134  16.85275092   6.50993366
   2.46181574 -10.22826848  -5.97112737 -18.29256987   2.00590808
  -5.81077436 -12.83218039  -8.94896637][ 14.9576921   12.23180893   7.92470847  23.21726528   8.18157693
   2.03879581 -11.91750703 -10.0426729  -15.65254867   7.79866529
  -4.12662161 -17.01781338  -6.83186086][ 14.84713403  10.98668344   9.6116263   26.93977191   9.03379767
   0.88928038 -11.72429271 -11.19816489 -15.72426655  13.53129732
  -2.73174052 -19.88052391  -6.73893581][ 14.69780652  11.72943454  13.03204769  25.01003059   9.68764394
   4.54398715 -10.27847978 -14.75705862 -19.18416227  14.39313426
  -2.19743552 -12.02311439 -10.18255017][ 14.63848428  11.36351147  13.00658253  23.23364634   5.71637412
   3.83819596  -6.82476815  -8.85273429 -15.10331689  10.36840323
  -9.94676212  -7.70732151  -8.02888535][ 14.58694046  11.7843988   11.32823561  22.13511705   9.50884525
   5.3518476  -13.54222604  -8.46040909 -11.08336686   9.61575251
 -14.89028939  -7.34210312  -2.45546772][ 14.48366978  10.59112887  11.95563573  20.90142777  13.27809099
   4.13697885  -8.67450039 -12.21597014 -12.87646879  15.37475004
  -9.62866775 -11.49563105 -12.09712954][ 14.45008959  10.53087414  12.84265213  20.4293728   13.32671833
   4.01433519  -9.32732419  -6.48117492 -15.77439942  10.24703479
  -6.55932    -12.4248536  -10.95461362][ 14.50484935  12.4477112    8.86631866  17.6619251    7.32048999
   3.64296583  -5.22708251  -5.39051625 -13.31720744   8.99384257
 -10.09371077 -14.46112865  -9.76393795][ 14.6219408   12.81816872   9.83591585  17.58670355   8.03921566
   0.17609209  -8.61898138  -5.10289454 -13.97727616  10.61878916
  -9.34482724 -14.50181225  -7.96715568][ 14.71721502  12.15827197   9.52266497  18.41682661  13.30833781
   7.2848658  -12.69370128  -9.65851772 -18.63539591  15.07626715
  -3.18220717 -14.08814588 -11.18772441][ 14.68162408  12.20455866  11.0335433   20.10015103  19.55089006
  11.80303635 -14.34933974 -12.832557   -22.15157897  14.92421484
   0.46869215 -10.81011321  -9.88785213][ 14.55535747  11.21163123  13.41093951  23.7536034   22.82367289
  12.85152078 -13.96661498 -19.77243085 -16.53083548  20.44889427
  -2.62118914 -10.96436606 -10.98582337][ 14.59332784  13.93194192  12.72276219  17.96100986  16.97053149
   8.33135613  -0.94515965 -10.43033288 -10.91603859   7.4568271
 -12.26001961 -13.97533922  -7.96867455][ 15.32575954  18.71477144  13.14928362   9.3683205   10.94998613
   9.04138357  -3.23918484 -18.99749948 -22.00716481   4.78463442
 -14.30624635 -21.03166071  -5.60731449][ 15.77445978  18.02319209  14.93827346   9.50427464   8.31943105
  18.10378448  -6.92944556 -16.63274078 -20.39838397   8.30369327
  -9.92489357 -33.15902392  -4.43952053][ 15.87741069  17.00146099  14.77366501  10.7755758   11.92981607
  18.73298763  -6.65791742 -14.39613342 -30.50115614  14.05418983
  -2.19441152 -33.86503709   2.21422787][ 15.56008857  12.7993118   13.79870983  13.99614216  13.6489548
  24.18307661  -2.96391002  -6.77905635 -22.76601647  11.7354222
 -10.01553466 -35.9194343    2.09088965][ 15.22569013  13.02592733  11.81772523  12.58606101   9.9046894
  17.72737182  -7.11660822  -3.61768598 -23.45739344  15.9427509
  -4.00388247 -29.10351082   6.53100166][ 14.63853897  10.52310816  14.58887991  11.4156572    3.00754834
  16.05609372  -1.05593968  -2.76584082 -21.23071739  21.88464053
  -4.81191297 -29.67335012  10.19654606][ 14.02003563   6.75050973  15.01738719  14.567345     5.21241303
  26.65021075  -0.41226451  -2.81790797 -15.33479676  18.29303115
  -5.38769623 -25.3620652   11.47158109][ 13.40653574   4.09279144  14.22090786  12.01793466   7.34409825
  32.33505703   5.12665384  -0.19524676 -13.09618042  15.81106921
  -8.71489511 -22.12071321  19.14733302][ 12.6581105    3.07973146  14.95542499   9.04412533   7.56411777
  28.64136522   7.11973807  11.95708235   0.30117397  13.95392088
  -3.38265063 -12.21312516   9.16130886][ 11.85902535   1.7846244   12.10881734  11.95525283  12.7857593
  27.89770825   7.68057709   3.02633709  -0.6404072   16.39876084
  -4.15669989 -13.17992767   0.76553575]