[ 13.34622092   1.88105096  22.49866159  25.09055515  -0.81282072
  -3.51075127   4.96664929  -1.23616476 -16.90607454   2.69121249
  -9.74512346 -10.36240662   2.57730443][ 15.17800335   6.31058612  24.41146433  29.65003979  -4.88742141
 -12.44486625  -6.86408855 -12.69191163 -28.41117462 -16.58194879
 -18.02760449 -13.20459237 -15.06776617][ 15.96792295   7.75100428  21.51208439  35.02347858  -5.04962745
  -2.56387033  -6.48733029  -5.76483574 -24.53502968 -13.20394008
 -15.51174635  -8.19906813  -3.36042069][ 16.36536038  11.23544765  14.7670186   26.00675512  -9.10617933
  -6.43282931  -8.59721685  -5.84942515 -22.27034616  -5.33025897
  -8.91278072  -6.19886858  -2.24971413][ 16.49947097   9.07598715  19.07777659  32.80143785  -6.031056
  -7.48957703 -10.72267684  -4.00091836 -21.98763906  -4.67832697
 -12.81024009   0.10500664   2.20448131][ 16.61275579   4.42433327  20.13170023  39.22021583  -6.36601506
 -11.33479029 -23.65645844   2.19410653 -26.85902542 -11.31571289
 -16.32109017  -4.86357869  -3.26825391][ 16.67320833   1.52689805  22.2599373   43.16055197  -7.65392414
 -11.52402521 -18.62904608   5.01524832 -37.84925851  -5.71389106
 -12.47174731  -5.47643708  -6.84457835][ 16.62251249  -0.39973185  23.20702676  45.74370183  -2.77110451
  -8.95132917 -20.07099549   2.28346081 -35.74890895  -7.35822925
 -13.97802667  -0.25310075  -3.20526064][ 16.59653073  -0.81285579  28.75896991  47.2453047   -6.46529027
 -11.71666365 -11.92207547   4.52067048 -34.06385704  -6.39724963
 -16.61115164  -1.48966327   1.6157357 ][ 16.7572195   -0.23560037  20.53833251  36.40813888 -14.02965145
  -3.53346727  -5.86747859   0.47605665 -35.32978515  -0.55267889
 -14.67032238  -3.99279346  -6.95878452][ 16.92184271  -5.41958362  27.74405193  46.7273024  -11.57048513
  -8.71790539  -6.95372398   1.29569435 -39.80456941   1.43400539
 -16.8363051    0.0688858   -5.18131043][ 17.1169997   -1.50946991  19.65874681  33.5321257  -16.22377151
  -8.74270394   0.91383018   0.77067304 -37.14371849  10.68176141
 -14.72444519  -5.70370576  -5.11508475][ 17.21797831  -7.83847227  33.18439461  54.76174721 -11.49702839
 -20.5676762   -6.15593128   2.46472682 -36.86943173  14.44401711
 -22.74924678  -6.10352281  -3.74067433][ 17.15281423  -3.2731356   24.11144892  38.63348845 -14.36499585
  -8.103498     0.05749433  -2.29057649 -41.22451094   8.58037797
 -20.48702583  -8.64651541  -4.26894465][ 17.0866403   -6.20492518  28.22678813  46.62884521  -7.91083166
 -10.64902475  -7.96813298  -6.10776101 -39.37120527  -1.2183161
 -17.37882257  -4.27917313 -10.57969133][ 16.9969102   -4.56927     27.1270355   45.85807166  -5.97763289
 -14.63764415  -6.08061977  -4.32390546 -32.9231195  -12.46806546
 -15.05855263  -6.6709648   -4.85094512][ 17.0179549   -2.23983287  25.65111891  46.1281646   -6.12723005
 -17.13429268  -5.46677227  -4.60831712 -33.19141021 -10.95214098
 -12.55208307  -6.44341668  -1.48166697][ 17.16366316  -0.53345538  25.18500558  48.99799591  -8.41673365
 -16.41006982  -8.2386807   -2.60277702 -34.98059278  -5.42302837
 -14.80394529  -6.32318901   0.62219925][ 17.21165186   4.38063558  14.80866854  34.79572545 -10.33541836
  -5.95947801  -8.81178125  -4.71394621 -31.08301253  -6.19831715
 -10.87192628  -9.31456315   0.49479797][ 17.36674252   1.77744164  22.12641288  50.51417946  -8.74187384
 -18.36485677 -12.71978998  -1.22118687 -35.22555767  -8.68601158
  -7.32471314  -0.84666765  -1.79365085][ 17.65086774   8.44680564  11.20443178  31.20999433 -13.29336984
 -13.47461515  -5.14680045  -1.15865565 -35.10585549  -1.69644038
 -12.53866558   0.19942432  -6.11019091][ 17.93586637   7.48411705  17.5335738   41.66444199 -13.87945156
 -16.52505929 -10.38313169  -1.86057195 -34.45208373  -4.02301708
 -14.54984742   5.84497966  -8.95273643][ 18.30554381   9.36149645  16.93955508  40.65774039 -16.99035276
 -23.51532131 -20.78344345  -6.88938769 -30.22254255 -15.31920337
 -13.57962156   2.09147295 -13.56676374][ 18.58445891  10.65500193  15.37092073  40.83726208 -14.20064878
 -27.25176598 -20.77018905  -1.03799843 -30.99961833 -15.6179644
  -8.55938878  12.90692345 -12.7867314 ][ 18.66448646   7.93845441  18.83199872  45.7473827  -10.27128445
 -35.47677651 -26.15000762   0.84627236 -35.16829398 -12.27767421
 -14.63098712  20.83290197 -11.83581776][ 18.43804621   9.54917152  15.0758296   39.50420444  -4.44337544
 -31.410101   -20.23871747   1.26318833 -30.99156529  -3.24026483
 -12.69934822  24.36370513  -8.39533063][ 18.05506224  11.57634245   5.74768427  27.32266723  -2.74601469
 -26.28904613 -15.40145174  10.1194419  -26.99137874  -2.14169849
 -11.53725508  18.33342112  -6.50257856][ 17.81549073   8.5128918    7.06560452  28.50835921   0.93833964
 -26.5693871  -15.96980037  15.88361    -26.84678226  -4.42662371
 -12.73707088  16.99414389  -8.43177922][ 17.82548283   9.01402759   9.37025884  25.77781158   3.6344488
 -27.29404569 -18.76193287  13.41040547 -25.95289575   5.92106059
 -13.89138095  10.57892085 -16.10757512][ 17.93097758   5.4767067   10.89691546  29.97591747  -2.92464901
 -22.54508519 -23.04931603  13.96753301 -19.70281275   3.97603388
 -16.72099117   8.57382393 -13.8486708 ][ 17.96576588   5.90398991   6.25652824  28.54143386  -0.8740573
 -19.04370722 -28.44984592  15.47360181 -10.60261013   0.43937876
 -26.2188671    3.27560495  -6.34775669][ 18.02104335   7.36577203   4.83525916  27.0837737   -6.24293256
 -15.64981607 -30.40231999  16.70136994  -4.37481142  -0.43439742
 -27.64136024   2.21502875 -10.36448824][ 18.1758696    9.40034751   3.14394123  22.4931535   -5.6026301
 -19.49933536 -28.87964991  18.6077126   -8.96263386   2.66523918
 -18.98437048  -0.03640199  -9.83410773][ 18.23004525   9.26971809   5.14102353  25.29615545  -6.2539033
 -22.84439323 -25.0920418   22.33174014 -11.35086105   6.74711413
  -9.4086596    3.81121045 -13.67973074][ 18.20915219  10.3787704    5.98643599  19.86362211  -3.59010569
 -26.49434141 -31.11820191  20.90720808 -11.42399414   8.4303182
 -10.98851639   4.15554535  -7.97135202][ 18.42814712  10.48987731   9.60919638  18.38829881  -3.60587866
 -23.36925591 -43.9535289   26.52307734  -9.25054347  16.57021439
 -12.89524801  -3.38566908  -4.57069983][ 18.44255246   8.84251354   7.60722175  16.40251475  -6.47783431
 -19.10458864 -39.41270179  24.77625326 -15.35484055   5.9955233
  -5.33138791  -6.47677941  -5.92465377][ 18.37380771   9.79709103   7.73853109  18.59156536  -4.28413365
 -17.00052098 -38.69396595  30.63068017 -10.367767     0.63179092
  -4.2380111  -13.2326094   -6.90132542][ 18.36099286   9.29428416   7.80202718  15.97437545   1.59965983
 -21.57840806 -44.99788198  28.51466817 -13.23847983   6.48778162
 -15.1274942  -10.00898935  -6.3318467 ][ 18.32330063  10.28707165   8.24949121  16.22208075   2.33933168
 -18.85286361 -47.19666555  29.18012481 -15.51109695   7.22226892
 -12.38509052 -11.42381409  -5.73373786][ 18.33829469   9.6513002    8.51372878  15.60208618   3.96887143
 -20.85023657 -45.39023338  24.69381051 -18.63214087  10.11853583
 -15.54077145 -12.19468367  -2.54003417][ 18.29621739   8.36326236  11.1150339   13.66575003   2.0709853
 -18.82002864 -39.20172089  23.61146388 -23.21764584  13.11996649
 -12.26140151  -7.66056738  -3.33561516][ 18.30430053   8.0401166   14.75432447  12.84881419   7.06279197
 -14.99119113 -47.93612495  18.26593874 -16.35943513  15.27053353
  -3.74406763  -8.87822777  -4.79581213][ 18.49775683  10.11920536  13.25491053   9.09219708  -5.20381048
 -15.91561899 -47.23706815  15.04834285 -18.31672605  13.02319249
  -1.85864315 -10.00716891   2.23484617][ 18.93651491  12.22170374   9.79399382  12.36244052  -7.9781909
 -18.13265486 -51.29716053  10.82081459 -17.16813093  20.88476821
  -8.92399735  -6.01734498   8.4741608 ][ 19.14987574  14.20167354   7.92322867  11.1294768   -8.47352934
 -19.66889722 -50.85326593   4.96890462 -25.92792729  21.29783717
 -12.13365357  -8.02023731  11.12016994][ 18.66751785  14.9382429    8.92026196  10.71017386  -4.64635686
 -14.54107496 -49.59745633   6.42732248 -23.21324943   8.41907128
  -3.01096994  -5.76158468   8.50963258][ 17.0514832   13.0561323    9.4098128   10.25009862  -9.0615152
  -3.07427028 -37.83415682   8.37735029 -18.90052157   8.53875942
  -1.14891285  -8.36410862   3.92631744][ 14.73055552  14.21409288  14.24300814   3.3014602    7.67173281
   8.23413167 -21.80963717  10.888059    -8.30262671 -11.29605972
  -3.74399942 -10.23681268   1.36266454][ 14.10978816  12.731264    21.97050076  11.51260496   6.11111878
  -2.82983799  -6.72645769  -4.31747119  -9.0344683  -11.08645174
 -10.17221093 -17.28770031 -15.2552953 ][ 14.06138115  12.49923804  23.22196412  12.11657015   9.48316664
  -1.75083199  -8.26253043  -8.21800581 -11.62018767  -6.78517061
  -6.75347394 -16.7107228  -12.60912928][ 13.94861444  12.50384754  23.72879378  12.98658967   8.46062956
   3.15834244  -8.24223172  -9.97307278  -7.36829997  -8.12719822
  -9.34299089 -10.05813819 -12.0757305 ][ 13.91640288  11.96382566  25.65971547  16.16869557  12.74690712
   1.6010336   -9.07934356  -9.79800581  -9.66360516  -5.89924239
  -8.46209664 -10.49718238  -7.28222122][ 13.89394247  11.39217054  28.99790281  18.78472439  12.44978122
   2.33251702  -5.60525887  -6.07175633  -9.83225543  -8.65470818
 -11.64688486 -13.42010086  -6.97826936][ 13.8736608    9.79226808  33.1920401   25.20873482  13.7260046
   0.67152709  -3.90253567  -8.0062615   -7.66688166  -9.70840361
 -11.27790174 -12.70597621 -11.68621941][ 13.85365748   8.74111757  32.86704896  27.01375895  19.73068815
   3.73610752  -7.60652462  -9.27254862  -8.72035585  -8.71492468
 -16.48745724  -8.66343224 -11.39275679][ 13.84015746   8.88551248  30.51429053  25.11613018  16.32827377
   8.35616431  -3.8276135   -6.7427447   -7.83316449 -10.60630978
 -17.5971246  -12.10476996 -14.19293813][ 13.81194825   8.9334088   29.49774348  23.59302861  16.06489294
   8.77163288  -0.19008025  -5.63704386  -9.84851096 -10.55464096
 -20.58439351  -9.4326636  -14.06611772][ 13.77045786   8.80488563  29.15819122  23.38408999  13.38748945
   8.55905106   0.22541681  -4.29745164 -10.74686351 -11.01327004
 -19.82285715 -10.64768458 -11.45420314][ 16.54027825  -2.75070792   4.26034672  10.88476056  -5.82913602
  -0.2412551  -18.00274489   2.80175205 -26.35196629  -6.56660121
 -17.90363434  -2.05897599  -2.39408472][ 18.30913092   7.52914189  10.79106096  19.50161175  -0.8921099
   3.09697398 -24.81489219  -4.11815826 -17.6126534   -0.89868222
 -21.04405735  -5.56110517   0.07860337][ 18.51663265  10.27780885  10.51490684  19.91937342  -1.54402469
  -1.86753053 -27.1414595    3.40259814 -22.41051073   4.7317596
 -15.5949357  -10.03922547  -5.54338451][ 18.72728785  11.34498974   7.80978484  13.59214566  -6.44523593
  -6.46679007 -35.08998929   9.75693154 -23.13654529   4.13199133
  -4.38378545  -2.13644168  -5.36909024][ 18.4519883    9.64940109  12.51421748  11.02189921  -0.39565912
 -10.39779603 -37.0698784   16.33562677 -22.39667123   4.81830703
   0.73136798  -6.9208275    2.20521409][ 18.30274777  10.47174031  10.06135977   8.32929022  -0.87811159
  -3.5742998  -35.87110723  26.05820227 -18.92632745   7.48603664
  -1.62895683  -8.47573565   3.13398994][ 18.20684083   8.08126676  11.03371297  10.98360586  -4.61568723
  -6.02042782 -34.33370524  32.42666329 -19.03941428  -1.41237629
  -8.0395419  -13.16053428   8.1527198 ][ 18.27612665   9.20082045  11.80650677  12.29172677  -7.90209674
  -7.24851704 -29.35224406  31.04506144 -21.76964361  -4.84663648
  -5.25594466 -17.26317427   5.29107235][ 18.24488915  10.10035193   7.03687713  11.45510654  -1.6403511
  -5.56046823 -34.71030094  25.36895465 -14.28671865  -0.93452483
  -9.2323319  -21.13104079   1.44153307][ 18.26768826   9.92136526   7.21609256  12.56756164   0.52736164
  -6.22363298 -42.33124405  28.37957989  -9.42038601   1.26581495
 -10.06857447 -29.79317456  -0.21623373][ 18.33173824   8.15173483   5.65576225  10.3342354    1.60911462
  -6.26507328 -34.86021496  27.85305798 -17.69119473   7.93937143
 -19.11691464 -27.12490586  -6.4502081 ][ 18.28960393   7.69414459   7.31249687   8.42146886   2.08913329
  -5.1674982  -31.24254346  33.30899169 -25.39818107  11.58252351
 -16.47671204 -29.22560861  -7.12061143][ 18.06972157   6.14532089   8.80197466  10.48144396  10.56605169
   3.14235814 -29.24000195  29.67292118 -25.13187114   2.99669213
 -12.50303674 -16.99681035  -2.5631585 ][ 17.9298154    8.53323029   3.73545913   9.62165007  13.91370928
   7.05702074 -29.22114798  21.38040433 -11.04029724  -1.13277403
 -16.2167897  -21.58707856   2.00247397][ 17.81279995   6.23021551   5.61147153  13.07162814  13.53638387
   9.90803298 -34.46250473  26.09629787  -3.2484903   -3.97367188
 -18.34874373 -30.61158909   4.32208156][ 17.69494964   7.72590285   5.52702484   6.65324075   7.98163657
  14.86587927 -27.20147309  19.44847197  -6.2199568   -6.17694774
  -9.58923457 -23.72212874  -1.7028104 ][ 17.48070637  10.77002351  10.21559548  12.42319871  -2.18434664
   9.42698069 -20.86940698   8.05857727  -2.60666066   4.51665968
  -8.25519832 -22.05858967 -17.08048209][ 17.11426358  11.74812128  10.20942095  13.23121884  -1.36647068
  15.58061517 -27.57633559   1.93299781   0.43289891   5.85992151
  -9.6347165  -18.4932584  -19.369113  ][ 16.47509483  13.43788698   7.66481154  16.45739654   0.83597143
   7.51612831 -22.54792274  10.02708505   0.35084699  -2.50637458
  -4.01407569 -21.78176932 -19.60508724][ 15.94162177  14.12482063   2.18958471  18.56788126  21.86753517
   5.96061296 -14.71773962  14.31932717 -15.71931     -6.86059491
  -4.95909544 -42.07698223 -11.3045992 ][ 15.93968404  14.27077324   3.97876319  21.16503655  21.18246279
   1.68456956 -19.87612225   8.78148347 -22.07581563  -8.63179874
  -0.98335093 -38.78909751  -8.65724862][ 15.83493271  15.90579476  13.59024078  22.42029436  11.58744534
  -1.10625596 -18.2756695    6.16635565 -13.80082425   1.4817147
  -6.36876087 -44.55231136  -2.84139034][ 15.72825089  16.97689145  12.07247612  19.57489837  14.47015872
  -0.4178379  -12.6669431    4.79793212 -16.24129897   0.22245671
  -5.03185775 -36.61163826   0.12960639][ 15.57368059  14.44265456  13.09910377  17.59617675  12.17311744
   8.57619345 -14.12331214   7.8579124  -23.55186927  -5.74068274
  -2.04104474 -31.10890688   2.2145479 ][ 15.70177736  14.06038594  15.93432664  17.43420904   8.50633294
   4.08210818 -18.26346121   7.66408485 -17.14861967  -5.3814228
  -1.28218177 -28.63551513   2.84075069][ 15.77832727  14.83559197  16.99134972  21.48161126  10.77724843
   4.77380576 -12.76036224   9.00244137 -20.12805681  -9.24190762
  -5.42154749 -34.32225076   2.52148524][ 15.77593431  14.05229548  14.1252698   21.17530893  13.45013129
   4.08083686 -11.80245427   8.63389682 -19.87782486  -9.22759837
 -17.52796975 -36.69990015   1.3082714 ][ 15.79899199  14.04906985  14.56592599  24.33849986  18.05869718
  -1.46085418  -9.34695999   9.07419015 -23.11057822  -5.28341451
 -22.11218249 -39.52871282  -2.36467118][ 15.75408943  14.32501171  14.79580906  20.56223826  16.83570754
   4.27408369  -9.56322437   4.72974501 -29.09506418  -7.30198843
 -10.57498903 -32.90649337   0.3946246 ][ 15.73499519  13.16782811  17.31000663  26.67730709  14.90582609
   2.59330303  -9.79669613   7.98943925 -26.19160994  -3.01347408
  -8.98989739 -38.39832451   4.99169556][ 15.77384232  14.88914065  12.80513636  20.43653639   9.70057605
  -4.3970942   -2.66799364   3.18668402 -26.14497597   3.20665925
  -4.98946964 -35.022851    -3.8687037 ][ 15.71511598  12.96183086   9.4617156   22.94092206  15.11379314
  -2.38774067  -8.43758218   6.18631039 -21.05210959  -8.40761662
 -12.55188448 -26.05639725   3.38053622][ 15.85377142  15.30705271   9.24850644  21.72245328  10.72086657
  -1.65970453 -10.95709985   6.39683379 -21.38379163  -9.57885116
  -4.00984307 -26.48884744   2.43852698][ 15.8522847   13.6115008   11.9930025   28.49243912  17.57751614
  -0.90174987 -15.92546758  15.75231424 -24.10177927 -11.82829247
  -6.58048842 -38.5322845    3.53835407][ 15.78921354  13.48606602  14.30262698  26.94606074  10.65079429
   0.12103195  -4.19760306   8.35145664 -27.76494345  -8.66409505
  -6.33158577 -41.19138285  -4.79412592][ 15.83204233  11.89835495  14.70749539  29.31912046  17.32367378
  -3.48790535  -9.97695286   6.91085634 -23.89867725 -11.4736921
 -13.05306654 -37.11996692  -0.95482683][ 15.85633454  13.04995002  13.80944272  26.3279747   19.35362855
  -4.30866034  -7.25518829   2.0720214  -28.22843406 -13.51016245
  -9.16890766 -32.94956986   3.85602831][ 15.83012426  13.76615737  17.45243313  24.69215224  15.91724992
   0.2027752   -5.30239993   6.49207433 -26.31156491  -9.70207016
  -6.29079638 -29.34629284  -3.02986667][ 16.30971417   7.88153487   7.05038971  29.9066884  -13.11672447
  14.11077651  -9.45644784  -6.0868942   -3.37881793  -8.26185894
  -1.18564636 -10.7300482  -12.00258678][ 17.08284325  11.45368139   7.75838757  21.39864323 -13.87266011
  13.85798826 -12.97046128  -9.82096734  -8.46188051 -14.6387745
 -11.17271297 -14.07925339  -8.46338514][ 17.44451786  10.71016634   9.29347757  22.510019    -5.19764502
  21.66419321 -17.98930266 -10.91388217 -10.30072594  -9.02203506
 -19.66499316 -12.55336606  -8.13404247][ 17.35552238  13.08549367  15.40739554   6.61847582   7.38855229
  29.68580151 -31.08949221   2.78587777 -14.14539633 -14.05613001
 -27.9141115  -24.0575552   -4.8388988 ][ 17.1835243   11.02599586  18.6779806    9.73761565   8.39567846
  28.86443112 -31.74226623   7.54624644  -7.93081561  -5.97363349
 -29.95660344 -33.71785554  -5.06309385][ 16.97975022  11.64819081  18.69158342   7.03784058   2.9959745
  23.81318921 -34.43902231  13.53699547  -9.69192756  -3.27714767
 -11.08528948 -30.63808899  -3.22773489][ 16.71686346  11.03659818  20.53682      7.94635329   8.27275212
  23.53720647 -33.94445683   7.40084137  -4.74807455   9.53895796
  -6.72364477 -30.46379611   5.15110606][ 16.44793987  13.17549412  16.20629208   6.08693713  11.27470786
  17.7444936  -31.33713086   1.36228832   0.92473048  11.24329846
 -10.33900163 -25.91820646   8.34007764][ 15.99753509  12.08683159  15.85294079   1.24657737  12.99833463
  24.69737467 -25.15461579   3.76078203  -0.54413567  16.70087709
  -5.80263938 -35.99431857   7.08256023][ 15.66625057  10.32234249  16.67766929   4.26709195  14.1664799
  29.60376704 -23.94794917   5.67936542  -3.17298802  12.25022613
  -9.7372754  -28.14459276  10.71633142][ 15.22550866  10.17801893  15.11598396  13.21368473  14.27441618
  27.03943408 -17.0645648    3.45910159  -1.91114393   6.03946761
  -8.30156279 -20.20070201  12.91356729][ 14.82631668   8.27185896  16.80953695  10.75612105  18.22341145
  31.48941208 -14.66837276  14.20735638  -2.11640823   3.86957064
 -10.43626207 -23.36867974   7.0773561 ][ 14.43423992   7.06229333  18.97715092   9.14296762  18.60698632
  33.93075215 -16.75259752  12.5433179    2.10770235   8.19714841
 -12.26561126 -25.66362824   1.41283458][ 13.92465666   3.58738486  17.62668776  14.13557129  22.59591583
  32.20857947 -19.01062868  12.86725103   8.94616006  13.31186611
 -12.19127987 -28.8812654    4.07747491][ 13.35933125   2.9902248   18.32297559  10.84256966  19.10059319
  33.74005502  -9.96662873   6.88272121   4.63474915  18.10067895
 -16.83873391 -27.48810364   9.74092961][ 12.79354837   0.23812404  13.56930672  10.4293759   22.69231709
  35.71699618 -11.66246645   8.48734876   3.91842252  12.01437435
 -16.21656354 -20.88898729  12.92495723]