[ 13.10207003  -1.6837224    0.08635478  -4.17363796 -10.48832866
  -6.1298648   -9.9099793    0.55641649  -8.77508699  13.17181459
  -7.26901473  -6.153375   -14.33129188][ 13.8615322    1.99652764   7.31661765   2.89155265  -1.74723646
  -9.61581266 -15.67422802   0.11713131 -14.41805527   8.31200681
  -6.88862321  -2.87008928 -12.58514432][ 15.19299462  -1.14096553  15.49942688   1.56483992   8.34776543
   2.87905014 -25.17137672  -3.34574931 -24.16718391   9.8893393
   6.0347386    1.85539795 -20.19166156][ 16.05274496  -6.36966506  22.68903571  -1.24244335   8.15182857
   4.85455685 -21.30903197 -10.16686281 -17.54380241   2.10645032
  12.66751021   0.41581048 -16.58814346][ 16.75485118 -10.84730157  23.86283678  -1.91068169   7.37101136
   2.31993949 -11.54535006 -14.18838303 -14.31429045   0.67906861
   6.52324183  -4.68948219  -7.01336631][ 17.25887776 -15.70343158  28.22735806   2.54734857   9.60654904
  -0.35829461  -8.25931798  -9.83962903 -15.17010693  -0.44321634
   6.06308197  -0.22083943  -5.40941632][ 17.76094938 -19.78615232  28.94813798   5.84988067  12.2128513
  -1.4358621   -1.74138237 -15.07471529 -16.67952218  -1.3662127
   3.64471682   2.6091633   -6.05971021][ 17.94637366 -23.747669    31.76909795   8.73954643  14.47284353
   2.54300381  -3.99396923 -18.60068696 -17.26357069   3.02857844
   1.67700225   1.42827402  -8.68119789][ 18.19769602 -26.0511895   30.65431242   7.53717122  17.1923193
   5.35749274  -3.39252685 -15.78997477 -14.71766621   0.49125406
  -4.07559219  -0.36512379 -10.99176431][ 18.1502298  -27.1023525   29.54688888   7.57969485  23.98083423
   4.82031034  -4.78249239 -11.83640774 -15.01680893  -8.30540722
  -7.96433536  -2.86749122 -10.04551804][ 17.98528017 -24.64857422  29.3742809    6.15255459  22.08155359
  -5.34874715  -6.55169933  -6.25564522 -10.02359193  -2.66045948
  -1.83161334   0.71385616  -6.71473196][ 18.21373733 -26.63557287  27.37946399   3.89567594  20.20117286
   0.7876084   -3.71889486  -6.11297871  -6.57545186  -6.25788888
 -12.97749271   0.56452592  -4.05459567][ 18.2551774  -28.45141224  25.07249399   5.50667464  17.89599367
   1.42840219   0.67312271  -4.87636557  -2.71156828  -4.02840429
  -8.81987321  -5.64881444 -15.37466236][ 18.19486439 -27.20265463  21.13583504   2.37700249  16.01582753
   4.95879792  -0.57732632  -7.49780605  -4.6493768   -3.48354043
  -8.92593039   0.53914893 -14.98769815][ 18.04121252 -26.70199574  22.97239295   9.11384156  21.16121316
   3.8685741  -10.24994624 -11.80249775 -13.39182696   1.25828805
  -7.53760562  -5.10302631 -14.06399845][ 17.86531032 -19.33981177  18.66057304   5.1837456   14.31175851
   0.72990035 -18.83830276 -21.77164269 -17.12942264   4.69795994
  -6.50504015  -0.58221129  -1.60770883][ 18.24106527  -8.17746312   3.24155421   3.04182893   8.23627004
 -13.02052601 -25.1889759  -20.89283185 -19.97709979   9.2433892
  15.84163423 -10.91776993 -12.75699312][ 19.6003461   -3.2594302   -3.29671384   4.34184329   5.98723185
 -20.54107979 -36.15787353  -5.04874888 -27.30697198  22.78373963
  11.56316703  -8.62095377 -10.70912808][ 20.39739697   0.33745517  -7.78577813   3.9618753    4.14338078
 -27.51495709 -44.61057815   4.93590654 -33.73937913  34.64198419
   4.75647456  -5.63675914  -9.07883586][ 20.85206255   1.4335492  -12.73344403   2.31438485  -2.54477391
 -28.76874389 -43.81087147   6.19119844 -30.62295713  31.95754319
   4.48624778  -8.13051698  -8.1060805 ][ 20.95369293   3.27580221 -16.76436314   1.67372547  -4.58199375
 -29.20716799 -40.37376596   6.10264053 -25.50005788  26.76083461
   4.23522572 -11.23853788  -9.37164684][ 21.03226033   1.91253642 -15.88213862   6.06993747  -3.96676414
 -28.45662652 -40.77693994  12.58407274 -16.65664818  29.18443169
  -1.04388346 -10.27142232  -9.43141265][ 21.00208015   1.95845571 -16.50809592   4.15303259  -4.15556336
 -25.72947747 -40.81045256  17.65749103 -14.9212991   29.458559
  -5.0213671  -11.67128763 -14.23944058][ 20.98609495   3.58599624 -16.87250651   2.45356059  -3.97676897
 -19.72655023 -36.97457401  22.47737801  -9.23165411  31.16667183
  -2.95964985  -8.67771554 -12.36398493][ 20.97904441   5.87427345 -18.40366058   4.59148608  -5.23119637
 -14.18417239 -36.86100169  23.10643838  -5.65330177  33.70507565
  -1.21342498  -7.83515157 -13.42607254][ 20.98849242   6.13377885 -22.18334599   1.49794216  -5.05952336
 -13.55475758 -38.79717559  19.97666824  -6.77082957  34.01245529
  -3.142365   -12.16500667 -16.84899359][ 21.02323784   5.50869051 -24.04899854   2.71959058  -3.90568755
 -13.3371056  -40.32397996  17.32239023  -9.08137757  35.8735749
  -3.01484203 -13.09770891 -18.28371132][ 20.88895311   6.71886092 -23.90530714   2.33172865  -0.90413112
 -13.58775741 -38.46227066  14.47450603 -11.56251905  39.40203642
  -2.39066934 -12.3153923  -14.62342753][ 20.67769054   7.3296187  -24.20198703   2.67888495  -0.59823149
 -13.91404965 -36.19521864   7.75502836 -12.72892537  38.48731473
   1.30186433 -12.64790034 -14.8566313 ][ 20.11451215   9.99564543 -27.50592871   4.01729978  -0.21853223
 -21.08648722 -29.08357535  -7.92705367 -16.15298769  32.22407562
   1.73351995  -6.80488629 -24.550231  ][ 18.81960307  13.07543464 -25.6187319    7.89792598  -0.0668718
 -16.50097425 -24.28636186 -13.04325418 -13.96193456  25.80637245
   7.26194709  -2.43787996 -24.1913107 ][ 18.58505907  10.98667873 -20.37931581   3.59566221  -7.65958228
  -5.12454572 -18.15528195 -22.66783542 -12.32427912  21.00688936
  26.90145092  -8.04609621 -29.2291432 ][ 19.90575847   8.17686719 -21.47903976  -3.854631    -3.61240797
 -22.7984447  -14.52547144 -14.29399091 -18.81656419  32.635916
   8.74328007   1.1246067  -33.60032864][ 20.33810459   9.87980291 -23.09571466  -8.89418405  -2.21217921
 -25.39370075  -7.14858297 -11.09797929 -22.77301179  31.45455911
   7.24810621   3.6304861  -29.46612244][ 20.35698373  11.84557935 -23.64489025  -8.74922308 -11.15812537
 -16.96387942  -4.800047    -8.46377944 -20.80054288  24.99615676
   7.10258732   6.27321097 -25.00101221][ 20.31298278  10.25045182 -19.74343202 -11.17917891 -13.31485845
 -16.62131432  -0.24453928  -6.66393575 -21.85926521  20.27392064
   7.65540887   7.64841839 -16.27956033][ 20.28332712   9.97894453 -14.65160489 -12.57912892 -17.38619723
 -10.62325181  -4.18299803  14.28695461 -36.97021753  28.29938084
   0.95546692   8.46042141  -6.17144695][ 20.23961275   7.19017897 -12.02638116 -17.1488508  -23.5835008
 -13.1478081   -3.93712425  24.29376163 -39.17799742  24.25084221
  -4.13945941   4.48590391  -2.99587597][ 20.22924635   6.26557023  -7.87179917 -14.21046168 -29.18275324
 -10.09463689  -3.62654164  28.81229664 -33.02248987  13.38411713
   2.45162485   2.40116138  -2.20797077][ 20.2161908    4.821708    -9.73980801 -15.81762093 -32.5761771
  -7.93194886  -8.27625298  28.09540384 -30.49097125  11.18854941
   0.56269782  -2.92183919  -3.83817687][ 20.20280951   5.38563107  -6.30048132 -12.93355337 -36.98245468
  -4.52951939  -6.13955322  26.77420261 -29.10766045   9.35166645
  -1.99758472  -1.45544287  -3.57695996][ 20.13979909   4.49354172  -8.69652483 -14.43894519 -35.06021614
  -4.34877772  -6.10553028  25.46977057 -25.74887151   7.8699214
  -4.6840769   -5.76700533   0.36065634][ 20.10515276   6.48613572  -6.04638376 -12.24123335 -34.29759735
  -4.22982232   4.7244519   39.16248166 -30.40514548  16.8031703
  -4.53622165  -2.70620155   3.70737215][ 19.89000798   9.50564887  -8.4338475  -10.96841566 -32.23717804
  -4.21278431   5.63693543  41.69590034 -29.27507883  17.02228205
  -6.01601779  -5.33325635   6.50121267][ 19.64764104  12.27533957  -9.95173579 -11.16362242 -32.5950893
  -2.11830738   5.7416495   41.8085566  -27.84624238  16.35116672
  -9.35536602  -5.53260332   4.79077236][ 19.28469134  14.76501222  -9.76562748 -11.15436725 -31.66286746
  -1.60161424   9.95311687  37.0657304  -21.84334786  11.40125589
  -8.58315832  -9.51866206   5.93114545][ 18.83873652  16.78303389  -7.89739602 -11.157407   -29.72986905
   1.21565113   8.49098856  36.52197726 -23.55497443   8.60163733
  -9.36713928 -12.11982934   9.14991743][ 18.25573269  14.0202194   -2.47915241 -12.59030814 -24.52959823
   3.27657028  10.24068692  34.61741672 -16.98578022   5.36149665
 -11.64743019 -11.73739261   3.6447236 ][ 17.4061678   10.99694246  -2.3117411  -15.74452927 -18.0786022
   8.53248725   2.4231612   26.20318202 -14.45010062   0.81875091
 -13.94284281 -17.88184351   2.09821452][ 1.60587581e+01  1.13789274e+01  8.90918053e+00 -8.50237412e+00
 -2.96402694e+01  6.31473186e+00 -1.29171023e-02  2.27664009e+01
 -2.69982417e+01  6.48790064e+00 -9.19415069e+00 -1.58337660e+01
  6.82999043e+00][ 14.80680933   7.33682335   6.35992263  -1.0349705  -22.17024965
   9.25717398   6.67496241  27.15249316  -8.67889187   5.10952226
  -4.90237984  -8.28270583  -1.75831011][ 14.41237906   2.77023203   1.31914669   2.13983172 -20.2408379
   8.40447917  13.44411828  21.95560186  -1.20080493   6.46481197
   0.43294572  -4.18441608  -2.29591141]