[  9.60490421 -12.62084906   5.66061098   2.80139398  -6.51862213
  -3.04842282  -4.510291    12.34266447  -0.22835091  -1.43660277
  -0.7279388    6.14242885  -5.82450525][ 18.94612106 -32.38218096 -11.58682485  22.87231217 -18.12324064
  -3.69585144  -0.50559645   2.80685939 -20.06232944  15.29237436
  -2.35053985   7.41179701   3.18917233][ 20.4528103  -37.99740869  -4.0169479   17.24917855 -22.33110506
   3.75465208  -9.11074798  11.04939391 -22.55436024  15.33405145
  -2.62188024  -3.49720108   5.02237212][ 21.00841621 -38.7758722    0.78535031  14.77342391 -24.28741785
   8.66283251 -14.04923179   7.46829223 -18.46263684   8.32743676
  -7.04207085  -0.58290806   7.82266792][ 21.23110928 -44.91747796   6.56969967  20.52543529 -27.73483166
  13.27667313  -5.45474613   4.0721513  -19.57211738  13.04485307
  -5.1356999   -8.33982535   1.70904621][ 21.42911668 -45.93788563   7.70720842  17.61201411 -22.87129219
  14.43975886  -1.04635764   5.40614338 -19.73892564  15.9538312
  -3.45232021  -7.244938     3.91133481][ 21.58146037 -39.56750523  12.32016628  10.40967286 -25.68404378
  14.17470365  -7.33958066   6.32287361 -17.99148231  12.05635119
  -9.36787367  -1.60279347  -0.28254483][ 21.44651246 -65.83326849   8.01710361  12.0232247  -25.58924853
  12.39678868  -9.64554079   4.87367719 -15.00804486  23.55232233
  -1.07353346   2.32777324   8.60053053][ 20.90738488 -52.65731076  14.59967392  11.35918573 -22.6636492
  11.7380256   -7.3470528   13.62537636 -16.1225836   18.1378375
  -9.60745248   6.03097956  -2.36260191][ 17.77627018 -46.05718297  15.68091134   8.33738096 -14.5821937
   0.1843774   -1.28803092   3.1344553   -4.42139198   4.09342783
  -6.33462081   7.8747179  -12.90416597][ 14.43602544 -33.64681804   8.16715764  18.18242902 -23.16453807
  13.87162558 -13.91907755   6.48354135 -14.92725775  16.17117124
 -10.7246666   -0.44258312  -2.18364166][ 13.87144022 -31.39711342  10.42935874  14.93115604 -28.21538032
  11.89902443  -7.22189171   3.73025372 -16.53750783  15.19056245
  -9.90268369  -4.22608067  -4.85573785][ 13.39709316 -32.25155357   9.71383934  16.03050738 -30.22458417
  11.04981661  -5.93039818   5.42676055 -18.19270831  10.73608984
  -8.41616067   2.60186765   0.23179473][ 12.88164559 -29.53689882  11.06032522  18.21446987 -22.11302873
  10.7053208   -0.71742361   8.75347943 -15.1960668   14.4305004
  -6.81098688   0.92142607   1.07976677][ 12.36973427 -25.67706155  11.0633974   18.90707341 -18.44543147
  10.36456644  -2.25425138   6.10487014 -13.34880558  17.83393049
  -3.64669363   4.13553715   2.09447374][ 11.89275995 -22.54788083  10.19805     11.84739373 -18.86909198
   4.93943774  -8.586856     8.87555141  -9.5472931   15.64112254
  -6.56794742   0.68097165  -4.33652881][ 17.47541387 -26.27584087 -17.88447754  19.08453044 -25.29964427
   0.34077957   1.88779584 -17.6551204   -3.62792142   4.73897589
  -6.13933907  11.69574153   8.05476224][ 17.78684234  -9.22786922  -4.54926679  17.47280841 -19.96591931
  -7.66015345  -8.27272453 -23.5162987   -7.50061094  10.67734749
  -8.67847996   1.40593726  -8.81509036][ 19.50566477  -6.63782853  -8.84437263   6.58027437 -18.42216694
 -20.15509967 -20.82086856 -13.7380099  -20.97627298  31.62819479
   2.14085058   2.79422008 -19.37743654][ 20.41225448  -4.89283549 -13.61177534   2.77911474 -14.68279647
 -27.71908859 -29.45964756  -5.55476843 -25.67892855  38.04532444
   3.36382209  -7.69450485 -19.75949615][ 21.14439273  -4.56647273 -17.17743017  -1.46721397  -8.78191613
 -28.74051699 -17.58442057  -1.18290184 -14.30360005  26.22370207
   1.17700298 -12.72821087 -13.45681452][ 21.39175688  -4.51418406 -18.30116759  -0.39688194  -8.72172918
 -28.13976718 -17.83996826   5.18840297 -14.74456975  34.26947961
   6.46271076 -18.33627879 -10.73169861][ 21.57390289  -6.77973611 -21.28388719  -5.06110327  -8.12933271
 -31.32923427 -17.1362972    1.34938149 -13.94319224  27.3524742
   1.83132884 -24.14571679 -12.60046283][ 21.62089532  -5.11905318 -19.05812704  -2.37388887  -4.15027425
 -23.31119112 -11.93364242   7.53561346  -5.01065665  32.53531191
   5.08346965 -19.3307358  -11.30164333][ 21.75153341  -6.07685398 -25.09568631  -7.81349866 -10.13715394
 -30.43473908 -11.68672743   1.36997681  -2.82883467  26.57118869
   6.2418202  -25.18157827 -10.85548493][ 21.68599915  -3.05340006 -23.79463353  -3.91308005  -7.8048992
 -25.47241096 -12.68018757   5.16262052  -1.90389788  22.7776489
   5.08881009 -23.44323725 -10.30564451][ 21.57099619  -3.40427654 -23.22107651  -5.79161888  -7.49623615
 -28.06673735 -15.04122471   6.52257406  -2.8665542   16.69749552
   1.14830962 -23.45726715  -7.56741603][ 21.52889604  -4.81759422 -21.89459095  -3.95329205  -8.6917604
 -28.71753559 -16.62093423   7.51462807   1.08483855  23.63078821
   2.09112081 -24.37899648  -7.49536589][ 21.39649598  -4.67104587 -20.71275262  -2.42643236  -8.15662355
 -28.96332569 -18.05522099   5.32108485  -0.30032745  20.25073926
   0.90057307 -28.10596736 -13.87284581][ 21.28417068  -4.72844452 -21.96934502  -2.12064269  -9.64960123
 -29.15114778 -19.45386236   6.14830999  -2.25959015  23.26989737
   2.44028726 -21.83758281 -11.18502299][ 21.04736939  -3.59568429 -20.9157797   -0.68840217  -9.89296136
 -31.05425729 -21.04683638   0.0477622   -5.67617138  21.36660366
   4.11683494 -22.68591293 -14.36971833][ 20.88298874   0.09599626 -25.34068275   4.5355074   -9.40289328
 -26.46840246 -24.40814295   1.18896423 -14.67659275  31.02436624
   0.37796224 -15.22996193 -11.41175424][ 20.19664543   2.69310435 -23.67881352   7.05105541  -4.95215078
 -27.89352902 -19.62265465  -6.82245856 -13.71275488  30.85774989
   4.56242942 -11.40904645 -11.52441586][ 18.87842391   6.7296442  -25.98708435  15.79773321  -3.78566477
 -26.23824715 -17.98284497 -26.37475644 -15.89828069  23.09324548
   8.66782447  -2.90163986 -12.41223167][ 18.93757471   3.13065638 -25.36154839  21.23399847  -9.99670986
 -21.99519    -19.18559284 -19.92006936 -21.83581031  22.19630989
  -5.84111393  -6.26314182 -10.16260274][ 19.82111039   2.81972001 -27.31450346  19.385192    -9.03389393
 -26.16668056 -21.75830057 -18.5468379  -16.73579366  21.89210543
  -6.12482244  -4.9656752   -6.66790318][ 20.34899003   2.56801187 -26.95959798  18.2733428   -7.87766685
 -28.86183523 -24.81751106 -11.80828756 -16.23153635  28.18653437
 -10.44564651  -0.43330564  -7.31311257][ 20.61731484   1.54793159 -25.72225494  17.99491341  -6.58158948
 -29.66442503 -28.71710353  -4.19590013 -14.25222095  31.36321596
 -13.69439252   2.2705538   -8.36471437][ 20.81392069   0.59612117 -21.7105784   18.17547355  -0.64794466
 -29.33568861 -26.73553992  -0.93637906  -8.99108481  34.63650315
  -8.56106574   4.98229985  -2.2153324 ][ 20.93928767  -2.93668791 -20.04729837  14.6550997   -0.71077963
 -32.66914709 -28.61471791  -2.98717661  -6.72010881  32.17278648
  -9.71954588   0.84103099  -2.52201593][ 20.98404928  -4.17451406 -20.43421706  13.38499901  -0.69742936
 -35.14990748 -32.18948154  -4.34792711  -8.16718135  29.42984429
 -12.91128496   0.38459204  -2.80263988][ 20.94858101  -6.24131383 -19.29885774  11.98228555   0.23610473
 -38.64537178 -34.29070465  -6.41596769 -10.16168175  27.4706207
 -16.71979011   0.38136401  -1.79170794][ 20.84526559  -6.69030943 -18.31042663  11.90742206  -0.13480453
 -37.95172072 -34.49290432  -3.51727027 -10.75002365  26.98256169
 -14.04629404   3.33303204   1.48988719][ 2.07785949e+01 -7.92575803e+00 -1.75098669e+01  1.32692941e+01
 -1.34148010e+00 -3.98284496e+01 -3.75599260e+01 -4.50559496e+00
 -1.21928839e+01  2.78051619e+01 -1.22986641e+01  2.67910546e+00
 -3.05411082e-02][ 20.79624539  -6.59450661 -16.01315091  16.86957428   1.31096574
 -36.68815995 -35.23457264  -1.52159369 -10.98915243  28.79659551
  -9.52986266   6.3712984    2.38558676][ 20.53767861  -3.83583923 -14.96386585  18.45843258   2.31221373
 -34.96434461 -33.12700795  -0.68035142 -11.82260403  26.36509999
 -10.90952271   8.2766443    0.89881943][ 20.41466411  -4.35560042 -17.59613075  10.14047689  -4.0174451
 -37.73806553 -33.57133588  -2.00283312 -15.48997723  19.03718201
 -12.4986886    2.73921895  -3.47617804][ 20.12400483  -2.62919408 -18.03395892   9.65427516  -2.28910107
 -37.91230102 -33.4193798    0.64950801 -15.69301699  20.52061819
 -14.15371055   1.22813284  -1.1107007 ][ 19.68603472   1.01276104 -17.8804821   11.30617484  -0.44375768
 -33.02638432 -29.79048413   9.50666401  -6.13198059  22.68663883
 -10.70937674   1.47487477   1.42603958][ 19.08932426   2.40294392 -17.51828519  11.21105177  -3.38336504
 -35.26312798 -31.29910981   9.51700687  -5.40877974  16.79768846
 -16.19219521  -4.02154825  -4.84921029][ 18.60728493  -2.51991598 -14.49182676   7.48548864  -6.47373442
 -25.26654622 -24.52101477   5.80074319  -0.69128097   7.1576372
 -10.88845729 -15.01656724  -7.4120932 ][ 18.02602273  -1.00371136 -16.04022764  11.68698266  -9.74851831
 -17.9652887  -34.87364191  14.48199767  -5.73199869   1.56209621
 -16.80199511 -18.24941425 -10.00370901][ 16.86595636   3.55810905  -9.94160722  10.7050458   -5.60126007
 -11.36671394 -32.39838875  15.38395296  -2.68398469  -4.67805451
 -11.44098151 -17.75683744  -8.35651715][ 16.07617189   1.99063956  -3.98394584  22.97784631  -4.29882349
  -5.13042622 -21.60326992  14.90771938   4.6752698    6.02978208
  -4.45932513  -7.22012237  -2.91042426][ 15.13417438  -0.77757844  -4.10590671  25.32192294   2.43152145
  -0.53803356 -12.87683072  13.69216396   7.26277315   5.23214733
 -24.2852465  -21.86366343 -13.02306902][ 14.18974955   0.67749203  -1.36887528  23.50268691   2.8362919
   3.66174201 -16.34544583  -3.0231231    0.79976589  -0.775124
 -21.8671058  -14.13640948  -9.38389339][ 13.42231647   1.50312835  -6.69819261  20.86203645  -3.36463451
  -0.4690634  -16.59048896   0.74791383   4.56361151   6.71189744
 -21.3182897   -8.96854046  -6.21791803][ 12.72690414  -0.75448219  -9.23094594  19.29337682  -5.51150505
  -0.87599481 -18.11132992   4.45615522  16.44099141  16.42115118
  -2.72339253   2.20628859  -0.17699162]