[ 10.77588229 -15.88212637   1.98403143   9.55427518  -9.15741226
   6.38960999  -5.40622915   1.20193722   5.33730477 -20.97102763
  11.14952692  -6.08278363   6.44974843][ 12.15336169 -22.42335544   3.21073881  13.09819286 -17.75979894
  12.21285333  -7.29500535  22.05528379  -5.96119715  -5.05974107
  10.75476018 -20.10429504   6.96854524][ 12.2513177  -21.60310621   2.00744627  14.14002435 -13.58562714
  10.12969802 -14.02442351  20.50992738 -14.81168765  -1.42883783
  23.9230678  -17.47768228  12.11221025][ 14.73813589   7.80456754   8.88251287  -2.4830284  -27.8733562
   9.21241666  -6.70860567  18.55272856  -4.54030664  -1.81353743
  -2.96018019 -12.52186759  -9.6528433 ][ 18.59165916   8.78289995   0.74294387   2.02608268 -54.4124202
   5.79960383  10.57559478  23.26704938 -11.43722066   3.18436209
  -8.04997891  13.93952172  -3.98757412][ 20.15591659   0.95811917 -12.24613338 -19.25645094 -36.83882804
 -11.51142328  -6.33839786  -1.68048978  -4.96010881  -4.8438598
  -6.72736396   7.68684354   0.61386611][ 20.57559935   0.28018397  -7.91120332 -12.70116549 -44.51149661
 -15.20622939   0.25141271  10.7904292   -5.43917125  -5.48681928
  -9.16683557  12.32994249   4.95785045][ 20.69918977   0.65113275  -6.22832791 -11.85503896 -44.57570593
 -14.13808994   0.53210264  11.50426702  -7.97870121  -5.57909258
  -9.02438929  12.42005081   3.80880914][ 20.536007     2.69522364   4.81405108  -8.99653589 -54.77649625
  -5.90753973  13.66424228  15.06147281 -17.49576097   7.59064302
  -2.91010449  12.38276138  -2.71265863][ 20.61165715   1.54111971  -0.63477152  -6.0871867  -41.78625983
 -13.08586468   3.78796215  14.53468448  -1.7290248    0.99592344
  -7.68510244  13.59424      3.47616881][ 20.83511023  -0.75148796  -8.33827494  -9.32552171 -41.60684408
 -19.27353585  -2.72197554   0.53180501  -6.92657795  -2.9729682
  -9.54243219  13.26337486   0.2118415 ][ 20.98213308  -0.74330861 -10.38054453  -8.63894797 -39.84544856
 -21.56008057  -1.98368241   4.09723064 -15.40130689  -5.44941093
 -12.01655385  18.89514059  -2.63705684][ 21.01241328  -2.01770463 -11.43465069 -10.35315349 -37.10311207
 -20.57710505  -2.06880229   6.25401857 -28.27070747  -1.72756605
  -6.33122392  19.3291537    0.61866814][ 20.84940407  -2.19502765 -12.58813531  -7.20264794 -32.26642983
 -15.76711569  -3.66010604   4.78549895 -31.43383225   0.3114788
   1.89861017  17.39514441   0.08022169][ 20.30674295  -0.87185603  -8.37833021  -2.59857417 -26.99898779
  -9.08650708   1.83715534   7.21414733 -28.92088611   3.33012311
  13.01490423  12.63213712   2.28584326][ 18.82995389  -5.91495505  -5.62023596   4.24390462 -30.43185552
   0.98225886  -2.66664457  -2.45041325 -24.44907744   1.47941148
   6.10007427   5.02673568  -9.1435807 ][ 1.98088203e+01 -2.23629227e+01  1.20721427e+00  1.57440537e+01
 -2.37605896e+01  1.53241439e+01 -1.57482025e+01  1.06869380e+01
 -2.20551217e+01  1.62408643e+00  1.65971815e+01  7.49724468e+00
  2.20984235e-03][ 20.80923368 -36.1569416   -2.67227403  19.43234365 -26.76972706
   6.83463525  -7.58682375  26.39915685  -2.81254483  16.77621457
  25.61133026   9.41329741   4.56782118][ 21.48470266 -38.64369521  -0.94949943  23.68889255 -25.04824933
   6.62979632  -9.46980817  17.52937382 -11.87756497   1.78751175
  13.47056556  -1.20490171  -3.8613214 ][ 21.68017416 -39.71657361  -2.80721549  29.14408836 -22.30808029
   8.34535238  -7.21529269  14.77874189  -9.45255106   2.86080161
   7.0155249   -1.02235827  -1.00773675][ 21.68921958 -41.49016324  -2.3983118   32.15232452 -17.90768966
   3.90546388  -8.50746015  17.18060537  -5.12167942   7.26155066
   1.40224561  -1.08054709   3.51940377][ 21.82411049 -36.30086042  -2.49827366  26.10985053 -26.02584048
   5.30190058  -5.31586759  17.745715   -15.04877216   5.07014197
   3.56086587  -5.10824716  -1.66685865][ 2.16585866e+01 -3.99207617e+01 -2.58908467e+00  2.83499545e+01
 -2.24060738e+01  3.93357772e-02 -1.37583059e+01  1.58785362e+01
 -1.38368528e+01  1.05877616e+00 -1.31095179e+00  2.02369193e+00
 -3.86465698e+00][ 21.65555132 -51.33881518  -7.75917705  32.46062999 -18.37247517
   6.44163391  -8.40000452  26.04503209  -1.52155326   8.7371852
  -1.86217987  -2.59439565  -0.39145766][ 21.48272128 -39.90997339  -6.14424611  27.34012587 -21.45709491
  10.44663432  -7.56082851  15.49295216 -10.11564875   7.46768622
  -3.06245671  -1.47470184  -0.33233985][ 21.25554397 -42.61015718  -9.8973094   33.06988976 -16.85559542
  11.34300705  -9.50403239  12.79692965  -8.14172757  10.47594751
   5.49957914  -3.40543644   2.702925  ][ 20.50159235 -37.78817034  -7.52822462  30.07237662 -13.73826245
   2.09850803  -2.54486729  13.77816349  -7.64907539   8.77347446
   1.10274582  -4.88998192  -1.53049975][ 19.62838932 -14.51349046   1.87981927  26.31159209 -13.69805734
  -1.63848709 -10.65369523   9.37829392 -14.29704019   6.38665883
   8.90407559   2.68931394   1.38829475][ 20.13360995  -2.39919019 -17.77863772   7.50483665  -8.20036615
 -25.3661402  -31.37342123  -6.17724452 -16.05579175  10.67258955
  -6.43415872  -7.03180695 -21.19073308][ 20.84565424  -2.56627086 -18.23298802   6.67328468  -3.87808828
 -30.9852148  -33.81241931  -3.47710797 -19.05036925  20.48084771
  -5.35095501   5.89738662 -11.39894536][ 21.23048841  -4.12166509 -18.12552877   7.33228831  -5.67520654
 -29.55450592 -33.50601002   0.59998263 -17.11502865  29.3707826
  -4.93817252   5.16298945 -10.4238424 ][ 21.45607296  -6.88210271 -20.45796625   3.84190087  -7.60538964
 -30.98276844 -35.42599488   1.79475766 -16.80382706  29.37378418
  -8.19153458  -1.1767225  -18.41290175][ 21.50847992  -6.35826248 -21.33116855   3.23968785  -3.42515987
 -28.41060112 -28.2614829    8.75090047 -11.18976832  34.4750747
  -5.26851061  -5.75088574 -19.75339143][ 21.45623047  -5.69093301 -23.05187561   3.22822505  -2.89005075
 -28.70942546 -26.8401663   12.96720017 -12.26051502  37.03047364
  -6.6884662  -11.19441655 -20.83729   ][ 21.34916421  -4.94289887 -24.882067     2.47550653  -5.00039796
 -26.35604743 -27.52976879  13.46567663 -16.061962    33.38755173
  -8.60304574 -17.11332378 -23.87007378][ 21.19452513  -3.85485241 -24.91941515   2.98577625  -6.41703246
 -21.73442402 -23.59448497  17.05167871 -15.20721331  34.52651123
  -6.60102346 -15.46303355 -22.89477006][ 20.99756451  -2.24177604 -23.2311201    2.4763598   -5.78336486
 -17.68822567 -20.75864822  18.72362067 -16.96003802  34.97095297
  -3.63349041 -13.90822301 -21.6875345 ][ 20.56146622  -1.04045115 -24.48857343   0.16545906 -11.63269469
 -20.26650324 -20.53735909   8.43227249 -19.47279792  25.24725939
  -6.36797403 -13.37726398 -24.12076218][ 20.26620961   1.44106445 -24.49513153   0.54714937 -13.88030689
 -19.17732586 -13.71358149   0.30798503 -21.77896038  19.46897323
  -5.26763553  -7.83939531 -18.51491944][ 19.68566462   3.44074855 -24.7604676    3.08369117 -17.94840184
 -13.81148621 -11.47908138   0.92897674 -31.9139493   23.12157889
  -7.3910473    3.90650463 -21.61572532][ 18.76465174   4.95935141 -18.72692725   7.4066101  -12.00119551
  -4.3901909   -8.8129422    0.21996166 -35.89074113  21.18584795
  -5.64696316  17.58535223 -15.76740073][ 17.43354824   6.64914297  -6.73043505   4.69204946   1.89576069
  -1.75551851 -15.46574585  17.49319101 -59.3719827    7.7958313
  -1.98025098  19.83261148  -3.35744168][ 17.63086044   5.79320332  -4.62488046   5.84877748   7.93652179
  -4.64357143 -22.55868344  12.85312269 -65.41983446  10.95149308
   1.81976822  20.94897762 -10.19223155][ 17.94690166   2.14345078  -3.62656368   2.0881573   10.56034008
  -5.77020905 -17.2136449   16.51803406 -63.8435124    7.91688905
   3.51031351  15.55993054  -4.97544027][ 17.99745774   0.11450112  -5.44257687   2.17722924   4.6718165
  -5.30621509 -24.54359306  10.9796969  -68.45401188   3.37475671
  -3.57459335  17.03089609 -16.02081875][ 17.93723118   0.06810959  -3.44692584   2.57604469   6.13106296
  -3.39592361 -22.71361452  11.71601946 -66.16255335   9.20434655
  -1.14974534  16.57808179 -12.32025535][ 18.01877055  -1.95971756  -4.16819196  -0.6721898    3.17670046
  -0.73597896 -23.01868245   9.76674744 -53.18011485   6.52560787
  -3.46902791  10.61508424 -15.55987585][ 17.8790046   -3.20372257  -4.62357224   0.6332956    0.47555561
   1.6307774  -20.64129789  11.00599367 -60.68379837   5.38469391
 -10.00086966  11.15167116 -16.48580278][ 17.46316778  -1.5898056   -0.60520382   2.17995869   2.57735432
   1.30790323 -20.73072482   9.98336619 -65.66998769  11.50458997
  -5.16623841   9.73175254 -13.85645823][ 16.91444846   1.0945756   -1.40864934   6.97454335   3.8334149
   3.34824371 -25.45274129  12.80782336 -65.66736745  18.01894162
  -7.53599667   6.80946518 -11.29593209][ 15.84348091   4.8833572   -1.2986909    7.30721081   8.512639
  -3.01720565  -7.30075697   5.61388753 -48.72019922  10.83793801
   5.15696675   6.13821301  -2.68672597][ 15.05625679   7.56764102   0.69926199   9.11625937   1.5289611
   5.67136003 -14.1368858    4.09855198 -52.34163613  10.76423323
  -1.22901264   7.48164418 -15.23889679][ 14.64390661   6.5211422    6.9864985    6.97404264  -0.96789375
  12.68333351 -18.74623231  -4.22119281 -51.95582517   6.44860792
  -5.71046283   2.70210755 -11.4289447 ][ 13.94883561   3.39839342  10.65063806  14.33318345   3.86369081
   6.665004    -7.01260668   2.95814554 -33.75085386   5.44048183
  -9.24941677   2.41214805 -15.05447783][ 13.64737138   2.22377928  10.25623099  18.93413907  12.39787346
  16.95692964  -6.69996335   3.97210866 -23.54915383   4.24439577
  -0.41291477   4.10315855 -12.91310035][ 13.5479686    3.54177702  11.13130941  21.10974498   8.19662789
  18.73030613  -2.79852953   6.21171683 -13.97140412  -3.19967301
  -6.07027806  -0.47369805  -8.47273266][13.52818427  3.8489119  14.78866463 22.92268393  5.37632942  8.79030582
 -5.06596424  3.35232083 -8.80695398 -0.31870108 -2.33787802  3.74641446
 -7.40435538][13.69848792  6.24857326 16.93719375 21.96333715  3.75101821  4.29247731
  0.143943    9.33773886 -3.03971004 -4.92128641 -4.55624858  0.57652654
 -5.48769805][ 13.61980118   6.30596904  17.13269132  22.35583696   2.3721182
   1.56310178   1.20004367  10.16168134   0.03789214   5.09709507
   8.93400525   3.96430959 -13.22413141][ 13.45317798   6.33299458  16.42450477  19.92220359   1.63883902
   4.7114163   -0.3730616    8.6330705   -0.81229369   1.65303411
   9.41598937   5.92867588 -11.21934188][ 12.40831348   4.30600466  13.70431649  19.89148221   1.95829778
   3.8616069   -2.94573245   5.2693397   -3.5401679   -1.65472783
   4.79340339   9.10197186 -13.85963067]