[ 15.28857403  -9.50456925   5.49230644  31.70167513  -1.44632863
   4.21982194   1.95368554 -17.53682192  -1.63391202  -3.60622994
 -12.19665311  -2.12876389  -8.92871913][ 15.28130549 -11.23315676   6.26606857  39.96822688   5.98150275
   9.44010591   0.89512115 -19.60643216  -2.01904994   0.39978721
  -8.46083022   0.42696879 -11.79031249][ 15.35775387  -9.56326125   8.90124587  42.44925445   6.84137964
   7.36385123  -2.90860536 -23.23004087  -3.94931944  -0.11344695
  -8.69777849  -0.35790695 -12.22032097][ 16.43537309 -15.76080795  16.006006    28.67395475   0.73890874
   7.02020933   6.72214795 -21.16222057 -17.26711308  14.99188154
 -20.16896487  -0.39275832  -4.72272685][ 18.40112154 -24.68544492  17.44090433  28.18341352 -10.8683991
   7.54901847  -4.79517371  -3.30779718 -15.38019098  12.36384478
 -17.97726285 -10.37163335 -10.81077421][ 19.19243496 -26.26159528  14.93361708  27.51547306 -14.45875471
   5.27365871  -6.94224552   1.18605661 -13.58955426   1.2709714
 -20.9200504   -4.4057127   -5.10173789][ 20.1478087  -30.72218248  14.64944747  33.23364487 -13.57599264
   0.4644303  -10.12736103  -8.40302802 -18.1562774   14.02314449
 -16.72767681  -7.30121158  -6.17417272][ 20.3204359  -26.66772871  12.37978232  30.33612706 -11.84896383
  -0.51333095 -20.53568158  -9.52946518 -16.80865691  17.19245732
 -17.60634837  -9.15798548  -1.47546268][ 20.32158708 -18.89455522  -2.02220197  26.50839435  -1.69143585
 -17.72239909 -33.99663985  -4.67151353 -12.49332469   6.97961673
 -14.01448704 -12.93462549  -4.99905929][ 20.78290792 -10.2413075   -8.16033056  33.71155837  -0.05045609
 -28.48378735 -34.75300602 -15.97153039 -18.06691187  13.80293002
 -10.76131867  -4.62474316   1.55845537][ 21.36167845  -7.78546259 -14.7348755   28.5241355   -8.56101116
 -38.12821225 -40.16462336 -14.33278774 -31.35453017  19.77201406
 -18.86717738  -4.8749065    2.13607953][ 21.9087245   -9.04410861 -14.36830312  24.77080444 -11.2146292
 -41.11076058 -39.08132095 -11.59727454 -29.34079326  24.36679622
 -15.90412923  -3.85732227  -1.33996951][ 22.40028684  -9.11519472 -14.9777362   22.35993766  -9.34992902
 -38.68712623 -30.28124221  -5.65782991 -21.33235517  23.490171
  -9.560401    -4.51241673  -1.82166873][ 22.37527526  -9.3032398  -16.1455405   21.13542415 -12.16424791
 -39.38213992 -28.5626812  -10.63530309 -16.47236019  22.48127696
  -2.90222426  -7.29973388  -2.79641728][ 22.25663009  -7.07853526 -18.32366186  18.7152856  -13.44861048
 -38.83957508 -29.42122397  -5.9286849  -17.2057314   20.28465123
   0.29309198  -9.87534424  -2.61798846][ 22.21547065  -7.54457728 -18.56453487  18.23326766 -13.3186966
 -37.90464873 -32.16126921  -5.02517363 -16.57720021  20.01611405
   1.37422986  -9.74475101  -1.41668255][ 22.23203441  -5.24913256 -17.2806422   22.81145992  -7.17070961
 -29.35702722 -30.15140816  -3.46402247 -14.39274243  22.04686191
   4.62798423  -2.41726789   2.07069818][ 21.72218232  -4.52959971 -17.6400173   22.42089774  -8.80672178
 -30.10757623 -31.19822734  -6.72750478 -14.94144258  19.79714421
   1.90064527   0.42139224   4.56179869][ 21.01307531  -4.84917844 -21.62179277  16.77653595 -10.51818327
 -34.68996192 -34.10729457 -12.68261091 -21.75689692  12.4008602
  -7.35163813  -7.06993072  -3.49256839][ 19.93996122  -2.13656271 -19.48067012  19.62730483   0.86346738
 -22.39237253 -23.54212202  -5.32583722 -19.10450028  16.09429605
  -0.26441562   0.70810919   2.75331184][ 18.49736536  -1.37573523 -18.59364417  24.04498275   8.38659243
 -14.51064266 -15.58622354 -10.47137725 -27.65138117  11.94986819
 -10.64060657   1.11788231  -2.56938363][ 17.46752914   5.99633683 -17.021131    26.29601971   6.86778945
 -15.93934548 -14.24220953 -10.41023852 -16.86353452   8.02599999
 -10.05836161  -3.9181042   -6.76706453][ 16.53901852   4.65366214  -6.08008806  24.62997883   7.38504262
 -12.27263325 -10.59707227 -14.7458128  -21.32646594   2.51159988
  -4.07655962   0.02493149  -6.91294574][ 16.33104551   4.58048847  -4.28018731  24.27109586  11.90107836
 -19.08652813 -13.77110929  -9.65498007 -17.56025056  -3.36229055
  -8.9231985    3.58473678  -2.65980566][ 19.15715977  -5.02057239 -15.64815313  25.98992603   2.57318293
 -28.75465788 -31.17650693  -7.53798986 -13.92954374   3.27829787
 -14.27037514   8.3721808   -3.24438161][ 20.92252803  -9.02848541 -16.48022854  21.95542477  -3.46420755
 -32.20124415 -29.36734005  -8.6374417  -12.39887184   3.83707593
  -9.30276437  12.9969859    3.0395179 ][ 21.70600594 -10.01490163 -17.37817531  24.56163057  -8.57849543
 -37.2976013  -35.81400511  -5.30936249 -11.53140521   5.51096857
 -10.90256009  10.8763779    4.46834776][ 22.04260129  -9.76744566 -19.46967181  23.84915062 -13.95488504
 -36.01943719 -38.48651398  -4.41197617 -12.76128707   4.9807073
 -11.85766448   8.35731469   1.12397174][ 22.18415975  -7.64337248 -15.45978174  29.30288329  -7.90477553
 -30.58563783 -31.59841947  -0.43787858  -4.64216629  11.78653982
  -6.59236748  11.91311031   4.58956185][ 22.35007949  -9.36701848 -18.76396375  24.01930476 -11.3585701
 -33.77296509 -35.51609824  -2.19033221  -8.25964251  12.00616718
 -11.82130075   4.31274539  -2.64428734][ 22.28390405  -9.3393248  -19.70308442  21.25000298 -10.8277273
 -33.40357003 -35.01152329  -0.25920257  -8.61847375  13.84318888
 -12.43301346   5.02889219  -0.88884057][ 22.35121502  -9.64145329 -21.11857844  20.12637875 -12.28372512
 -33.63849867 -34.42925784   2.40921273  -9.25389971  13.98397691
 -18.28387139   3.10809204  -7.03877079][ 22.42634931  -9.997144   -22.05281842  18.75942098 -14.17982734
 -34.03395445 -34.97584731  -0.56851683 -10.58909508  13.48001929
 -20.03648585   0.21160717 -10.8561797 ][ 22.42891854  -9.60273486 -19.75689981  21.76029912 -10.75957599
 -32.71707195 -32.98374579   6.9998336   -3.46686311  19.52578283
 -16.67657979   0.85220665  -6.76428073][ 22.33349273 -10.51054735 -21.11611432  19.78868966 -12.35564821
 -34.84225586 -37.47142593   6.18823685  -6.57961186  17.24819896
 -17.30715873  -2.31734981  -6.31298658][ 22.1519088   -9.45878772 -20.78691137  19.57792224  -9.42928542
 -32.12516864 -35.02855228  11.21173737  -5.65588339  24.28270954
 -17.09110797  -1.32385658  -5.04430411][ 21.85517992  -9.37149701 -23.01896616  16.66922872 -15.00013468
 -24.8075939  -33.24283994   1.9349243   -7.8326966   18.53304589
 -15.79775121  -1.01945318  -9.61642714][ 21.46261433  -5.45424333 -16.71837304  23.37183175  -6.86026673
 -23.21809914 -30.37190353   8.86071819  -7.90528616  22.70761912
 -12.77318135   0.37565771  -5.07729353][ 21.1566864   -7.15075281 -14.06067148  20.52343644  -4.8294702
 -27.07620212 -33.94873828   5.59657028 -11.0701094   17.83939821
 -12.13198932  -6.71440942  -5.31094408][ 20.58583776  -8.02366813 -13.94920288  18.60315107  -7.76976585
 -29.72010013 -38.42273892  -0.89251125 -19.11302166  11.29418284
 -18.46904087 -10.13492236 -10.71318766][ 19.72440129  -6.27853461 -10.21417303  22.27795546  -3.90112222
 -24.2100854  -35.71820195  -3.97393579 -19.24746899  10.74990196
 -18.47952474  -6.36777623  -9.67930643][ 18.37762225  -1.51754062  -5.37121386  25.57990376   5.1713742
 -18.95493849 -31.56328681  -5.8583369  -14.69470034   4.11677513
 -19.88655116   1.11908717 -16.32087842][ 17.52382254   3.86324959   5.81957292  24.33651632  10.75098469
 -27.6711916  -33.6038691    3.86087108 -24.38857656  -1.2586146
 -13.23713839   6.91620377 -17.48867393][ 17.47267205   6.69889821   6.86646967  21.1444166   11.70777874
 -21.01204043 -20.83623857  15.24407088 -26.37347554   0.91584145
  -5.59595622   3.1658788  -11.38427346][ 17.20064777   6.27126021   7.62371018  19.56601069   6.38980411
 -21.59315213 -23.9675466    5.3110191  -40.31187012  -3.16115009
  -4.84624796  -1.53798656 -16.11629238][ 16.75035811   6.41526706   8.37699585  17.2058573    5.77051755
 -17.71579009 -23.16884231   4.02850923 -30.11445888  -3.0113494
 -10.40147855  -7.45407837 -21.8936557 ][ 16.36892528  -1.40062225   4.95184887  24.4935225    0.46719962
 -10.30139346 -13.39170652 -12.70662228 -18.0707734   -9.8133049
 -19.62125754 -10.14693446 -22.97335987][ 17.47539233 -15.884621     4.02173871  32.56552142  -0.16058662
   1.72000016  -1.77041886 -20.29766071 -15.19758147 -12.39670744
 -15.83988261  -1.08195005 -10.34634794][ 17.99346198 -24.77777644  -0.96857808  23.87071327  -0.44441449
   0.70430002   2.3079107  -15.01298431 -12.1855535   -7.18795288
  -8.97322386  -1.52195636  -2.12081838][ 19.24903133 -34.8860671   -2.79682914  17.51021361 -14.16847362
  -3.25167574  -3.81157572 -15.31241161 -15.74134448   3.07845084
  -8.02552918  -7.99908793  -3.2488601 ][ 20.51325037 -41.19642673  -3.933764    20.02752874 -20.63813217
  -5.11948268  -0.21600359  -1.51177    -15.70365226  14.90059534
  -4.2211663   -3.9535984   -4.53185572][ 21.25415851 -39.86446601   1.62944396  23.85115143 -20.48939081
   0.39947837   1.81826942  13.64728839 -16.8029072   14.24337999
  -7.77086624   0.92001336  -0.97678358][ 21.59746519 -42.65444394  -1.85543211  26.59739846 -21.62968563
   1.22513115   1.41947103  14.38517081 -21.97055787  15.86197214
  -9.62714923  -3.02824216   4.29501633][ 21.45975664 -42.79036063  -2.9813364   28.94327786 -20.85386529
  -0.70887671  -1.7067107   15.93740682 -24.95600856  19.73327204
  -0.6873492   -1.57203366  -1.59017132][ 21.35956848 -41.29252481  -4.40821351  27.9959645  -21.35670802
   2.42960258  -7.34211939  16.10631685 -20.74155145  17.74306514
 -10.76656972  -2.89087836   0.88161654][ 21.0127485  -51.15001028 -11.38890625  24.26903071 -23.60016683
  -5.00755757 -13.25359404  23.15940279  -9.9829308   20.25521926
 -12.32535996   2.86844273   0.62508494][ 20.39104447 -44.15438483 -11.68410561  25.21828225 -13.13082679
   0.97157122  -9.2912863   13.38264283 -10.46255112  13.30114408
  -4.66786119   0.88560109   0.49978847][ 19.99538439 -37.83529671  -6.63494798  24.08557441 -14.49637015
  -2.11179957 -12.28686452  13.20752215 -15.27915094  14.2168583
  -5.84977796   0.59206431  -2.34015384][ 19.22411842 -34.50509559  -6.32794613  20.02939664  -7.94008673
   2.73445738  -3.12033748  13.88952427 -20.98061043  14.38886772
 -13.91806911   1.62072669   2.73143244][ 18.41731948 -42.55905224 -11.74136379  16.39841579  -6.83447541
  -0.39987301 -18.10343821  14.30960929 -18.42056533  18.29844249
  -8.80485413  -0.1336375   -2.25295194][ 17.57801103 -36.35378393 -13.59852579  10.89970079  -4.26309656
   0.9035127  -16.09494794  13.38037836 -14.94918482  17.24337346
 -17.67006736   0.55376157 -10.47305588][ 16.61805882 -29.71951327 -13.49576815   9.55652283  -2.92030056
   0.21665966  -9.84437645   9.54188737  -9.09511948  12.83485914
 -15.24258104   0.65951641  -7.38695688][ 16.29794458 -27.98707658 -16.86130887  14.57077001  -4.29066642
   6.61050204  -8.32615121   7.02472631  -3.78204412  13.63487221
 -14.55801043 -13.78370854  -7.85258932][ 16.04512959 -29.94058903 -23.50163812   9.44007402  -6.44944449
  14.27871877  -1.23558638   7.16011547  -1.20696601  16.14648559
  -8.13764116 -12.00801263  -7.15676086][ 15.6352764  -25.67778464 -19.69327298   9.79467644 -10.50209286
  11.82530011  -1.21613133  -5.13480837   1.4575815   19.83383154
  -5.05987714  -0.60906251   3.0217796 ][ 14.95434375 -22.13826405 -15.40549668  13.94807917  -9.0865135
   5.92843204   9.12791024   6.52577641   3.76648996   7.66874728
  -5.00738441   1.77100371   4.60588239][ 13.72078028 -16.40712057  -8.58092151  12.94064535   1.45435659
  14.4014       1.32882892  14.80119904   2.94627556  -2.76890747
   6.75152261   7.65202088 -14.9410817 ]