[ 18.28339839 -18.36512064 -14.5643486   37.43957875  11.45748467
  -6.92721607  -4.55322845  -5.58535419 -20.31072584   2.24721829
  -7.39488417  -9.1413937  -10.61291325][ 18.32685773 -11.73227347  -9.18600577  40.02695633   9.05024662
  -8.95159776  -5.45572327  -3.64731873 -19.7433523    1.46094568
 -11.33269189 -11.75931195 -11.7439038 ][ 18.40887197  -8.95243076  -6.45045818  40.95199738   7.37443567
 -12.33151799  -8.90593458  -5.62755356 -19.96879804   2.23387315
 -10.82089562 -12.65441093 -14.75179692][ 16.7419149   14.498455    16.10221324  28.37335774  -1.13767179
  -8.5441586   -5.57008194  -6.95083001  -8.39485394  -4.28634576
  -8.59321276  -9.22523066 -17.44639282][ 16.71832106  15.57726077  20.29943127  25.77246953   0.77374535
  -7.04823827  -5.049647    -5.82951062 -10.22475214  -3.56569655
  -6.88886798 -10.20137414 -10.57304901][16.5005352  16.23955933 22.76467557 24.74861017  6.9936382  -7.48481393
 -7.63389378 -6.85736584 -3.24787587 -8.10558797 -7.58664432 -8.30049249
 -8.20840653][ 16.1990571   15.56139677  26.24565871  24.17775071   7.15428372
  -6.99796172  -8.30297782  -6.04376472  -7.27522121  -4.16519755
  -5.98352851 -13.49170587  -1.33706055][ 15.88427212  15.97753161  24.13853718  19.35938719   3.55286516
  -4.20160014  -5.97533685  -4.2097809   -7.70151612  -7.32584441
  -2.80600965  -6.60658208 -10.30763508][ 18.59106193 -10.88299163   3.03403745  18.7671551   -8.94258467
  22.97484394  -7.33967488 -11.58068608   3.13805855 -11.25388553
 -19.53841162   0.46368901 -12.44355166][ 19.69205071 -11.49285958   1.25459127  20.05202778 -10.11684175
  11.64444959 -14.95850473 -15.37129315  -2.37318526   3.73552338
 -12.40652618  -2.97483422  -5.36109417][ 20.04360099  -9.80017392   3.56670501  21.74317604 -11.13486898
  -1.73400352 -28.15894881 -21.86337288  -5.43937944  -0.22985461
  -6.59379713  -2.47655872  -7.99276952][ 20.00637201  -3.77234734   3.12842078  18.87539954 -13.55516084
  -3.70139761 -27.76591817 -21.98459826  -1.30292998   2.0359066
  -0.05937538  -3.77579601 -10.98817953][ 19.64373795   0.74346507   2.56162301  14.51805135  -9.28562355
  -8.97378181 -26.68664568 -23.80315772  -1.87222657   3.73662424
   4.54237256  -0.65117646 -17.97509122][ 19.23141006   4.75345468  -0.94687426  10.22057033  -1.83649325
  -7.71887859 -29.23625332 -22.04925351  -4.19339974   4.00157818
   8.79783057   0.12875925 -13.44243357][ 18.56479976   2.75562886   3.3777854    8.43385612   6.37648063
 -11.5539406  -25.86282086 -22.63012553  -2.71199376   7.29797483
  13.29702489  -0.1583952  -18.51935879][ 17.86412758  -1.58448955   7.83351948   7.70698717   8.80897038
  -7.72697886 -22.57834924 -22.40867522  -3.574693     6.17264237
  13.88469778  -2.33634437 -22.64029204][ 17.15301961  -5.73124685  13.75125131  12.47925577   8.75183563
  -3.25172348  -8.94756337 -12.3607605  -11.7773914   -5.49189159
   7.49819239  -2.17312206 -14.91636882][ 16.60691485  -7.55662995  10.10327379  15.85303899  17.0036748
   5.66131282  -4.46626939 -13.7390451  -12.44135818  -2.35182125
  -2.70327803   0.22808518 -14.68275617][ 16.72776147  -8.36080516   4.14361254  10.19166895   5.82444482
   1.5348466   -5.8688706   -4.43425198   0.12495514   4.83307304
 -11.39096333  -4.00568499 -15.88976656][ 17.53383318 -10.93170187  -3.43182779   3.63095264  -0.0535887
  -2.99911354  -2.86882507  -3.54053325  -2.14530315   9.70664554
  -9.46218473  -4.12928882  -6.22773141][ 17.84802907 -12.84026035  -2.8395101    2.40500954   1.22074404
  -5.72148967  -2.95594763  -1.80715313  -3.00874581   7.61318281
  -7.97305651  -2.20015383  -8.59079356][ 17.92244116  -7.90666094  -0.0375141    1.17258655   4.8166762
   4.68371073  -2.64838277  -7.02756546 -12.34448005   4.61628148
  -2.35406151   2.35385985 -15.80374747][ 18.44413921   0.74854263   2.98054544   1.49505653  -7.9094392
  10.05131035  -4.32212438 -11.36777622  -2.73174244   0.68440859
   3.97050663  12.05928802 -24.11688974][ 19.64101854   9.43738368  -6.06189733   6.16612863 -22.96322817
   2.12021897 -19.89403566 -16.91549626  10.19230893  -7.21644013
  -3.29568136   3.26951595 -24.70756265][ 20.51663231  12.35071748 -15.73302264   0.76669424 -34.328182
   6.1064798  -24.29231492  -7.86480494   7.67543998  -6.74204343
  13.65454831  -1.29019695 -28.7956701 ][ 20.86297633  12.93082447 -18.92521938  -2.38302665 -33.53077568
  10.8016434  -27.65883185  -1.80563024   1.12052168  -2.25844598
  15.61923321  -4.62904614 -34.99075926][ 21.04323621   8.80572697 -13.0120693   -6.44809974 -31.57909053
  16.93438821 -21.65141933  -0.74180305   8.12217362  -4.54339584
  23.13444385 -14.05852639 -34.23472548][ 21.28237351   5.53566486 -14.50748343  -4.84465401 -37.0447581
  23.37711227 -20.03538995   0.70193458  12.16304353  -7.78327164
  20.53830952 -15.50219552 -32.58970338][ 21.47958223   4.86803953 -16.07248208  -7.33511988 -42.26338328
  29.93481056 -23.05254645   3.60176435   8.3511201  -15.83406803
  16.16217706 -11.86130769 -43.09120713][ 21.54071145   3.75065614 -19.60887065  -7.95121375 -40.56583279
  25.72632451 -19.58879971   0.8443891    6.53374631 -18.67609501
  19.13105563 -10.95276328 -43.1412147 ][ 21.42665589   3.24693619 -19.056185   -11.14747653 -32.00657288
  22.80509702 -14.03159523   1.00959687   4.2312544  -15.52762911
  18.85915438  -9.60612899 -45.5851718 ][ 21.41351559   4.79449063 -22.84847316  -9.49944065 -29.90209102
  23.83838364 -13.16095296   5.86313867  -1.93390671  -9.80953367
  17.87017407 -11.79493924 -42.11071747][ 21.34451785   5.13024914 -23.13907649  -9.93628467 -26.77485754
  21.42805021  -7.85340955   3.84493395  -2.28083301  -7.8417501
  14.41948711 -15.35601198 -38.50139856][ 21.29994941   5.89654286 -25.66220379  -9.20830798 -27.22666436
  17.92034724  -3.17135051  -3.40001011   3.06769043 -12.35886889
  12.5793914  -15.46219433 -40.91010954][ 21.1038075    6.42370357 -25.86817809  -5.51441728 -29.82658937
  22.29421957  -4.58745754  -0.67131661   2.11452467 -13.20825068
  12.17904464 -18.97117958 -37.56067908][ 20.7139468    6.60597092 -23.07394948  -4.13525309 -28.45114243
  25.46642108  -1.36382727   0.03667744   0.28167374 -11.32207654
  14.93755907 -18.92288359 -31.70141628][ 19.97605489   5.32243878 -17.53929469  -5.5471328  -21.84653961
  25.67933475  -0.35665604   1.3169552   -2.99023403 -11.40651884
  12.6462695  -23.28081624 -23.02936004][ 18.8233883    5.71308026 -11.68110295  -6.27515851 -12.33408351
  24.58342571   6.95432739   0.92798334 -10.63736126  -4.11210881
   6.3683262  -24.56006037 -14.30092727][ 17.70460702   1.2227534   -8.69930743   2.13162858 -12.01868256
  23.33567239   9.65348294  -0.94924029  -6.32111198   1.68868542
  -3.28244138 -21.71052805  -6.41989332][ 17.37533095  -1.73366582 -13.52165864   0.42780466 -14.57499975
  30.29099032  13.99880572   1.10026736   7.88878871   3.65277095
  -5.3100622  -13.99491857  -7.52842113][ 17.00196938  -3.55860834 -12.97943229   1.0369832  -15.10425718
  28.34217819  15.55496161  -1.44497758   9.28237254  -5.02284068
 -12.50125492  -6.93436024  -8.54916959][ 16.88945971  -4.84668272 -15.16366493  -3.39490523 -18.70895155
  24.1796288   20.59328463  -6.51807852  16.42627831   1.23998359
 -13.81618195   2.18070794  -2.95067632][ 16.62929532  -5.07870124 -14.73107522   2.43628171 -20.26682091
  25.17561671  23.4988399   -3.27194762  17.08629604   3.38425012
 -13.2922552   -1.93150535  -8.77842229][ 16.23930751  -8.98472443 -15.71271038   1.87474459 -16.01445258
  24.52627041  22.72949758  -9.19680771   2.96836303  -2.72389431
 -13.47466616   8.28096907   0.87393083][ 15.38174865  -7.90833879 -15.67307295  -3.96773859 -18.54294968
  20.30534867   9.26108459  -6.64184858   1.97122574  -3.73434171
 -12.42761492   1.32035976   2.43199324]