[ 14.20879081  -5.29515887 -10.0035053   15.75718042  11.45975007
  20.90969476  -8.0440623   -9.63492587  -8.60554403  26.51269012
  22.55988247  14.77407253  -5.42882226][ 17.73664507 -18.2185388  -12.97006543  33.55065452  17.06264253
  -3.16679131  -2.36547792  12.73206363   3.96415374   8.87683716
  14.51392953  20.52145866  -9.19104833][ 18.59480771 -19.00180779  -9.92526252  38.94836249  14.22660823
  -3.86443134   9.79097368  20.21616656  -3.95699361  11.46242891
  10.81416418   5.83562078  -5.43961023][ 18.58514209 -11.40153301   4.00381228  41.90806202   3.53583315
 -15.75414766   8.50419488  15.80999964 -10.18619577   0.66137436
  -1.31570139  -2.7141682   -0.62656767][ 19.22347361  -3.10782108   4.01344387  39.99939174 -17.43159713
 -12.31691086  -5.04321096 -27.05366744  -1.14147305  -6.77036472
 -19.4440323    3.02926224  -1.82181212][ 19.59986794  -0.7109572    0.48456568  38.06910827 -24.83498253
 -24.25546641 -17.34976254 -29.18714623  10.99409841 -20.55367143
 -29.52495047   3.58959916  -3.71926934][ 20.30566107   1.63640838  -6.3066891   33.78644117 -21.95078887
 -16.15514106  -9.50078219 -30.7614594    8.26856643 -24.17994202
 -11.92387908   5.82743581  -8.04231642][ 21.03388673  -1.65509415  -8.16640823  30.86504029 -26.86896892
 -18.44807422 -11.78022733 -24.98325906   8.93445833 -22.62038059
  -9.50138853   8.16372885 -10.5664038 ][ 21.29674327  -3.65397867 -14.09933619  23.98329173 -29.8086074
 -21.90567327 -16.76985291 -25.74091557  10.36431537 -31.53077329
 -11.11365609   2.82922055 -16.1817303 ][ 21.37911146  -4.59170226 -12.90322156  19.05137743 -23.31892339
 -17.30773086 -17.05074704 -15.47321607  12.22863997 -24.49846831
 -10.3402054   12.18369627 -16.47993036][ 21.39178119  -4.77156545 -11.51876129  16.40110635 -19.19776026
 -15.82040442 -13.48701995  -8.12934566  21.14264732 -20.40375456
 -11.71576181  13.05783994 -14.93304715][ 21.12830095  -6.26826967 -13.26642191  14.03814528 -25.30367693
 -21.27685219 -21.41684099 -10.87034691  19.01317265 -26.62015917
 -25.70741646   6.60232274 -17.22354098][ 20.80721308  -2.6850909  -14.80975866  15.98847426 -25.96133991
 -10.40812091 -21.49120737  -5.11165952  17.90782528 -21.39053416
 -22.74008389   5.06500032 -19.5611047 ][ 20.55041623   4.98690352 -25.30252799  20.31652886 -35.99275694
  -9.5703336  -19.82334304 -18.68965947  24.26789196 -31.66429497
 -12.87642692  -4.60933918 -27.36968124][ 20.34128253   8.0798186  -25.59244773  19.51069893 -35.79559208
  -2.78608114 -13.79168115 -20.55322712  27.30208252 -23.43853401
   3.3458264   -6.79488746 -26.15598615][ 20.09544097  10.98125282 -26.57457417  20.55061233 -35.13043413
   6.28749043  -8.09182371 -20.10348406  27.39814194 -16.34754498
   7.25483807  -2.5012136  -30.17085704][ 19.26798503  10.7526066  -14.7050139   12.32335597 -35.53803698
   5.43377091   0.07531738 -16.54264157   8.32235435 -14.11121619
  12.35117455   0.41452408 -30.12843097][ 18.64543434  12.49865321  -8.43879969   9.44070145 -32.26671285
   3.50865255   2.53913034 -11.23116427   5.89377885 -20.16425436
   7.15863566  -0.5171181  -24.56438186][ 18.28187502  13.05669722  -3.30877321  14.04096586 -36.03502989
  -2.6406513   -6.78805958  -8.83234837  10.70599529 -28.04172568
  -4.10891257  -7.44384352 -17.15566964][ 18.12338863  11.94621638  -1.15456136  21.74902713 -37.42746726
  -2.23584391  -9.27793126 -10.52785088   9.92569167 -26.53802146
   0.31159705 -16.3788587  -21.32252601][ 17.93694452  12.81004681  -2.99807921  28.32750923 -34.1386685
   1.16895337 -10.31004635 -14.81168208   6.02157961 -28.31887489
   7.14261561 -16.56479516 -22.91367521][ 17.78992677   9.97585136  -0.30559648  29.36312222 -29.29222529
  -0.45413507 -10.9777261  -11.28083057   3.0212699  -28.96287319
   9.09068284 -15.94940483 -18.71412256][ 17.52307209  12.02994829  -2.46079105  31.95098077 -28.69536792
  -0.94488524 -10.34609342  -2.87339305   0.31488629 -32.15677109
   8.8041788  -12.60173245 -17.99051092][ 17.26931339  11.31681048  -2.59723881  26.37407745 -23.78381726
  -3.37946981  -8.85432904   0.47519293  -4.23345955 -36.87107713
   8.60498365  -8.80863029 -17.65021184][ 17.21721004  11.30092453  -7.80325842  23.63328583 -21.02397983
   2.65513032  -9.25300273  -1.4352144   -6.26711349 -41.60069775
   8.95547491  -3.50704115 -19.01129711][ 17.27828842   9.60355079 -10.43709998  22.06568282 -21.23933523
   7.5262997  -17.71082181  -0.48382792  -4.72578378 -42.96340125
   4.63285345  -4.95285054 -13.11649645][ 17.11885915   9.74494517  -8.86447073  20.62309357 -18.80346865
  11.6185696  -20.45698454  -4.75181865   2.28846152 -47.983061
   3.12593351  -5.12452897  -7.89197744][ 16.76441196  10.86721656  -6.5659725   20.91195842 -14.77980256
  11.83885666 -25.13865257  -4.54453997   2.4842073  -46.34189506
   0.35896545  -6.84145086  -0.38087096][ 16.13240747  12.7002357    1.55199678  14.96373592  -7.65141036
  15.90679212 -28.68489687   1.88742408   1.75496094 -46.48198455
  -4.36896541  -0.15951902  -3.73637604][ 15.58502213  14.23939509   7.64330393  12.5729825   -6.45111776
  14.04662277 -19.25353018  12.73672703  -2.32750452 -38.71140897
  -7.14465399  -3.59254568   7.37288091][ 14.73076859  11.72544954   9.28415737   8.84862624  -1.19556305
  17.66194384  -6.83050396  13.25612574 -13.39092005 -24.83625242
 -12.40717827   8.32293398   1.09032643][ 13.92222884   5.95545247   7.46527541  12.49021508  -9.90001029
  18.60632546  -0.42082903   8.03138668  -8.33259404 -17.25955497
 -21.52567892  11.11964805  -1.79186089][ 13.12842801  -4.2354953   -2.94475558   4.52499651 -14.39266196
  23.29271909   4.9795042   14.12809611   5.32965558  -7.79868759
 -20.43669624   6.68122114  -6.43927348][ 12.10294088 -10.42828539  -3.44454717   5.47674545  -9.55932973
  20.79633715  -0.22120809   0.78614045   2.59791957  -7.13690151
  -8.50626612   4.30679355 -15.20185356][ 10.42485514  -6.2341553   -0.56826204   1.36779836  -7.14691861
   4.21234816  -4.03338704   1.44101936   9.51978576  -5.66141162
 -11.2568131    2.79931283 -11.41773073][ 15.29580832 -16.39845954 -24.60622561  25.96140058 -23.77828413
  -1.70187906  21.44229262 -18.70750714   0.99651733  10.15754227
 -11.33967716   0.2108614    8.77247694][ 16.38666585 -22.45157285 -22.1872903   12.31733547 -22.73204865
  -5.70557234  20.26261306 -11.28685264   0.08135039  14.19911559
  -7.94294833  -6.2693236    6.73366688][ 16.67176549 -29.08861852 -19.01986321   6.09630616 -23.27171553
  -9.78284746  17.3554006  -13.12846672  -1.80687389  11.28253786
  -7.97126002  -7.7116536    5.38034944][ 17.43375307 -37.31565491  -3.12348436  23.4250342  -10.9754693
  -5.40117804  18.5157505   -1.97361087  -3.87617106  11.46961969
 -15.92714841   3.10777029  -3.647424  ][ 18.62870703 -39.65499853  -3.64063303  24.58992476 -12.44385393
 -12.21199344  18.44380971  -2.99176805 -10.99033185   6.7342065
  -3.19874726   0.44904975  -3.52043837][ 19.24449174 -44.57613138 -12.53389876  20.94343246 -10.63823533
  -6.4358715   22.72007581 -10.98645172 -19.85443313  13.07795233
  15.70757302   5.64488793  -7.51816569][ 19.27319917 -38.97463557  -9.00960902  19.46352331 -10.05317583
 -14.75515898  15.69146083 -12.28164024 -17.94605503   0.95653438
   3.54017013  -3.72626007  -7.14776078][ 19.05763117 -34.40044217  -5.54916335  17.29265756  -5.66547249
 -14.18761798  18.24168798  -0.05877279 -10.96577268   5.32265148
   5.07516654   3.10965357 -10.35208633][ 19.4553534  -47.9177591  -19.1248081   16.82707365  -2.85543336
 -29.61265103   5.37046513  13.96979245  -2.81328398  -0.47874329
  -2.88567155   6.59352139  -1.23180021][ 19.34079423 -35.05525601 -13.9422938   20.2997136    5.08183719
 -23.58220017   1.61346521  14.40564525  -4.91923253  -5.72554907
  -6.36184187   0.30923861  -6.25297866][ 18.9414438  -34.72425454 -19.24738173  19.1591526   10.62944623
 -22.0183661   -1.05376851  11.36517661  -7.7960552   -8.34076903
  -6.97265739   0.95118366  -3.78247647][ 17.67258575 -22.76463425 -13.08562168  19.436654     7.65646034
 -14.27906597  -3.70697275  12.17849038   5.23627549  -8.69909905
  -5.76580026   5.46494873  -2.49101807][ 16.1322087  -16.78171599 -13.13705662  16.46422064   8.55834888
  -5.67478054 -11.88664417  15.98875689   6.7033866    2.85555225
 -12.78475127  11.62234433  12.6485496 ][ 14.57458733  -7.37343856 -10.70762122  19.26887602   7.89478605
   4.23739623 -10.64891211   4.1830747    9.14082139   4.77207337
 -10.42541869   4.75988915   7.60317069][ 13.5261277   -2.78674289  -1.50356068  18.29618899   9.6382094
   9.31154017 -14.00281298   6.9058171    8.35401096  -1.37976639
  -3.21496375   7.76641869  11.63745715][13.03137936 -4.34032839  4.34466764 20.82934559  4.68343336  2.86441745
  0.6437368  17.43509019  0.68300805 -0.7278305  -0.53107189  4.22840531
  8.45187974][ 13.9919811  -14.15852751   4.60202182  21.42305222  -6.91928929
  22.62741766  -1.94246277  12.83604396  13.21773727 -12.40465789
  11.44808492   6.23544797   0.68601386][ 13.96958371 -15.40852817   5.51016305  19.5326276  -15.15601539
  21.28616263  -3.04699114  15.39081544  17.37277939 -15.40683865
  14.60414523   6.03872757  -4.98503743]