[ 15.11616296 -22.97021407 -21.41250768  23.01493895  -0.4635685
 -18.98607918   0.47596552   6.54757227   7.922595     3.19102315
  -8.19877805   4.69603173  -5.65503221][ 16.55089376 -36.08631044 -18.14886994  19.62832454   1.21258048
 -16.62979534   2.2913289   15.30095601  11.66321735  -0.73712818
  -2.2614285   17.91801776  -3.10309517][ 17.70694369 -42.19009301 -16.15919179  25.50744861   1.76668166
 -12.44533129   4.32377544  23.79264173   3.0475896   -5.30804378
  -2.10357774  19.64160378  -7.19520002][ 18.68494668 -41.42096532 -16.11584542  26.01978678  -0.40983645
 -18.97294048   6.98978913   2.49031177  -5.13870373   0.79545485
 -13.97045208   2.52432859  -7.88571455][ 19.4417873  -46.08955347 -14.87995781  26.15698704   0.8698061
 -25.17732777   2.57417087   5.56461701  -8.57251736  -1.25559276
  -4.91440049  12.20269961  -2.41578772][ 20.22846898 -36.22156448 -11.34341635  22.83270259   1.07440534
 -21.63721566  11.06066254   4.78643039 -10.53526093   0.6447775
  -3.49431828   0.26559714 -10.88633552][ 20.72370605 -48.85087365 -15.55645371  26.54631429   0.55398855
 -28.98664902   9.33383018   8.64254883  -8.95234661   7.491049
  -0.19991646   2.45140008  -5.44093059][ 21.07222949 -43.9467937  -10.23526037  24.64683626   1.6410883
 -22.67476488  14.34875851   5.62090963 -15.80758956   8.51088802
  -0.46044322   3.59974995  -7.63368464][ 21.50683531 -45.73052298  -9.92916209  23.99967752  -1.75178435
 -26.35711134  12.94559478   4.64340863 -22.30033424   7.81653951
   0.82508869   1.50645381 -14.10140358][ 21.853466   -50.32750264  -8.75842028  26.15187836  -6.23339432
 -28.98010735   8.49707524   6.73954977 -17.17382691  10.7967722
   6.21048392  -0.30536399 -13.12288711][ 22.07584115 -34.67661552  -5.04567089  21.44025095  -6.81469677
 -20.14714511  17.47443721   6.09767337 -14.25815897  10.76654441
   0.63623089   0.64371553 -11.49462683][ 22.15590002 -44.53974507  -8.40378535  23.50392131  -7.19596143
 -23.36373837  14.10261606   2.36188225 -21.84521486   8.75768085
  -3.01858507  -0.05366809 -10.26528108][ 22.17574841 -42.10017364  -6.15395799  25.14969373  -4.27183417
 -22.04489234  15.21131261   5.17765786 -17.93431691  11.5933398
  -2.40119439   0.50993808  -5.90128495][ 21.93169112 -38.39136099  -6.10976243  22.13372301  -7.75945889
 -22.56426053  14.07099977   0.89229794 -19.08804384   5.73101157
  -4.08931406  -1.71146066  -7.12538436][ 22.03125327 -45.5214573   -9.93093781  24.81265831  -5.36855246
 -30.07534151  11.73428465  -2.56809374 -14.61305933   7.68908212
   0.234754    -5.07746441 -12.07708068][ 21.96387432 -40.66393537  -9.21751324  23.72898414  -7.91279171
 -26.31275734   8.24213887   0.1507502  -16.47849963   2.43852983
  -3.05660223  -7.33614156 -11.06456279][ 21.59821012 -36.75322708  -9.17496651  24.01143479  -4.19268752
 -17.53501632  10.39239567   7.45275174 -13.17622188   3.34071658
  -2.43939021  -5.89782472  -9.33599969][ 20.78156138 -23.23363179  -1.0170028   26.98126384  -8.26416011
 -18.56654713  -2.15472139   1.03633982 -20.75037392   1.63032639
   4.90242515   5.78923651  -6.01056   ][ 20.08797477  -9.94135424  -0.45029781  29.36149061  -8.6857885
 -25.18505169 -21.44903741 -12.00884944  -2.89146316  -7.50873111
  -4.00471358  -0.46231318 -12.30133016][ 20.48551474  -2.88178643 -10.91484523  26.5485497  -18.55292988
 -26.02938342 -32.11297881 -31.24277158  24.0168057  -18.15048122
  -2.7409654    5.9431221  -13.65851272][ 21.15289158  -1.39480414 -13.56110647  31.25907189 -25.08805658
 -25.38045406 -40.02890972 -32.83007094  33.91235925 -21.55409465
  -2.47834303   8.66779521 -16.23011492][ 21.4668008   -0.55548264 -15.71522865  28.72572222 -26.06708994
 -20.78529425 -41.19684851 -29.54971689  42.26239763 -13.52618894
   0.7531844   12.39935302 -17.04630442][ 21.58204925  -0.31241123 -18.10620764  26.65609015 -28.9289079
 -20.7308691  -44.07215409 -29.95933679  48.6034174  -13.32100366
   1.39261366   8.4347237  -15.61546764][ 21.40712825  -2.37086101 -13.70843336  18.79902668 -22.1552652
 -12.07453916 -37.07935596 -23.76162404  38.93918525  -3.30361498
   1.64068613   4.3244053  -14.16802758][ 21.28532928  -2.01357326 -16.64196147  23.46785611 -25.67358956
 -12.09637872 -41.88560535 -22.03556802  29.76691187  -4.11811316
  -2.2534889   -7.2295242  -16.87628784][ 21.3072314   -1.73520937 -17.59860918  19.90324194 -27.56700493
  -5.37080345 -41.43034688 -26.37740917  32.34033895 -12.32127984
   7.73054876  -7.3662683  -24.62384744][ 20.95376589  -0.46155522 -15.5610053   25.43201124 -27.17005031
  -3.25230379 -44.20512605 -26.51554542  29.8055775  -10.01132633
  11.30051651  -8.58353045 -23.3690169 ][ 20.19536036   0.55125348 -12.65927203  28.14285477 -24.23538599
  -0.42569096 -47.30243715 -27.71902926  22.70169873  -6.73496088
  10.34292752 -11.48025074 -25.71575033][ 18.95591449   2.91740616  -8.20558939  30.51214082 -16.93078202
   6.37240615 -44.20890299 -25.36928174  15.72274948 -10.98840445
  15.2536707   -8.56029375 -17.13828727][ 16.27115871  12.24145061   0.32127338  22.98964296  -5.63998832
   4.49260346 -24.61823374 -18.6843433   18.00191041 -11.72990713
   2.64331249  -8.69321994 -25.67372881][ 15.91078157  13.35881765   3.289741    24.44357497  -5.11700116
  -0.27804061 -29.52209175 -19.34249021  29.31581611 -11.99705366
   2.52138269 -12.49882567 -26.03908524][ 15.54956477  11.29435983   7.0387236   28.50602544  -7.86665585
   1.92236069 -27.52547202 -20.02123657  23.7531647   -5.58544599
   3.09821785 -14.56464323 -28.00502126][ 15.47478665  12.5870039    7.94919027  22.28691037  -8.59917145
   1.16785348 -19.96389828 -19.57709518  19.5358839   -6.92260379
   1.61460933 -12.76574911 -28.35025914][ 15.22273664  10.82280705  11.51700265  27.69189079  -4.66801029
   1.35758905 -21.18258849 -20.57627372  12.14877958 -12.8721927
   3.13558611  -8.44719537 -24.80231466][ 14.89135473   9.93092296  10.46343436  22.30579693   0.86243035
   3.85177108 -14.99983128 -19.21164811   8.78819467  -9.85531305
  -1.10404751  -9.619232   -21.50651561][ 17.68766514  -6.61537886  -6.82242879  11.92734394 -10.14718114
  13.60033386  -7.47445228   9.00542354  -7.03809569 -11.02428511
  -3.71020153  -6.3816766   -8.48424022][ 18.77398166  -3.24700681  -6.97898607  18.39862787 -12.56458671
   1.37371097 -26.52832363  -5.93668711  -5.88941742  -8.30866082
   5.74368727  -4.1163946   -9.20562469][ 19.31091272  -2.32702432  -9.44700721  15.65368396 -15.02267455
  -3.24768026 -35.33417553 -12.29933244  -0.24201727   3.44062957
   6.47925063  -7.15340311 -16.06973477][ 19.43182669  -0.06583233 -11.29133574  18.10091024 -13.18685875
  -3.40752055 -32.50365715  -6.57228365  10.05852185  12.25972092
   1.41670069 -10.6106556  -20.50871855][ 19.41360095   1.33904366 -14.69528872  16.29153406 -10.86515701
   1.26318914 -26.0191969   -2.71510307  10.85265433   9.32127133
  -6.26393383 -16.18267747 -22.63951225][ 19.2520388    2.91733878 -17.34527805  17.19504463 -10.20262934
   6.07722391 -21.30968865  -5.88058145  11.85845022   0.46633541
  -5.26757361 -21.14584387 -14.27174256][ 18.96446319   5.2584775  -17.9964392   14.86644485 -10.17108253
   8.38427953 -16.55619002  -7.67065799  11.77459088  -1.73917529
  -5.49209813 -24.07579318 -10.04131571][ 18.82171954   6.13788704 -17.7044532   14.79086258 -12.9705396
  12.29551245 -14.24242338 -12.70947094  13.32028334  -2.78628374
  -8.3415543  -19.99400153  -9.5994495 ][ 18.66308507   6.99080464 -17.85689271  14.52627974 -13.01938569
  12.89163134 -11.94677424 -14.51931904  12.00552403  -3.39504893
  -6.99440644 -20.9060818   -9.21446657][ 18.3722278    8.73371643 -17.71938202  14.38879989 -13.33157207
  12.88590536  -8.89569303 -18.61582638   8.04100959  -4.01636964
  -4.38341581 -21.48224063  -7.88507681][ 17.87695472  10.19676468 -15.94156489  15.18899055  -9.69961943
  13.35791626  -3.86647833 -17.57785229   4.70118637  -5.61327476
  -0.20673073 -19.72784177 -11.33423103][ 17.55867566   7.71162147  -9.85823547  17.77050501  -8.39569498
  15.31036248  -5.59675844 -17.77777431  -0.3125656  -14.768761
   4.95132748 -14.75984015 -10.33696232][ 17.39635742   6.82091806  -8.42375955  26.57787413  -7.66505903
  14.11365696  -3.90971637 -18.9277049   -5.96087779 -27.64041035
   8.81159905 -12.34933056  -2.99991757][ 17.3255959    4.45607177  -4.25536374  29.78530224  -1.99559149
  17.51998172  -8.50872136 -23.99181293 -13.7874563  -23.79512458
  10.38600096  -7.0044699   -1.98727275][ 17.27259998   4.39081644  -5.39991811  31.85380842  -3.57993447
  16.55784318  -6.70302079 -23.9711202  -14.92336014 -22.77961122
   8.74945002  -6.07697512  -3.27249635][ 17.12613988   4.72747683  -7.64831122  32.3538207   -3.79251389
  15.78122437  -9.37194007 -24.4831123  -11.55935388 -25.2236927
   9.13648262  -6.82489866  -5.00998611][ 16.95283157   4.84603306  -9.56070701  29.28200296  -2.58982799
  14.4478108   -8.18548763 -27.36244075  -8.81204023 -24.02179306
   9.3753729   -7.48064761  -6.49524739][ 16.81557754   2.41907746  -9.311717    28.17797347   3.31356441
  14.15247859  -7.58794569 -28.35876885  -9.62248589 -22.21881447
   9.49960861  -6.36625235  -7.61637856][ 16.6071068    2.90102933  -9.50201975  29.6866403   -1.92189899
  16.76239527  -5.42311884 -29.53976139  -8.66697236 -22.84466271
  10.52439682  -8.17603898  -7.05465902][ 16.35141055  -0.29112595  -4.46296684  31.05601719  -2.83165563
  18.29877394  -2.68686364 -32.57275699 -11.75130478 -28.21570412
  10.788188    -3.85719234  -2.94963848][ 16.15784087   1.54098646  -1.64859782  25.44381446 -10.18973194
  12.70738304  -2.15063542 -23.18960897  -7.62187232 -20.52808423
  12.01092754  -5.51667984  -6.35566398][ 16.01084589  -0.87769803  -1.12126536  27.67753735  -1.74859721
  15.24020206  -6.9344894  -21.62159868  -9.44892072 -20.95771992
   8.8331061   -3.1507542    0.27637618][ 15.77013075   1.13057517  -1.11242922  24.21080516  -5.06926902
  13.67536373  -6.71797939 -19.59416222  -2.76616702 -13.23408441
   6.76891916  -8.5223149   -6.31117072][ 15.06653631   1.39722694   4.2712292   28.49593195  -2.99586424
  15.176418    -1.45420759 -20.96141218 -12.21488676 -10.39699557
  -3.64977952  -4.34853274   0.38492211][ 14.95157691   2.192654     3.65276207  27.7922042   -3.78716752
  17.52427839  -2.50076851 -22.73323904  -9.40244706  -9.20875265
  -1.47855581  -5.37311753   0.78053607][ 14.22174799   4.1175868    2.64428864  22.63859094  -1.25226699
  17.70696929  -0.51335998 -17.94666992 -10.33042312  -9.84537012
  -8.52564972  -7.47181108   5.70754084]